461
40.000221 116.327077
39.999943 116.324746
40.000049 116.324766
40.001470 116.324615
40.001510 116.324392
40.001891 116.324652
40.004006 116.324471
40.004516 116.324363
40.005099 116.324094
40.007056 116.323997
40.006922 116.324022
40.007301 116.323484
40.007846 116.323967
40.007987 116.324588
40.008455 116.324041
40.009157 116.324048
40.009187 116.324356
40.009255 116.322932
40.009558 116.322843
40.009331 116.322282
40.009255 116.322386
40.009210 116.321290
40.008616 116.321862
40.008930 116.320720
40.009358 116.320940
40.009167 116.319731
40.009366 116.320725
40.009512 116.319870
40.009510 116.320137
40.009633 116.320676
40.009909 116.320617
40.009818 116.320551
40.009921 116.320529
40.009915 116.321012
40.009885 116.320809
40.010067 116.320886
40.010145 116.320620
40.010587 116.320794
40.010738 116.321138
40.010833 116.321484
40.010734 116.320979
40.010185 116.322226
40.009958 116.322393
40.009557 116.323154
40.009701 116.323268
40.009371 116.322571
40.009217 116.322603
40.009584 116.322474
40.009169 116.321930
40.009420 116.322267
40.009306 116.322003
40.009509 116.322172
40.009621 116.322028
40.009632 116.322184
40.009516 116.322956
40.009455 116.322699
40.009526 116.322709
40.009528 116.322358
40.009334 116.323086
40.009288 116.322550
40.009178 116.322790
40.009259 116.322953
40.009244 116.322811
40.008908 116.322747
40.008950 116.323792
40.008916 116.324229
40.008711 116.323864
40.008646 116.324254
40.008554 116.323704
40.008537 116.324203
40.008073 116.324338
40.008007 116.324153
40.007879 116.324420
40.007714 116.324538
40.007455 116.324593
40.007160 116.324185
40.007329 116.324267
40.007103 116.324855
40.007037 116.324212
40.006605 116.324413
40.006514 116.324155
40.006158 116.324515
40.006167 116.324125
40.005876 116.325014
40.005796 116.324521
40.005559 116.324317
40.005353 116.324086
40.005054 116.324134
40.004863 116.324791
40.004938 116.324871
40.004671 116.324881
40.004574 116.324426
40.004054 116.324235
40.003776 116.324670
40.003409 116.324507
40.003190 116.324142
40.002921 116.324372
40.003076 116.324792
40.003009 116.324772
40.002802 116.324890
40.002427 116.325153
40.002146 116.325291
40.001802 116.325356
40.001823 116.326141
40.001551 116.325404
40.001277 116.325239
40.001252 116.325258
40.000851 116.325099
40.000972 116.324873
40.000762 116.324757
40.000754 116.324336
40.000557 116.324879
40.000429 116.324554
40.000273 116.324512
40.000284 116.324674
40.000206 116.324724
39.999747 116.324253
39.999940 116.323601
39.999684 116.324641
39.999597 116.324706
39.999701 116.324331
39.999609 116.325407
39.999609 116.324769
39.999439 116.325569
39.999673 116.325559
39.999600 116.325733
39.999321 116.326062
39.999121 116.325664
39.999054 116.325487
39.999075 116.325734
39.999005 116.325586
39.998808 116.326262
39.998736 116.326397
39.998941 116.326249
39.998415 116.325761
39.998600 116.325644
39.998167 116.326477
39.998298 116.326674
39.998084 116.326909
39.998044 116.326581
39.998019 116.326197
39.997720 116.326136
39.997579 116.326501
39.997618 116.325882
39.997625 116.326607
39.997353 116.326535
39.997141 116.326686
39.996839 116.326540
39.996702 116.326139
39.996163 116.326481
39.996169 116.326966
39.995719 116.326677
39.995765 116.326870
39.995537 116.327079
39.995598 116.326163
39.995565 116.326630
39.995340 116.326598
39.995419 116.326994
39.995168 116.326693
39.995171 116.326982
39.994919 116.327069
39.994716 116.327256
39.994594 116.326821
39.994203 116.326699
39.994363 116.326933
39.994484 116.326542
39.993695 116.326322
39.993724 116.326289
39.993625 116.326100
39.993158 116.326358
39.993517 116.326688
39.993292 116.325790
39.993146 116.326204
39.992977 116.326511
39.992994 116.326702
39.993080 116.326856
39.992798 116.326405
39.992927 116.326730
39.992596 116.326480
39.992799 116.326621
39.992652 116.326351
39.992585 116.326749
39.992315 116.326311
39.992356 116.326122
39.992256 116.326473
39.991962 116.326167
39.991893 116.327068
39.991728 116.326996
39.991656 116.326471
39.991712 116.326933
39.991439 116.327624
39.991529 116.327454
39.991419 116.328568
39.991285 116.327358
39.991349 116.327896
39.991312 116.327742
39.991631 116.328820
39.991275 116.328901
39.991275 116.328565
39.991474 116.328593
39.991442 116.329116
39.991525 116.330247
39.991518 116.330195
39.991418 116.330332
39.991329 116.330167
39.991641 116.330721
39.991509 116.330922
39.991566 116.330413
39.991544 116.331355
39.991408 116.330795
39.991385 116.331195
39.991262 116.331322
39.990950 116.331770
39.991041 116.331768
39.991200 116.330992
39.991170 116.331437
39.991364 116.332011
39.991329 116.331828
39.991276 116.332137
39.991350 116.332320
39.991365 116.331668
39.991078 116.332399
39.991284 116.331969
39.991242 116.331643
39.991167 116.331963
39.991297 116.332084
39.991348 116.332337
39.991330 116.332215
39.991392 116.332922
39.991309 116.333137
39.991385 116.333158
39.991211 116.333214
39.991175 116.332505
39.991062 116.332320
39.990971 116.333725
39.990899 116.333516
39.990625 116.334149
39.990533 116.333639
39.990466 116.334297
39.990134 116.333365
39.990185 116.333794
39.989880 116.333535
39.989885 116.333692
39.989906 116.333751
39.989694 116.333730
39.989776 116.333369
39.989722 116.333999
39.989791 116.333703
39.989508 116.333270
39.989336 116.334359
39.989403 116.333925
39.989108 116.334894
39.989098 116.334469
39.989131 116.333835
39.988953 116.334360
39.988494 116.334031
39.988714 116.334354
39.988522 116.333947
39.988424 116.333691
39.988150 116.334319
39.988254 116.334224
39.987981 116.334512
39.987896 116.334018
39.988028 116.334345
39.987939 116.334214
39.987876 116.334823
39.987764 116.334250
39.987373 116.334368
39.987393 116.334850
39.987035 116.334386
39.987061 116.333970
39.986593 116.333641
39.986712 116.334461
39.986620 116.334169
39.986489 116.334605
39.986302 116.333826
39.986266 116.334521
39.986114 116.334402
39.986106 116.334261
39.985881 116.334180
39.985938 116.334472
39.985814 116.334827
39.985645 116.334209
39.985574 116.334839
39.985607 116.334858
39.985590 116.334600
39.985441 116.335215
39.984970 116.334420
39.984918 116.334789
39.984688 116.334556
39.984780 116.334547
39.984515 116.334460
39.984223 116.334355
39.983808 116.334784
39.983544 116.334633
39.983806 116.333836
39.983395 116.334348
39.983508 116.334341
39.983433 116.334398
39.983076 116.334901
39.983019 116.334628
39.982972 116.334258
39.982707 116.334328
39.982631 116.334704
39.982505 116.333969
39.982520 116.334745
39.982518 116.334505
39.982554 116.334119
39.982324 116.334831
39.982301 116.334392
39.982083 116.334800
39.981830 116.334342
39.981146 116.334260
39.981067 116.334535
39.981042 116.334905
39.980631 116.334666
39.980370 116.334940
39.980429 116.334585
39.980226 116.334658
39.980030 116.334391
39.979773 116.335179
39.979366 116.334920
39.979373 116.335116
39.979441 116.334791
39.979004 116.334525
39.979127 116.334570
39.978982 116.335369
39.978828 116.334529
39.978553 116.335780
39.978608 116.335654
39.978564 116.334596
39.978326 116.336014
39.977967 116.335067
39.977994 116.335384
39.977846 116.335544
39.977824 116.334623
39.977331 116.334980
39.977597 116.335447
39.977527 116.335229
39.977391 116.334908
39.977077 116.335737
39.977166 116.334869
39.977000 116.335801
39.977041 116.335811
39.976747 116.335453
39.976631 116.335188
39.976717 116.335404
39.976286 116.335641
39.976325 116.335470
39.976126 116.335754
39.976163 116.335554
39.976106 116.335705
39.976017 116.336018
39.975880 116.335313
39.975839 116.336048
39.975867 116.335789
39.976307 116.335845
39.976199 116.336213
39.976110 116.336435
39.976293 116.336199
39.976076 116.335730
39.976422 116.335422
39.976294 116.335564
39.976327 116.335783
39.976591 116.336149
39.976855 116.335332
39.976742 116.335961
39.976844 116.335255
39.976656 116.335631
39.976932 116.335320
39.977076 116.335779
39.977174 116.335335
39.976892 116.335487
39.977290 116.335195
39.977781 116.335142
39.977960 116.334357
39.978229 116.335008
39.978395 116.335682
39.978980 116.334837
39.979109 116.335163
39.979844 116.334712
39.979798 116.335277
39.979853 116.334386
39.980032 116.334730
39.980173 116.334903
39.980306 116.334872
39.980846 116.334117
39.981149 116.334589
39.981322 116.334869
39.981459 116.334746
39.981381 116.334801
39.981892 116.334503
39.982171 116.334857
39.982548 116.334421
39.982724 116.334058
39.983152 116.334751
39.983289 116.334601
39.983253 116.334451
39.983758 116.334499
39.984109 116.335106
39.983707 116.334885
39.984336 116.334011
39.984363 116.334567
39.984711 116.334157
39.984855 116.335122
39.984863 116.334494
39.985124 116.334641
39.985130 116.334962
39.985280 116.335089
39.985535 116.335056
39.985843 116.334590
39.985897 116.334339
39.986317 116.334396
39.986924 116.334465
39.986831 116.334250
39.987024 116.335556
39.987183 116.334733
39.987383 116.334203
39.987329 116.334574
39.987454 116.334714
39.987727 116.334373
39.988095 116.334545
39.988224 116.334483
39.988396 116.333413
39.989284 116.333828
39.989523 116.334115
39.990336 116.334167
39.990984 116.334536
39.991713 116.332812
39.991437 116.332727
39.991790 116.332911
39.991452 116.332591
39.991772 116.331361
39.991547 116.330777
39.991691 116.330290
39.991807 116.330120
39.991919 116.329665
39.991898 116.329251
39.991773 116.329030
39.991534 116.328227
39.991573 116.327952
39.991791 116.327939
39.991757 116.327021
39.991845 116.326886
39.991924 116.326795
39.992881 116.326988
39.992894 116.327168
39.993058 116.326362
39.993211 116.326605
39.993194 116.326763
39.993710 116.326707
39.994171 116.327043
39.995304 116.326447
39.996143 116.327331
39.997359 116.326757
39.997278 116.327006
39.997710 116.326711
39.998657 116.326615
39.998819 116.326888
39.999115 116.326322
39.999544 116.327244
