443
40.000117 116.326866
40.000342 116.327268
40.000187 116.326765
40.000044 116.327295
40.000170 116.326762
39.999989 116.326249
39.999829 116.326102
39.999747 116.326286
39.999809 116.325943
39.999617 116.325014
39.999685 116.325840
39.999741 116.325109
40.000053 116.325078
39.999780 116.324791
39.999904 116.324201
40.000096 116.324922
40.000144 116.323693
40.000753 116.324990
40.000808 116.324786
40.001091 116.324845
40.001169 116.324673
40.001012 116.324822
40.001309 116.324110
40.001574 116.324559
40.001571 116.325221
40.002018 116.324790
40.002053 116.323870
40.001967 116.324782
40.002083 116.324889
40.002998 116.324324
40.003049 116.324423
40.003558 116.324376
40.003551 116.324878
40.003667 116.324520
40.003720 116.324206
40.004542 116.323752
40.005030 116.323937
40.004978 116.324476
40.005332 116.324173
40.005971 116.324255
40.006403 116.324476
40.006703 116.324141
40.006718 116.324303
40.006899 116.324398
40.007274 116.323875
40.007318 116.323719
40.007483 116.324688
40.007750 116.324386
40.008324 116.323706
40.008383 116.324579
40.008473 116.324069
40.008609 116.324686
40.008778 116.323864
40.008969 116.323705
40.009129 116.323561
40.009652 116.324137
40.009734 116.323724
40.009603 116.322946
40.009369 116.322882
40.009384 116.322649
40.009281 116.321752
40.009209 116.320960
40.009288 116.321648
40.008957 116.321272
40.008875 116.321594
40.008938 116.320485
40.009230 116.321166
40.009538 116.320438
40.009415 116.320591
40.009599 116.320484
40.009316 116.319019
40.009383 116.320072
40.009185 116.320027
40.009463 116.319406
40.009526 116.320085
40.009502 116.320442
40.009343 116.320273
40.009563 116.320185
40.009969 116.320254
40.009844 116.320420
40.009959 116.320184
40.009839 116.320111
40.009998 116.320987
40.010189 116.320811
40.010534 116.321500
40.010765 116.321217
40.010817 116.321132
40.010950 116.321107
40.010724 116.321550
40.009938 116.323246
40.009855 116.322956
40.010038 116.322774
40.010127 116.322460
40.009691 116.322778
40.009609 116.323025
40.009465 116.322781
40.009240 116.322501
40.009452 116.322736
40.009454 116.322519
40.009425 116.322565
40.009608 116.322359
40.009535 116.322515
40.009396 116.322776
40.009414 116.321914
40.009459 116.322440
40.009548 116.322631
40.009563 116.322374
40.009405 116.321958
40.009610 116.321891
40.009530 116.322436
40.009673 116.322398
40.009601 116.322374
40.009379 116.322666
40.009241 116.322473
40.009183 116.323421
40.009292 116.323707
40.009349 116.323521
40.008977 116.323589
40.008793 116.323768
40.008519 116.324158
40.008427 116.324045
40.008175 116.323181
40.008120 116.324144
40.007852 116.324150
40.007656 116.324487
40.006779 116.323605
40.006474 116.323935
40.006453 116.323563
40.005799 116.324583
40.005690 116.324017
40.005364 116.325001
40.005368 116.324298
40.005175 116.324302
40.004425 116.324634
40.004535 116.325055
40.003802 116.324114
40.003936 116.324177
40.003638 116.324425
40.003496 116.324177
40.003242 116.323837
40.003122 116.324651
40.003338 116.324246
40.002613 116.324621
40.002657 116.324724
40.002314 116.325039
40.002032 116.324836
40.002137 116.324705
40.001951 116.326001
40.001771 116.325507
40.001758 116.325449
40.001558 116.325712
40.001643 116.325273
40.001586 116.325271
40.001556 116.325359
40.001263 116.325635
40.001156 116.325204
40.000667 116.324491
40.000711 116.324777
40.000798 116.324591
40.000544 116.324506
40.000525 116.324254
40.000288 116.324470
39.999904 116.324136
39.999677 116.324695
39.999675 116.324906
39.999489 116.326029
39.999595 116.326006
39.999500 116.326001
39.999197 116.326069
39.999134 116.325702
39.999008 116.326048
39.998918 116.325590
39.998531 116.326571
39.998220 116.326769
39.997822 116.326413
39.997869 116.325525
39.997355 116.326826
39.997131 116.327349
39.996807 116.326725
39.996410 116.326680
39.996458 116.326709
39.996222 116.326418
39.996089 116.326890
39.995901 116.327192
39.995961 116.326979
39.995711 116.326790
39.995629 116.326794
39.995768 116.326418
39.995260 116.326366
39.995006 116.326535
39.994754 116.327116
39.994685 116.326712
39.994424 116.326423
39.994285 116.326434
39.994124 116.326250
39.993868 116.326172
39.993239 116.325597
39.992927 116.326500
39.993093 116.327069
39.992733 116.326560
39.992596 116.327090
39.992765 116.326957
39.992330 116.325962
39.992335 116.325908
39.992307 116.326229
39.992117 116.326423
39.992446 116.326820
39.992091 116.326280
39.992141 116.326785
39.991953 116.326753
39.991758 116.327225
39.991588 116.327117
39.991694 116.326957
39.991422 116.327945
39.991446 116.328418
39.991160 116.327495
39.991045 116.328079
39.991093 116.328250
39.991264 116.328653
39.991663 116.328115
39.991643 116.328199
39.991426 116.329371
39.991713 116.329339
39.991435 116.329364
39.991606 116.329939
39.991623 116.329791
39.991483 116.329958
39.991587 116.330265
39.991430 116.330360
39.991495 116.330946
39.991330 116.331143
39.991395 116.331502
39.991270 116.331667
39.991212 116.331120
39.991372 116.331557
39.991243 116.332267
39.991443 116.331916
39.991257 116.331982
39.991081 116.331804
39.991406 116.332639
39.991395 116.332605
39.991079 116.332616
39.991384 116.333628
39.990921 116.333375
39.990870 116.333448
39.990753 116.333870
39.990695 116.333573
39.990530 116.333894
39.990368 116.333362
39.990090 116.333557
39.990056 116.333525
39.989738 116.333796
39.989718 116.333834
39.989724 116.333586
39.989505 116.333691
39.989690 116.333754
39.989499 116.333965
39.989501 116.334125
39.989063 116.334848
39.988784 116.334392
39.988775 116.334651
39.988572 116.333359
39.988469 116.333843
39.988391 116.334394
39.988064 116.334115
39.987981 116.333707
39.987880 116.333950
39.987755 116.333918
39.987721 116.333785
39.987314 116.334208
39.987119 116.334335
39.986559 116.334534
39.986436 116.334317
39.986307 116.334279
39.986307 116.334098
39.986053 116.334712
39.986039 116.334466
39.984522 116.334758
39.984479 116.334331
39.984511 116.334516
39.984504 116.334556
39.984470 116.334214
39.984537 116.334834
39.984036 116.334447
39.983897 116.334790
39.983929 116.335001
39.983623 116.334217
39.983547 116.334030
39.982980 116.334458
39.982769 116.334348
39.982480 116.334558
39.982521 116.335142
39.982149 116.334123
39.982153 116.334941
39.982043 116.334649
39.981824 116.334722
39.981437 116.334762
39.980777 116.335117
39.980429 116.334887
39.980193 116.334312
39.980071 116.334256
39.980096 116.334498
39.979086 116.334829
39.979082 116.335327
39.978852 116.335312
39.977962 116.335327
39.977951 116.335092
39.977446 116.335380
39.977154 116.334694
39.976955 116.335343
39.976822 116.334781
39.976592 116.334824
39.976657 116.335308
39.976470 116.335359
39.976426 116.335361
39.976299 116.335813
39.976135 116.335469
39.976217 116.335610
39.976027 116.335768
39.975893 116.335534
39.975994 116.336182
39.976125 116.336422
39.976270 116.335874
39.976053 116.336128
39.976547 116.336268
39.976667 116.334973
39.976730 116.335689
39.977356 116.335600
39.977472 116.335371
39.977540 116.335343
39.977579 116.335637
39.977759 116.335451
39.978689 116.335175
39.978810 116.334557
39.978948 116.335131
39.979008 116.335201
39.979550 116.335215
39.979689 116.334502
39.980106 116.334536
39.980157 116.334587
39.980623 116.334005
39.980713 116.334999
39.980941 116.334624
39.981248 116.334501
39.981719 116.334444
39.981865 116.334724
39.981996 116.334816
39.982183 116.334037
39.982680 116.334809
39.982708 116.334401
39.983053 116.334252
39.983210 116.334417
39.983438 116.334291
39.983989 116.334099
39.984326 116.334800
39.985423 116.334701
39.985444 116.333866
39.985902 116.334709
39.986022 116.334758
39.986137 116.335174
39.985974 116.333741
39.986413 116.334657
39.986916 116.335375
39.987092 116.334143
39.987319 116.334646
39.987384 116.334772
39.987772 116.334856
39.987826 116.335012
39.987878 116.334020
39.988065 116.334337
39.988312 116.334557
39.988343 116.333837
39.988493 116.334658
39.988348 116.334186
39.988817 116.333902
39.988855 116.333901
39.989470 116.334098
39.989433 116.334057
39.990532 116.334564
39.990704 116.333942
39.990988 116.334332
39.991057 116.334568
39.991427 116.334774
39.991599 116.334197
39.991689 116.333762
39.991863 116.333638
39.991886 116.333521
39.991860 116.333128
39.991747 116.332698
39.991771 116.332535
39.991646 116.331841
39.991648 116.332607
39.991706 116.331746
39.991616 116.330767
39.991724 116.330841
39.991545 116.330623
39.991752 116.330760
39.991918 116.330107
39.991763 116.330626
39.991737 116.329910
39.991884 116.329618
39.991813 116.329226
39.992031 116.329167
39.991639 116.328244
39.991777 116.327774
39.991840 116.327722
39.991844 116.327725
39.991803 116.327079
39.991550 116.327472
39.991608 116.326614
39.991625 116.327500
39.992017 116.327259
39.991953 116.327475
39.992151 116.326796
39.992293 116.327168
39.993225 116.326924
39.993366 116.326335
39.994073 116.327326
39.994829 116.326331
39.995490 116.326419
39.995531 116.326797
39.995464 116.326944
39.995672 116.326825
39.996012 116.326993
39.996396 116.326969
39.996499 116.325594
39.996867 116.326723
39.997025 116.326173
39.997207 116.326745
39.997504 116.326351
39.997788 116.326912
39.997812 116.327110
39.998115 116.326785
39.999037 116.327028
39.999171 116.326891
39.999238 116.327324
39.999626 116.326966
39.999452 116.327348
39.999606 116.327065
39.999851 116.326942
39.999914 116.327312
39.999885 116.327712
39.999890 116.328218
