5000 5000
0 312 0 312
312 625 0 312
0 312 312 625
0 312 625 937
312 625 312 625
625 1250 0 625
312 625 625 937
0 625 937 1250
0 625 1250 1875
0 625 1875 2500
625 1250 625 1250
1250 2500 0 1250
625 1250 1250 1875
625 1250 1875 2500
0 1250 2500 3750
1250 1875 1250 1875
1875 2500 1250 1875
1250 1875 1875 2500
1250 1875 2500 3125
1250 1875 3125 3750
1875 2500 1875 2500
2500 5000 0 2500
1875 2500 2500 3125
1875 2500 3125 3750
0 2500 3750 5000
2500 3750 2500 3750
3750 5000 2500 3750
2500 3750 3750 4375
2500 3750 4375 5000
3750 5000 3750 4375
3750 5000 4375 5000

