0 0
1 0
2 0
3 0
4 0
5 0
6 0
7 0
8 0
9 0
10 0
11 0
12 0
13 0
14 0
15 0
16 0
17 0
18 0
19 0
20 0
21 0
22 0
23 0
24 0
25 0
26 1
27 2
28 3
29 4
29 5
29 6
29 7
29 8
30 9
31 10
32 11
33 12
34 13
35 14
36 15
36 16
36 17
36 18
37 19
38 20
39 21
40 22
41 23
42 24
43 25
44 26
45 27
46 28
47 29
48 30
49 31
50 32
51 33
52 34
53 35
54 36
55 37
56 38
57 39
58 40
59 41
60 42
61 43
62 44
63 45
64 46
65 47
66 48
67 49
68 50
69 51
70 52
71 53
72 54
73 55
74 56
75 57
76 58
77 59
78 60
79 61
80 62
81 63
81 64
82 65
83 66
84 67
85 68
86 69
87 70
88 71
89 71
90 71
91 72
92 72
93 73
94 74
95 75
95 76
96 77
97 78
98 79
99 80
100 80
101 80
102 80
103 80
104 80
105 80
106 80
107 80
108 80
109 81
110 81
111 82
112 82
113 83
113 84
114 85
115 85
116 85
117 85
118 85
119 86
120 87
121 87
122 87
123 88
123 89
123 90
124 91
125 92
125 93
125 94
125 95
125 96
125 97
126 98
127 99
128 100
129 101
129 102
129 103
130 104
130 105
130 106
130 107
130 108
130 109
130 110
130 111
131 112
131 113
131 114
131 115
131 116
131 117
131 118
131 119
131 120
131 121
131 122
132 123
133 124
133 125
133 126
134 127
134 128
134 129
134 130
134 131
134 132
134 133
134 134
135 135
136 136
136 137
136 138
137 139
137 140
137 141
137 142
137 143
137 144
137 145
137 146
137 147
137 148
137 149
137 150
137 151
137 152
137 153
137 154
137 155
137 156
137 157
137 158
137 159
137 160
137 161
137 162
137 163
137 164
137 165
137 166
137 167
137 168
137 169
137 170
137 171
137 172
137 173
137 174
137 175
137 176
137 177
137 178
138 179
138 180
138 181
138 182
138 183
138 184
138 185
138 186
138 187
138 188
138 189
138 190
138 191
138 192
139 193
139 194
139 195
139 196
139 197
140 198
140 199
140 200
140 201
140 202
140 203
140 204
140 205
140 206
140 207
140 208
140 209
140 210
140 211
140 212
140 213
140 214
140 215
140 216
140 217
140 218
140 219
140 220
140 221
140 222
140 223
140 224
140 225
140 226
140 227
140 228
140 229
140 230
140 231
140 232
140 233
140 234
140 235
140 236
140 237
140 238
140 239
140 240
140 241
140 242
141 243
142 244
143 245
144 246
145 247
146 248
147 249
148 250
149 251
150 252
151 253
152 254
153 255
154 256
155 257
156 258
157 259
158 260
159 261
160 262
161 263
162 264
163 265
164 266
165 267
166 268
167 269
168 270
169 271
170 272
171 273
172 274
173 275
174 276
175 277
176 278
177 279
178 280
179 281
180 282
181 283
181 284
181 285
182 286
182 287
182 288
183 289
184 290
185 291
186 292
187 293
188 294
189 295
190 296
191 297
192 298
193 299
194 300
195 301
196 302
197 303
198 304
199 305
200 306
201 307
202 308
203 309
204 310
205 311
206 312
207 313
208 314
209 315
210 316
211 317
212 318
213 319
214 320
215 321
216 322
217 323
218 324
219 325
220 326
221 327
222 328
223 329
224 330
225 331
226 332
227 333
228 334
229 335
230 336
231 337
232 338
233 339
234 340
235 341
236 342
237 343
238 344
239 345
240 346
241 347
242 348
243 349
244 350
245 351
246 352
247 353
248 354
249 355
250 356
251 357
252 358
253 359
254 360
255 361
256 362
257 363
258 364
259 365
260 366
261 367
262 368
263 369
264 370
265 371
266 372
267 373
268 374
269 375
270 376
271 377
272 378
273 379
274 380
274 381
274 382
274 383
274 384
274 385
274 386
274 387
274 388
274 389
274 390
274 391
274 392
274 393
275 394
275 395
275 396
275 397
275 398
275 399
275 400
275 401
276 402
277 403
278 404
279 404
280 405
281 406
282 407
283 408
284 409
285 410
285 411
285 412
285 413
286 414
287 415
288 416
288 417
289 418
290 419
291 420
291 421
292 422
293 423
294 424
295 425
295 426
296 427
296 428
296 429
296 430
297 431
297 432
297 433
297 434
298 435
299 436
299 437
299 438
299 439
299 440
299 441
299 442
299 443
299 444
300 445
301 446
302 447
303 448
304 449
305 450
306 451
307 452
308 453
309 454
310 455
311 456
312 457
313 458
314 459
315 460
316 461
317 462
318 463
319 464
320 465
321 466
322 467
323 468
324 469
325 470
326 471
327 472
328 473
329 474
330 475
331 476
332 477
333 478
334 479
335 480
336 481
337 482
338 483
339 484
340 485
341 486
342 487
343 488
344 489
345 490
346 491
347 491
348 492
349 493
350 494
351 495
352 496
353 497
354 498
355 499
356 500
357 501
358 502
359 503
360 504
361 505
362 506
363 507
364 508
365 509
366 510
367 511
368 512
369 513
370 514
371 515
372 516
373 517
374 518
375 519
376 520
377 521
378 522
379 523
380 524
381 525
382 525
383 525
384 525
385 525
386 525
387 525
388 525
389 525
390 525
391 525
392 525
393 525
394 525
395 525
396 525
397 525
398 526
399 526
400 526
401 526
402 527
403 528
404 529
405 530
406 531
407 532
407 533
408 534
409 535
410 536
411 537
412 538
413 539
414 540
415 541
416 542
417 543
418 544
419 545
420 546
421 547
422 548
423 549
424 550
425 551
426 552
427 553
428 554
429 555
430 556
431 557
432 558
433 559
434 560
435 561
436 562
437 563
438 564
439 565
440 566
441 567
442 568
443 569
444 570
445 571
446 572
447 573
448 574
449 575
450 576
451 577
452 578
453 579
454 580
455 581
456 582
457 583
458 584
459 585
460 586
461 587
462 588
463 588
464 588
465 588
466 589
467 589
468 589
469 589
470 589
471 589
472 589
473 589
474 589
475 589
476 589
477 589
478 589
479 589
480 589
481 589
482 589
483 589
484 589
485 589
486 589
487 589
488 589
489 589
490 589
491 589
492 589
493 589
494 589
495 589
496 589
497 590
498 591
499 592
500 593
501 594
502 595
503 596
504 597
505 598
506 599
507 600
508 601
509 602
510 603
511 604
512 605
513 606
514 607
515 608
516 609
517 610
518 611
519 612
520 613
521 614
522 615
523 616
524 617
525 618
526 619
527 620
528 621
529 622
530 623
531 624
532 625
533 626
534 627
535 628
536 629
537 630
538 631
539 632
540 633
541 634
542 634
543 634
544 634
545 635
546 635
547 635
548 635
549 635
550 635
551 635
552 635
553 635
554 635
555 635
556 635
557 635
558 635
559 635
560 635
561 635
562 635
563 635
564 635
565 635
566 635
567 635
568 635
569 635
570 635
571 635
572 635
573 635
574 635
575 635
576 635
577 635
578 635
579 635
580 635
581 635
582 635
583 635
584 635
585 635
586 635
587 635
588 635
589 635
590 635
591 635
592 635
593 635
594 635
595 635
596 635
597 635
598 635
599 635
600 635
601 635
602 635
603 635
604 635
605 635
606 635
607 635
608 635
609 635
610 635
611 635
612 635
613 635
614 635
615 635
616 635
617 635
618 635
619 635
620 635
621 635
622 635
623 635
624 635
625 635
626 635
627 635
628 635
629 635
630 635
631 635
632 635
633 635
634 635
635 635
636 635
637 635
638 635
639 635
640 635
641 635
642 635
643 635
644 635
645 635
646 635
647 635
648 635
649 635
650 635
651 635
652 635
653 635
654 635
655 635
656 635
657 635
658 635
659 635
660 635
661 635
662 635
663 635
664 635
665 635
666 635
667 635
668 635
669 635
670 635
671 635
672 635
673 635
674 635
675 635
676 635
677 635
678 635
679 635
680 635
681 635
682 635
683 635
684 635
685 635
686 635
687 635
688 635
689 635
690 635
691 635
692 635
693 635
694 635
695 635
696 635
697 635
698 635
699 635
700 635
701 635
702 635
703 635
704 635
705 635
706 635
707 635
708 635
709 635
710 635
711 635
712 635
713 635
714 635
715 635
716 635
717 635
718 635
719 635
720 635
721 635
722 635
723 635
724 635
725 635
726 635
727 635
728 635
729 635
730 635
731 635
732 635
733 635
734 635
735 635
736 635
737 635
738 635
739 636
740 637
741 638
742 639
743 640
744 641
745 642
746 643
747 644
748 645
749 646
750 647
751 648
752 649
753 650
754 651
755 652
756 653
757 654
758 654
759 654
760 654
761 654
762 654
763 654
764 655
765 656
766 657
767 658
768 659
769 660
770 661
771 662
772 663
773 664
774 665
775 665
776 666
777 667
778 667
779 668
780 669
781 670
782 670
783 671
784 672
784 673
785 674
785 675
785 676
785 677
786 678
786 679
786 680
786 681
786 682
786 683
786 684
786 685
786 686
786 687
786 688
787 689
788 690
789 691
790 692
791 693
792 693
793 694
793 695
793 696
794 697
795 698
795 699
795 700
795 701
795 702
795 703
795 704
795 705
795 706
795 707
795 708
795 709
795 710
795 711
795 712
795 713
795 714
795 715
795 716
795 717
795 718
795 719
795 720
795 721
795 722
795 723
795 724
795 725
795 726
795 727
795 728
795 729
795 730
795 731
795 732
795 733
795 734
795 735
795 736
795 737
795 738
795 739
795 740
795 741
795 742
795 743
795 744
795 745
795 746
795 747
795 748
795 749
795 750
795 751
795 752
795 753
795 754
795 755
795 756
795 757
795 758
795 759
795 760
795 761
795 762
795 763
795 764
795 765
795 766
795 767
795 768
795 769
795 770
795 771
795 772
795 773
795 774
795 775
795 776
795 777
796 778
796 779
796 780
796 781
796 782
796 783
796 784
796 785
796 786
796 787
796 788
796 789
796 790
796 791
796 792
796 793
796 794
797 795
798 796
799 797
800 798
801 799
802 800
803 801
804 802
805 803
806 804
807 805
807 806
807 807
807 808
808 809
809 810
810 811
811 812
812 813
813 813
814 813
815 813
816 814
816 815
816 816
817 817
818 818
819 819
820 820
821 821
821 822
822 823
823 824
824 825
825 826
826 827
826 828
826 829
826 830
826 831
827 832
828 832
829 832
830 832
831 832
832 833
833 833
834 834
835 835
836 836
837 837
838 837
839 838
840 839
840 840
840 841
841 842
841 843
841 844
841 845
841 846
841 847
841 848
841 849
841 850
841 851
841 852
841 853
841 854
841 855
841 856
841 857
841 858
841 859
841 860
841 861
841 862
841 863
841 864
841 865
842 866
842 867
842 868
842 869
843 870
843 871
843 872
843 873
843 874
843 875
843 876
843 877
843 878
843 879
843 880
843 881
843 882
843 883
843 884
843 885
843 886
843 887
843 888
843 889
843 890
843 891
843 892
843 893
843 894
843 895
843 896
843 897
843 898
843 899
843 900
843 901
843 902
843 903
843 904
843 905
843 906
843 907
843 908
843 909
843 910
843 911
843 912
843 913
843 914
843 915
843 916
843 917
843 918
843 919
843 920
843 921
843 922
843 923
843 924
843 925
843 926
843 927
843 928
843 929
843 930
843 931
843 932
843 933
843 934
843 935
843 936
843 937
843 938
843 939
843 940
843 941
843 942
843 943
843 944
843 945
843 946
843 947
843 948
843 949
843 950
843 951
843 952
843 953
843 954
843 955
843 956
843 957
843 958
843 959
843 960
843 961
843 962
843 963
843 964
843 965
843 966
843 967
843 968
843 969
843 970
843 971
843 972
843 973
843 974
843 975
843 976
843 977
843 978
843 979
843 980
843 981
843 982
843 983
843 984
843 985
843 986
843 987
843 988
843 989
843 990
843 991
843 992
843 993
843 994
843 995
843 996
843 997
843 998
843 999
843 1000
843 1001
843 1002
843 1003
843 1004
843 1005
843 1006
843 1007
843 1008
843 1009
843 1010
843 1011
843 1012
843 1013
843 1014
843 1015
843 1016
843 1017
843 1018
843 1019
843 1020
843 1021
843 1022
843 1023
843 1024
843 1025
843 1026
843 1027
843 1028
843 1029
843 1030
843 1031
843 1032
843 1033
843 1034
843 1035
843 1036
843 1037
843 1038
843 1039
843 1040
843 1041
843 1042
843 1043
843 1044
843 1045
843 1046
843 1047
843 1048
843 1049
843 1050
843 1051
843 1052
843 1053
843 1054
843 1055
844 1056
845 1057
846 1058
847 1059
848 1060
849 1061
850 1062
851 1062
852 1063
853 1063
854 1064
855 1065
856 1065
857 1065
858 1065
859 1065
860 1065
861 1065
862 1065
863 1066
864 1066
865 1066
866 1066
867 1066
868 1066
869 1066
870 1066
871 1067
872 1068
873 1068
874 1068
875 1068
876 1068
877 1068
878 1068
879 1068
880 1068
881 1068
882 1068
883 1068
884 1068
885 1068
886 1068
887 1068
888 1068
889 1068
890 1069
891 1070
892 1070
893 1070
894 1070
895 1070
896 1070
897 1070
898 1070
899 1070
900 1070
901 1070
902 1070
903 1070
904 1070
905 1070
906 1070
907 1071
907 1072
908 1073
909 1074
910 1075
911 1075
912 1076
913 1076
914 1076
915 1076
916 1076
917 1076
918 1076
919 1076
920 1076
921 1076
922 1076
923 1076
924 1077
925 1078
926 1079
927 1079
928 1079
929 1079
930 1079
931 1079
932 1079
933 1079
934 1079
935 1079
936 1079
937 1079
938 1079
939 1079
940 1079
941 1079
942 1079
943 1079
944 1079
945 1079
946 1079
947 1079
948 1079
949 1079
950 1079
951 1079
952 1079
953 1079
954 1079
955 1079
956 1080
957 1081
958 1081
959 1081
960 1081
961 1081
962 1081
963 1082
964 1082
965 1082
966 1082
967 1082
968 1082
969 1082
970 1082
971 1082
972 1082
973 1082
974 1082
975 1082
976 1082
977 1082
978 1082
979 1082
980 1082
981 1082
982 1082
983 1082
984 1082
985 1082
986 1082
987 1082
988 1082
989 1082
990 1082
991 1082
992 1082
993 1082
994 1082
995 1082
996 1082
997 1082
998 1082
999 1082
1000 1082
1001 1082
1002 1082
1003 1082
1004 1082
1005 1082
1006 1082
1007 1082
1008 1082
1009 1082
1010 1082
1011 1082
1012 1082
1013 1082
1014 1082
1015 1082
1016 1082
1017 1082
1018 1082
1019 1082
1020 1082
1021 1082
1022 1082
1023 1082
1024 1082
1025 1082
1026 1082
1027 1082
1028 1082
1029 1082
1030 1082
1031 1082
1032 1082
1033 1082
1034 1082
1035 1082
1036 1082
1037 1082
1038 1083
1039 1084
1040 1085
1041 1086
1042 1087
1043 1088
1044 1088
1045 1088
1046 1088
1047 1088
1048 1088
1049 1088
1050 1089
1050 1090
1050 1091
1050 1092
1050 1093
1051 1094
1051 1095
1051 1096
1051 1097
1051 1098
1051 1099
1051 1100
1051 1101
1051 1102
1052 1103
1052 1104
1052 1105
1052 1106
1052 1107
1053 1108
1053 1109
1053 1110
1054 1111
1054 1112
1054 1113
1054 1114
1054 1115
1054 1116
1054 1117
1054 1118
1054 1119
1054 1120
1054 1121
1055 1122
1056 1123
1057 1124
1058 1125
1059 1126
1060 1127
1061 1128
1062 1129
1063 1130
1064 1131
1065 1132
1066 1133
1067 1134
1067 1135
1068 1136
1068 1137
1068 1138
1069 1139
1070 1140
1070 1141
1070 1142
1071 1143
1071 1144
1071 1145
1071 1146
1071 1147
1071 1148
1071 1149
1071 1150
1071 1151
1071 1152
1071 1153
1071 1154
1071 1155
1071 1156
1071 1157
1071 1158
1071 1159
1071 1160
1071 1161
1071 1162
1071 1163
1071 1164
1071 1165
1071 1166
1071 1167
1071 1168
1071 1169
1071 1170
1071 1171
1071 1172
1071 1173
1071 1174
1071 1175
1071 1176
1071 1177
1071 1178
1071 1179
1071 1180
1071 1181
1071 1182
1071 1183
1071 1184
1071 1185
1071 1186
1071 1187
1071 1188
1071 1189
1071 1190
1071 1191
1071 1192
1071 1193
1071 1194
1071 1195
1071 1196
1071 1197
1071 1198
1071 1199
1071 1200
1071 1201
1071 1202
1071 1203
1071 1204
1071 1205
1071 1206
1071 1207
1071 1208
1071 1209
1071 1210
1071 1211
1071 1212
1071 1213
1071 1214
1071 1215
1071 1216
1071 1217
1071 1218
1071 1219
1071 1220
1071 1221
1071 1222
1071 1223
1071 1224
1071 1225
1071 1226
1071 1227
1071 1228
1071 1229
1071 1230
1071 1231
1071 1232
1071 1233
1071 1234
1071 1235
1071 1236
1071 1237
1071 1238
1071 1239
1071 1240
1071 1241
1071 1242
1071 1243
1071 1244
1071 1245
1071 1246
1071 1247
1071 1248
1071 1249
1071 1250
1071 1251
1071 1252
1071 1253
1071 1254
1071 1255
1071 1256
1071 1257
1071 1258
1071 1259
1071 1260
1071 1261
1071 1262
1071 1263
1071 1264
1071 1265
1071 1266
1071 1267
1071 1268
1071 1269
1071 1270
1071 1271
1071 1272
1071 1273
1071 1274
1071 1275
1071 1276
1071 1277
1071 1278
1071 1279
1071 1280
1071 1281
1071 1282
1071 1283
1071 1284
1071 1285
1071 1286
1071 1287
1071 1288
1071 1289
1071 1290
1071 1291
1071 1292
1071 1293
1071 1294
1071 1295
1071 1296
1071 1297
1071 1298
1071 1299
1071 1300
1071 1301
1071 1302
1071 1303
1071 1304
1071 1305
1071 1306
1071 1307
1071 1308
1071 1309
1071 1310
1071 1311
1071 1312
1071 1313
1071 1314
1071 1315
1071 1316
1071 1317
1071 1318
1072 1319
1072 1320
1072 1321
1072 1322
1072 1323
1072 1324
1072 1325
1072 1326
1072 1327
1072 1328
1072 1329
1072 1330
1072 1331
1072 1332
1072 1333
1072 1334
1072 1335
1072 1336
1072 1337
1072 1338
1072 1339
1072 1340
1072 1341
1072 1342
1072 1343
1072 1344
1072 1345
1072 1346
1072 1347
1072 1348
1072 1349
1072 1350
1072 1351
1072 1352
1072 1353
1072 1354
1072 1355
1072 1356
1072 1357
1072 1358
1072 1359
1072 1360
1072 1361
1072 1362
1072 1363
1072 1364
1072 1365
1072 1366
1072 1367
1072 1368
1072 1369
1072 1370
1072 1371
1072 1372
1072 1373
1072 1374
1072 1375
1072 1376
1072 1377
1072 1378
1072 1379
1072 1380
1072 1381
1072 1382
1072 1383
1072 1384
1072 1385
1072 1386
1072 1387
1072 1388
1072 1389
1072 1390
1072 1391
1072 1392
1072 1393
1072 1394
1072 1395
1072 1396
1072 1397
1072 1398
1072 1399
1072 1400
1072 1401
1072 1402
1072 1403
1072 1404
1072 1405
1072 1406
1072 1407
1072 1408
1072 1409
1072 1410
1072 1411
1072 1412
1072 1413
1072 1414
1072 1415
1072 1416
1072 1417
1072 1418
1072 1419
1072 1420
1072 1421
1072 1422
1072 1423
1072 1424
1072 1425
1072 1426
1072 1427
1072 1428
1072 1429
1072 1430
1072 1431
1072 1432
1072 1433
1072 1434
1072 1435
1072 1436
1072 1437
1072 1438
1072 1439
1072 1440
1072 1441
1072 1442
1072 1443
1072 1444
1072 1445
1072 1446
1072 1447
1072 1448
1072 1449
1072 1450
1072 1451
1072 1452
1072 1453
1072 1454
1072 1455
1072 1456
1072 1457
1072 1458
1072 1459
1072 1460
1072 1461
1072 1462
1072 1463
1072 1464
1072 1465
1072 1466
1072 1467
1072 1468
1072 1469
1072 1470
1072 1471
1072 1472
1072 1473
1072 1474
1072 1475
1072 1476
1072 1477
1072 1478
1072 1479
1072 1480
1072 1481
1072 1482
1072 1483
1072 1484
1072 1485
1072 1486
1072 1487
1072 1488
1072 1489
1072 1490
1072 1491
1072 1492
1072 1493
1072 1494
1072 1495
1072 1496
1072 1497
1072 1498
1072 1499
1072 1500
1072 1501
1072 1502
1072 1503
1072 1504
1072 1505
1072 1506
1072 1507
1072 1508
1072 1509
1072 1510
1072 1511
1072 1512
1072 1513
1072 1514
1072 1515
1072 1516
1072 1517
1072 1518
1072 1519
1072 1520
1072 1521
1072 1522
1072 1523
1072 1524
1072 1525
1072 1526
1072 1527
1072 1528
1072 1529
1072 1530
1072 1531
1072 1532
1072 1533
1072 1534
1072 1535
1072 1536
1072 1537
1072 1538
1072 1539
1072 1540
1072 1541
1072 1542
1072 1543
1072 1544
1072 1545
1072 1546
1072 1547
1072 1548
1072 1549
1072 1550
1072 1551
1072 1552
1072 1553
1072 1554
1072 1555
1072 1556
1072 1557
1072 1558
1072 1559
1072 1560
1072 1561
1072 1562
1072 1563
1072 1564
1072 1565
1072 1566
1072 1567
1072 1568
1072 1569
1072 1570
1072 1571
1072 1572
1072 1573
1072 1574
1072 1575
1072 1576
1072 1577
1072 1578
1072 1579
1072 1580
1072 1581
1072 1582
1072 1583
1072 1584
1072 1585
1072 1586
1072 1587
1072 1588
1072 1589
1072 1590
1072 1591
1072 1592
1072 1593
1072 1594
1072 1595
1072 1596
1072 1597
1072 1598
1072 1599
1072 1600
1072 1601
1072 1602
1072 1603
1072 1604
1072 1605
1072 1606
1072 1607
1072 1608
1072 1609
1072 1610
1072 1611
1072 1612
1072 1613
1072 1614
1072 1615
1072 1616
1072 1617
1072 1618
1072 1619
1072 1620
1072 1621
1072 1622
1072 1623
1072 1624
1072 1625
1072 1626
1072 1627
1072 1628
1072 1629
1072 1630
1072 1631
1072 1632
1072 1633
1072 1634
1072 1635
1072 1636
1072 1637
1072 1638
1072 1639
1073 1640
1074 1641
1075 1642
1076 1643
1077 1644
1078 1645
1079 1646
1080 1647
1081 1648
1082 1649
1083 1650
1084 1651
1085 1652
1086 1653
1087 1654
1088 1655
1089 1656
1090 1657
1091 1658
1092 1659
1093 1660
1094 1661
1095 1662
1096 1663
1097 1664
1098 1665
1099 1666
1100 1667
1100 1668
1100 1669
1101 1670
1101 1671
1101 1672
1102 1673
1103 1674
1104 1675
1105 1676
1106 1676
1107 1676
1108 1676
1109 1676
1110 1676
1111 1677
1112 1677
1113 1677
1114 1677
1115 1677
1116 1677
1117 1677
1118 1677
1119 1677
1120 1677
1121 1678
1122 1679
1123 1680
1124 1681
1125 1682
1126 1683
1127 1684
1128 1685
1129 1686
1130 1687
1131 1688
1132 1689
1133 1690
1134 1691
1135 1692
1136 1693
1137 1694
1138 1695
1139 1696
1140 1697
1141 1698
1142 1699
1143 1700
1144 1701
1145 1702
1146 1703
1147 1704
1148 1705
1149 1706
1150 1706
1151 1706
1152 1706
1153 1706
1154 1706
1155 1706
1156 1707
1157 1708
1158 1708
1159 1708
1160 1708
1161 1708
1162 1708
1163 1708
1164 1708
1165 1708
1166 1708
1167 1708
1168 1708
1169 1708
1170 1708
1171 1708
1172 1708
1173 1708
1174 1708
1175 1708
1176 1708
1177 1708
1178 1708
1179 1708
1180 1708
1181 1708
1182 1708
1183 1708
1184 1708
1185 1708
1186 1708
1187 1708
1188 1708
1189 1708
1190 1708
1191 1709
1192 1710
1193 1711
1194 1712
1195 1713
1196 1714
1197 1715
1198 1716
1199 1717
1200 1718
1201 1719
1202 1720
1203 1720
1204 1720
1205 1720
1206 1720
1207 1721
1208 1722
1209 1723
1210 1724
1211 1725
1212 1725
1213 1725
1214 1725
1215 1725
1216 1725
1217 1725
1218 1725
1219 1725
1220 1725
1221 1725
1222 1725
1223 1725
1224 1725
1225 1725
1226 1725
1227 1725
1228 1725
1229 1725
1230 1725
1231 1725
1232 1725
1233 1725
1234 1725
1235 1725
1236 1725
1237 1725
1238 1725
1239 1725
1240 1725
1241 1725
1242 1725
1243 1725
1244 1725
1245 1725
1246 1725
1247 1725
1248 1725
1249 1725
1250 1725
1251 1725
1252 1725
1253 1725
1254 1725
1255 1725
1256 1725
1257 1725
1258 1725
1259 1725
1260 1725
1261 1725
1262 1725
1263 1725
1264 1725
1265 1725
1266 1725
1267 1725
1268 1725
1269 1725
1270 1725
1271 1725
1272 1725
1273 1725
1274 1725
1275 1725
1276 1725
1277 1725
1278 1726
1279 1726
1280 1726
1281 1726
1282 1726
1283 1726
1284 1727
1285 1728
1285 1729
1285 1730
1285 1731
1285 1732
1285 1733
1285 1734
1285 1735
1285 1736
1285 1737
1285 1738
1286 1739
1287 1740
1288 1741
1289 1742
1290 1743
1291 1744
1291 1745
1292 1746
1292 1747
1292 1748
1292 1749
1292 1750
1293 1751
1294 1752
1294 1753
1294 1754
1294 1755
1294 1756
1294 1757
1294 1758
1294 1759
1294 1760
1294 1761
1294 1762
1294 1763
1294 1764
1294 1765
1294 1766
1294 1767
1294 1768
1294 1769
1294 1770
1294 1771
1294 1772
1294 1773
1294 1774
1294 1775
1294 1776
1294 1777
1294 1778
1294 1779
1294 1780
1294 1781
1294 1782
1294 1783
1294 1784
1294 1785
1294 1786
1294 1787
1294 1788
1294 1789
1294 1790
1294 1791
1294 1792
1294 1793
1294 1794
1294 1795
1294 1796
1294 1797
1294 1798
1294 1799
1294 1800
1294 1801
1294 1802
1294 1803
1294 1804
1294 1805
1294 1806
1294 1807
1294 1808
1294 1809
1294 1810
1294 1811
1294 1812
1294 1813
1294 1814
1294 1815
1294 1816
1294 1817
1294 1818
1294 1819
1294 1820
1294 1821
1294 1822
1294 1823
1294 1824
1294 1825
1294 1826
1294 1827
1294 1828
1294 1829
1294 1830
1294 1831
1294 1832
1294 1833
1294 1834
1294 1835
1294 1836
1294 1837
1294 1838
1294 1839
1294 1840
1294 1841
1294 1842
1294 1843
1294 1844
1294 1845
1294 1846
1294 1847
1294 1848
1294 1849
1294 1850
1294 1851
1294 1852
1294 1853
1294 1854
1294 1855
1294 1856
1295 1857
1296 1858
1297 1859
1298 1860
1299 1861
1300 1862
1301 1863
1302 1864
1303 1865
1304 1866
1305 1867
1306 1868
1307 1869
1308 1870
1309 1871
1310 1872
1311 1873
1312 1874
1313 1875
1314 1876
1315 1877
1316 1878
1317 1879
1318 1880
1319 1881
1320 1882
1321 1883
1322 1884
1323 1885
1324 1886
1325 1887
1325 1888
1325 1889
1325 1890
1325 1891
1326 1892
1327 1893
1328 1894
1329 1895
1329 1896
1329 1897
1329 1898
1329 1899
1329 1900
1329 1901
1329 1902
1329 1903
1329 1904
1329 1905
1329 1906
1329 1907
1330 1908
1330 1909
1330 1910
1330 1911
1330 1912
1331 1913
1331 1914
1331 1915
1331 1916
1331 1917
1331 1918
1331 1919
1331 1920
1331 1921
1331 1922
1331 1923
1331 1924
1331 1925
1331 1926
1331 1927
1331 1928
1331 1929
1331 1930
1331 1931
1331 1932
1331 1933
1331 1934
1331 1935
1331 1936
1331 1937
1331 1938
1331 1939
1331 1940
1331 1941
1331 1942
1331 1943
1331 1944
1331 1945
1331 1946
1331 1947
1331 1948
1331 1949
1331 1950
1331 1951
1331 1952
1331 1953
1331 1954
1331 1955
1331 1956
1331 1957
1331 1958
1331 1959
1331 1960
1331 1961
1331 1962
1331 1963
1331 1964
1331 1965
1331 1966
1331 1967
1331 1968
1331 1969
1331 1970
1331 1971
1331 1972
1331 1973
1331 1974
1331 1975
1331 1976
1331 1977
1331 1978
1331 1979
1331 1980
1331 1981
1331 1982
1331 1983
1331 1984
1331 1985
1331 1986
1331 1987
1331 1988
1331 1989
1331 1990
1331 1991
1331 1992
1331 1993
1331 1994
1331 1995
1331 1996
1331 1997
1331 1998
1331 1999
1331 2000
1331 2001
1331 2002
1331 2003
1331 2004
1331 2005
1331 2006
1331 2007
1331 2008
1331 2009
1331 2010
1331 2011
1331 2012
1331 2013
1331 2014
1331 2015
1331 2016
1331 2017
1331 2018
1331 2019
1331 2020
1331 2021
1331 2022
1331 2023
1331 2024
1331 2025
1331 2026
1331 2027
1331 2028
1331 2029
1331 2030
1331 2031
1331 2032
1331 2033
1331 2034
1331 2035
1331 2036
1331 2037
1331 2038
1331 2039
1331 2040
1331 2041
1331 2042
1331 2043
1331 2044
1331 2045
1331 2046
1331 2047
1331 2048
1331 2049
1331 2050
1331 2051
1331 2052
1331 2053
1331 2054
1331 2055
1331 2056
1331 2057
1331 2058
1331 2059
1331 2060
1331 2061
1331 2062
1331 2063
1331 2064
1331 2065
1331 2066
1331 2067
1331 2068
1331 2069
1331 2070
1331 2071
1331 2072
1331 2073
1331 2074
1331 2075
1331 2076
1331 2077
1331 2078
1331 2079
1331 2080
1331 2081
1331 2082
1331 2083
1331 2084
1331 2085
1331 2086
1331 2087
1331 2088
1331 2089
1331 2090
1331 2091
1331 2092
1331 2093
1331 2094
1331 2095
1331 2096
1331 2097
1331 2098
1331 2099
1331 2100
1331 2101
1331 2102
1331 2103
1331 2104
1331 2105
1331 2106
1331 2107
1331 2108
1331 2109
1331 2110
1331 2111
1331 2112
1331 2113
1331 2114
1331 2115
1331 2116
1331 2117
1331 2118
1331 2119
1331 2120
1331 2121
1331 2122
1331 2123
1331 2124
1331 2125
1331 2126
1331 2127
1331 2128
1331 2129
1331 2130
1331 2131
1331 2132
1331 2133
1331 2134
1331 2135
1331 2136
1331 2137
1331 2138
1331 2139
1331 2140
1331 2141
1331 2142
1331 2143
1331 2144
1331 2145
1331 2146
1331 2147
1331 2148
1331 2149
1331 2150
1331 2151
1331 2152
1331 2153
1331 2154
1331 2155
1331 2156
1331 2157
1331 2158
1331 2159
1331 2160
1331 2161
1331 2162
1331 2163
1331 2164
1331 2165
1331 2166
1331 2167
1331 2168
1331 2169
1331 2170
1331 2171
1331 2172
1331 2173
1331 2174
1331 2175
1331 2176
1331 2177
1331 2178
1331 2179
1331 2180
1331 2181
1331 2182
1331 2183
1331 2184
1331 2185
1331 2186
1331 2187
1331 2188
1331 2189
1331 2190
1331 2191
1331 2192
1331 2193
1331 2194
1331 2195
1331 2196
1331 2197
1331 2198
1331 2199
1331 2200
1331 2201
1331 2202
1331 2203
1331 2204
1331 2205
1331 2206
1331 2207
1331 2208
1331 2209
1331 2210
1331 2211
1331 2212
1331 2213
1331 2214
1331 2215
1331 2216
1331 2217
1331 2218
1331 2219
1331 2220
1331 2221
1331 2222
1331 2223
1331 2224
1331 2225
1331 2226
1331 2227
1331 2228
1331 2229
1331 2230
1331 2231
1331 2232
1331 2233
1331 2234
1331 2235
1331 2236
1331 2237
1331 2238
1331 2239
1331 2240
1331 2241
1331 2242
1331 2243
1331 2244
1331 2245
1331 2246
1331 2247
1331 2248
1331 2249
1331 2250
1331 2251
1331 2252
1331 2253
1331 2254
1331 2255
1331 2256
1331 2257
1331 2258
1331 2259
1331 2260
1331 2261
1331 2262
1331 2263
1331 2264
1331 2265
1331 2266
1331 2267
1331 2268
1331 2269
1331 2270
1331 2271
1331 2272
1331 2273
1331 2274
1331 2275
1331 2276
1331 2277
1331 2278
1331 2279
1331 2280
1331 2281
1331 2282
1331 2283
1331 2284
1331 2285
1331 2286
1331 2287
1331 2288
1331 2289
1331 2290
1331 2291
1331 2292
1331 2293
1331 2294
1331 2295
1331 2296
1331 2297
1331 2298
1331 2299
1331 2300
1331 2301
1331 2302
1331 2303
1331 2304
1331 2305
1331 2306
1331 2307
1331 2308
1331 2309
1331 2310
1331 2311
1331 2312
1331 2313
1331 2314
1331 2315
1331 2316
1331 2317
1331 2318
1331 2319
1331 2320
1331 2321
1331 2322
1331 2323
1331 2324
1331 2325
1331 2326
1331 2327
1331 2328
1331 2329
1331 2330
1331 2331
1331 2332
1331 2333
1331 2334
1331 2335
1331 2336
1331 2337
1331 2338
1331 2339
1331 2340
1331 2341
1331 2342
1331 2343
1331 2344
1331 2345
1331 2346
1331 2347
1332 2348
1333 2349
1333 2350
1334 2351
1334 2352
1334 2353
1334 2354
1334 2355
1334 2356
1334 2357
1334 2358
1335 2359
1336 2360
1337 2361
1338 2362
1339 2363
1340 2364
1341 2365
1341 2366
1341 2367
1341 2368
1341 2369
1341 2370
1341 2371
1342 2372
1342 2373
1342 2374
1342 2375
1342 2376
1342 2377
1342 2378
1342 2379
1342 2380
1342 2381
1343 2382
1343 2383
1344 2384
1344 2385
1344 2386
1344 2387
1344 2388
1344 2389
1344 2390
1344 2391
1344 2392
1344 2393
1344 2394
1344 2395
1344 2396
1344 2397
1344 2398
1344 2399
1344 2400
1344 2401
1344 2402
1344 2403
1344 2404
1345 2405
1346 2406
1347 2407
1348 2408
1349 2409
1350 2410
1351 2411
1351 2412
1351 2413
1352 2414
1352 2415
1353 2416
1354 2417
1355 2418
1356 2419
1357 2420
1358 2421
1359 2422
1360 2423
1361 2424
1362 2425
1363 2426
1364 2427
1365 2428
1366 2429
1367 2430
1368 2431
1369 2432
1370 2433
1371 2434
1372 2435
1373 2436
1374 2437
1375 2438
1376 2439
1377 2440
1378 2441
1379 2442
1380 2443
1381 2444
1382 2445
1383 2446
1384 2447
1385 2448
1386 2449
1387 2450
1388 2451
1389 2452
1390 2453
1391 2454
1392 2455
1393 2456
1394 2457
1395 2458
1396 2459
1397 2460
1398 2461
1399 2462
1400 2463
1401 2464
1402 2465
1403 2466
1403 2467
1403 2468
1403 2469
1403 2470
1404 2471
1404 2472
1404 2473
1404 2474
1404 2475
1404 2476
1404 2477
1404 2478
1404 2479
1404 2480
1404 2481
1405 2482
1406 2483
1407 2484
1408 2485
1408 2486
1408 2487
1408 2488
1408 2489
1408 2490
1409 2491
1409 2492
1409 2493
1409 2494
1409 2495
1409 2496
1409 2497
1409 2498
1409 2499
1409 2500
1409 2501
1409 2502
1409 2503
1409 2504
1409 2505
1410 2506
1410 2507
1410 2508
1410 2509
1410 2510
1410 2511
1410 2512
1410 2513
1410 2514
1410 2515
1410 2516
1410 2517
1410 2518
1410 2519
1410 2520
1410 2521
1410 2522
1410 2523
1410 2524
1410 2525
1410 2526
1410 2527
1410 2528
1410 2529
1410 2530
1410 2531
1410 2532
1410 2533
1410 2534
1410 2535
1410 2536
1411 2537
1412 2538
1412 2539
1412 2540
1412 2541
1412 2542
1412 2543
1412 2544
1412 2545
1412 2546
1412 2547
1412 2548
1412 2549
1412 2550
1412 2551
1412 2552
1412 2553
1412 2554
1412 2555
1412 2556
1412 2557
1412 2558
1412 2559
1412 2560
1412 2561
1412 2562
1412 2563
1412 2564
1412 2565
1412 2566
1412 2567
1412 2568
1412 2569
1412 2570
1412 2571
1412 2572
1412 2573
1412 2574
1412 2575
1412 2576
1412 2577
1412 2578
1412 2579
1412 2580
1412 2581
1412 2582
1412 2583
1412 2584
1412 2585
1412 2586
1412 2587
1412 2588
1412 2589
1412 2590
1412 2591
1412 2592
1412 2593
1412 2594
1412 2595
1412 2596
1412 2597
1412 2598
1412 2599
1412 2600
1412 2601
1412 2602
1412 2603
1412 2604
1412 2605
1412 2606
1412 2607
1412 2608
1412 2609
1412 2610
1412 2611
1412 2612
1412 2613
1412 2614
1412 2615
1412 2616
1412 2617
1412 2618
1412 2619
1412 2620
1412 2621
1412 2622
1412 2623
1412 2624
1412 2625
1412 2626
1412 2627
1412 2628
1412 2629
1412 2630
1412 2631
1412 2632
1412 2633
1412 2634
1412 2635
1412 2636
1412 2637
1412 2638
1412 2639
1412 2640
1412 2641
1412 2642
1412 2643
1412 2644
1412 2645
1412 2646
1412 2647
1412 2648
1412 2649
1412 2650
1412 2651
1412 2652
1412 2653
1412 2654
1412 2655
1412 2656
1412 2657
1412 2658
1412 2659
1412 2660
1412 2661
1412 2662
1412 2663
1412 2664
1412 2665
1412 2666
1412 2667
1412 2668
1412 2669
1412 2670
1412 2671
1412 2672
1412 2673
1412 2674
1412 2675
1412 2676
1412 2677
1412 2678
1412 2679
1412 2680
1412 2681
1412 2682
1412 2683
1412 2684
1412 2685
1412 2686
1412 2687
1412 2688
1412 2689
1412 2690
1412 2691
1412 2692
1412 2693
1412 2694
1412 2695
1412 2696
1412 2697
1412 2698
1412 2699
1412 2700
1412 2701
1412 2702
1412 2703
1412 2704
1412 2705
1412 2706
1412 2707
1412 2708
1412 2709
1412 2710
1412 2711
1412 2712
1412 2713
1412 2714
1412 2715
1412 2716
1412 2717
1412 2718
1412 2719
1412 2720
1412 2721
1412 2722
1412 2723
1412 2724
1412 2725
1412 2726
1412 2727
1412 2728
1412 2729
1412 2730
1412 2731
1412 2732
1412 2733
1412 2734
1412 2735
1412 2736
1412 2737
1412 2738
1412 2739
1412 2740
1412 2741
1412 2742
1412 2743
1412 2744
1412 2745
1412 2746
1412 2747
1412 2748
1412 2749
1412 2750
1412 2751
1412 2752
1412 2753
1412 2754
1412 2755
1412 2756
1412 2757
1412 2758
1412 2759
1412 2760
1412 2761
1412 2762
1412 2763
1412 2764
1412 2765
1412 2766
1412 2767
1412 2768
1412 2769
1412 2770
1412 2771
1412 2772
1412 2773
1412 2774
1412 2775
1412 2776
1412 2777
1412 2778
1412 2779
1412 2780
1412 2781
1412 2782
1412 2783
1412 2784
1412 2785
1412 2786
1412 2787
1412 2788
1412 2789
1412 2790
1412 2791
1412 2792
1412 2793
1412 2794
1412 2795
1412 2796
1412 2797
1413 2798
1414 2799
1415 2800
1416 2801
1417 2802
1418 2803
1419 2804
1420 2805
1421 2806
1422 2807
1423 2808
1424 2809
1425 2810
1426 2811
1427 2812
1428 2813
1429 2814
1430 2815
1431 2816
1432 2817
1433 2818
1434 2819
1435 2820
1436 2821
1437 2822
1438 2823
1439 2824
1440 2825
1441 2826
1442 2827
1443 2828
1444 2829
1445 2830
1446 2831
1447 2832
1448 2833
1449 2834
1450 2835
1451 2836
1452 2837
1453 2838
1454 2839
1455 2840
1456 2841
1457 2842
1458 2843
1459 2844
1460 2845
1461 2846
1462 2847
1463 2848
1464 2849
1465 2850
1466 2851
1467 2852
1468 2853
1469 2854
1470 2855
1471 2856
1472 2857
1473 2858
1474 2859
1475 2860
1476 2861
1477 2862
1478 2863
1479 2864
1480 2865
1481 2866
1482 2867
1483 2868
1484 2869
1485 2870
1486 2871
1487 2872
1488 2873
1489 2874
1490 2875
1491 2876
1492 2877
1493 2878
1494 2879
1495 2880
1496 2881
1497 2882
1498 2883
1499 2884
1500 2885
1501 2886
1502 2887
1503 2888
1504 2889
1505 2890
1506 2891
1507 2892
1508 2893
1509 2894
1510 2895
1511 2896
1512 2897
1513 2898
1514 2899
1515 2900
1516 2901
1517 2902
1518 2903
1519 2904
1520 2905
1521 2906
1522 2907
1523 2908
1524 2909
1525 2910
1526 2911
1527 2912
1528 2913
1529 2914
1530 2915
1531 2916
1532 2917
1533 2918
1534 2919
1535 2920
1536 2921
1537 2922
1538 2923
1539 2924
1540 2925
1541 2926
1542 2927
1543 2928
1544 2929
1545 2930
1546 2931
1547 2932
1548 2933
1549 2934
1550 2935
1551 2936
1552 2937
1553 2938
1554 2939
1555 2940
1556 2941
1557 2942
1558 2943
1559 2944
1560 2945
1561 2946
1562 2947
1563 2948
1564 2949
1565 2950
1566 2951
1567 2952
1568 2953
1569 2954
1570 2955
1571 2956
1572 2957
1573 2958
1574 2959
1575 2960
1576 2961
1577 2962
1578 2963
1579 2964
1580 2965
1581 2966
1582 2967
1583 2968
1584 2969
1585 2970
1586 2971
1587 2972
1588 2973
1589 2974
1590 2975
1591 2976
1592 2977
1593 2978
1594 2979
1595 2980
1596 2981
1597 2982
1598 2983
1599 2984
1600 2985
1601 2986
1602 2987
1603 2988
1604 2989
1605 2990
1606 2991
1607 2992
1608 2993
1609 2994
1610 2995
1611 2996
1612 2997
1613 2998
1614 2999
1615 3000
1616 3001
1617 3002
1618 3003
1619 3004
1620 3005
1621 3006
1622 3007
1623 3008
1624 3009
1625 3010
1626 3011
1627 3012
1628 3013
1629 3014
1630 3015
1631 3016
1632 3017
1633 3018
1634 3019
1635 3020
1636 3021
1637 3022
1638 3023
1639 3024
1640 3025
1641 3026
1642 3027
1643 3028
1644 3029
1645 3030
1646 3031
1647 3032
1648 3033
1649 3034
1650 3035
1651 3036
1652 3037
1653 3038
1654 3039
1655 3040
1656 3041
1657 3042
1658 3043
1659 3044
1660 3045
1661 3046
1662 3047
1663 3048
1664 3049
1665 3050
1666 3051
1667 3052
1668 3053
1669 3054
1670 3055
1671 3056
1672 3057
1673 3058
1674 3059
1675 3060
1676 3061
1677 3062
1678 3063
1679 3064
1680 3065
1681 3066
1682 3067
1683 3068
1684 3069
1685 3070
1686 3071
1687 3072
1688 3073
1689 3074
1690 3075
1691 3076
1692 3077
1693 3078
1694 3079
1695 3080
1696 3081
1697 3082
1698 3083
1699 3084
1700 3085
1701 3086
1702 3087
1703 3088
1703 3089
1703 3090
1704 3091
1705 3092
1705 3093
1705 3094
1705 3095
1706 3096
1706 3097
1706 3098
1706 3099
1706 3100
1706 3101
1706 3102
1706 3103
1706 3104
1706 3105
1706 3106
1706 3107
1706 3108
1706 3109
1706 3110
1706 3111
1706 3112
1706 3113
1706 3114
1706 3115
1706 3116
1706 3117
1706 3118
1706 3119
1706 3120
1706 3121
1706 3122
1706 3123
1706 3124
1706 3125
1706 3126
1706 3127
1706 3128
1706 3129
1706 3130
1706 3131
1706 3132
1706 3133
1706 3134
1706 3135
1706 3136
1706 3137
1706 3138
1706 3139
1706 3140
1706 3141
1706 3142
1706 3143
1706 3144
1706 3145
1706 3146
1706 3147
1706 3148
1706 3149
1706 3150
1706 3151
1706 3152
1706 3153
1706 3154
1706 3155
1706 3156
1706 3157
1706 3158
1706 3159
1706 3160
1706 3161
1706 3162
1706 3163
1706 3164
1706 3165
1707 3166
1708 3167
1709 3168
1710 3169
1711 3170
1712 3171
1713 3172
1714 3173
1715 3174
1716 3175
1717 3176
1718 3177
1719 3178
1720 3179
1721 3180
1722 3181
1723 3182
1724 3183
1725 3184
1726 3185
1727 3186
1728 3187
1729 3188
1730 3189
1731 3190
1732 3191
1733 3192
1734 3193
1735 3194
1736 3195
1737 3195
1738 3196
1739 3197
1740 3198
1741 3199
1742 3200
1743 3201
1744 3202
1744 3203
1744 3204
1744 3205
1745 3206
1746 3207
1746 3208
1746 3209
1746 3210
1746 3211
1746 3212
1746 3213
1746 3214
1747 3215
1747 3216
1747 3217
1747 3218
1747 3219
1747 3220
1748 3221
1748 3222
1748 3223
1748 3224
1748 3225
1748 3226
1748 3227
1748 3228
1748 3229
1748 3230
1748 3231
1748 3232
1748 3233
1748 3234
1748 3235
1748 3236
1748 3237
1748 3238
1748 3239
1748 3240
1748 3241
1748 3242
1748 3243
1748 3244
1748 3245
1749 3246
1750 3247
1751 3248
1752 3249
1753 3250
1754 3251
1755 3252
1756 3253
1757 3254
1758 3255
1758 3256
1758 3257
1758 3258
1758 3259
1758 3260
1758 3261
1758 3262
1758 3263
1758 3264
1758 3265
1758 3266
1758 3267
1758 3268
1758 3269
1758 3270
1758 3271
1758 3272
1758 3273
1758 3274
1758 3275
1758 3276
1758 3277
1758 3278
1758 3279
1758 3280
1758 3281
1758 3282
1758 3283
1758 3284
1758 3285
1758 3286
1758 3287
1758 3288
1758 3289
1758 3290
1758 3291
1758 3292
1758 3293
1758 3294
1758 3295
1758 3296
1758 3297
1758 3298
1758 3299
1758 3300
1758 3301
1758 3302
1758 3303
1758 3304
1758 3305
1758 3306
1758 3307
1758 3308
1758 3309
1758 3310
1758 3311
1758 3312
1759 3313
1760 3314
1761 3315
1762 3316
1763 3317
1764 3318
1765 3319
1766 3320
1767 3321
1768 3322
1769 3323
1770 3324
1771 3325
1772 3326
1773 3327
1774 3328
1775 3329
1776 3330
1777 3331
1778 3332
1779 3333
1780 3334
1781 3335
1782 3335
1783 3335
1784 3335
1785 3335
1786 3335
1787 3335
1788 3335
1789 3335
1790 3335
1791 3335
1792 3335
1793 3335
1794 3335
1795 3335
1796 3335
1797 3335
1798 3335
1799 3335
1800 3335
1801 3335
1802 3335
1803 3335
1804 3335
1805 3335
1806 3335
1807 3335
1808 3335
1809 3335
1810 3335
1811 3335
1812 3335
1813 3335
1814 3335
1815 3335
1816 3336
1817 3336
1818 3336
1819 3337
1820 3338
1821 3338
1822 3338
1823 3339
1824 3339
1825 3339
1826 3339
1827 3339
1828 3339
1829 3339
1830 3339
1831 3339
1832 3340
1833 3340
1834 3340
1835 3340
1836 3340
1837 3340
1838 3340
1839 3340
1840 3340
1841 3340
1842 3340
1843 3340
1844 3340
1845 3340
1846 3340
1847 3340
1848 3340
1849 3340
1850 3340
1851 3340
1852 3340
1853 3340
1854 3340
1855 3340
1856 3340
1857 3340
1858 3340
1859 3340
1860 3340
1861 3340
1862 3340
1863 3340
1864 3340
1865 3340
1866 3340
1867 3340
1868 3340
1869 3340
1870 3340
1871 3340
1872 3340
1873 3340
1874 3340
1875 3340
1876 3340
1877 3340
1878 3340
1879 3340
1880 3340
1881 3340
1882 3340
1883 3340
1884 3340
1885 3340
1886 3340
1887 3340
1888 3340
1889 3340
1890 3340
1891 3340
1892 3340
1893 3340
1894 3340
1895 3340
1896 3340
1897 3340
1898 3340
1899 3340
1900 3340
1901 3340
1902 3340
1903 3340
1904 3340
1905 3340
1906 3340
1907 3340
1908 3340
1909 3340
1910 3340
1911 3340
1912 3340
1913 3340
1914 3340
1915 3340
1916 3340
1917 3340
1918 3340
1919 3340
1920 3340
1921 3340
1922 3340
1923 3340
1924 3340
1925 3340
1926 3340
1927 3340
1928 3340
1929 3340
1930 3340
1931 3340
1932 3340
1933 3340
1934 3340
1935 3340
1936 3340
1937 3340
1938 3340
1939 3340
1940 3340
1941 3340
1942 3340
1943 3340
1944 3340
1945 3340
1946 3340
1947 3340
1948 3340
1949 3340
1950 3340
1951 3340
1952 3340
1953 3340
1954 3340
1955 3340
1956 3340
1957 3340
1958 3340
1959 3340
1960 3340
1961 3340
1962 3340
1963 3340
1964 3340
1965 3340
1966 3340
1967 3340
1968 3340
1969 3340
1970 3340
1971 3340
1972 3340
1973 3340
1974 3340
1975 3340
1976 3340
1977 3340
1978 3340
1979 3340
1980 3340
1981 3340
1982 3340
1983 3340
1984 3340
1985 3340
1986 3340
1987 3340
1988 3340
1989 3340
1990 3340
1991 3340
1992 3340
1993 3340
1994 3340
1995 3340
1996 3340
1997 3340
1998 3340
1999 3340
2000 3340
2001 3340
2002 3340
2003 3340
2004 3340
2005 3340
2006 3340
2007 3340
2008 3340
2009 3340
2010 3340
2011 3340
2012 3340
2013 3340
2014 3340
2015 3340
2016 3340
2017 3340
2018 3340
2019 3340
2020 3340
2021 3340
2022 3340
2023 3340
2024 3340
2025 3340
2026 3340
2027 3340
2028 3340
2029 3340
2030 3340
2031 3340
2032 3340
2033 3340
2034 3340
2035 3340
2036 3340
2037 3340
2038 3340
2039 3340
2040 3340
2041 3340
2042 3340
2043 3340
2044 3340
2045 3340
2046 3340
2047 3340
2048 3340
2049 3340
2050 3340
2051 3340
2052 3340
2053 3340
2054 3340
2055 3340
2056 3340
2057 3340
2058 3340
2059 3340
2060 3340
2061 3340
2062 3340
2063 3340
2064 3340
2065 3340
2066 3340
2067 3340
2068 3340
2069 3340
2070 3340
2071 3340
2072 3340
2073 3340
2074 3340
2075 3340
2076 3340
2077 3340
2078 3340
2079 3340
2080 3340
2081 3340
2082 3340
2083 3340
2084 3340
2085 3340
2086 3340
2087 3340
2088 3340
2089 3340
2090 3340
2091 3340
2092 3340
2093 3340
2094 3340
2095 3340
2096 3340
2097 3340
2098 3340
2099 3340
2100 3340
2101 3340
2102 3340
2103 3340
2104 3340
2105 3340
2106 3340
2107 3340
2108 3340
2109 3340
2110 3340
2111 3340
2112 3340
2113 3340
2114 3340
2115 3340
2116 3340
2117 3340
2118 3340
2119 3340
2120 3340
2121 3340
2122 3340
2123 3340
2124 3340
2125 3340
2126 3340
2127 3340
2128 3340
2129 3340
2130 3340
2131 3340
2132 3340
2133 3340
2134 3340
2135 3340
2136 3340
2137 3340
2138 3340
2139 3340
2140 3340
2141 3340
2142 3340
2143 3340
2144 3340
2145 3340
2146 3340
2147 3340
2148 3340
2149 3340
2150 3340
2151 3340
2152 3340
2153 3340
2154 3340
2155 3340
2156 3340
2157 3340
2158 3340
2159 3340
2160 3340
2161 3340
2162 3340
2163 3340
2164 3340
2165 3340
2166 3340
2167 3340
2168 3340
2169 3340
2170 3340
2171 3340
2172 3340
2173 3340
2174 3340
2175 3340
2176 3340
2177 3340
2178 3340
2179 3340
2180 3340
2181 3340
2182 3340
2183 3340
2184 3340
2185 3340
2186 3340
2187 3340
2188 3340
2189 3340
2190 3340
2191 3340
2192 3340
2193 3340
2194 3340
2195 3340
2196 3340
2197 3340
2198 3340
2199 3340
2200 3340
2201 3340
2202 3340
2203 3340
2204 3340
2205 3340
2206 3340
2207 3340
2208 3340
2209 3340
2210 3340
2211 3340
2212 3340
2213 3340
2214 3340
2215 3340
2216 3340
2217 3340
2218 3340
2219 3340
2220 3340
2221 3340
2222 3340
2223 3340
2224 3340
2225 3340
2226 3340
2227 3340
2228 3340
2229 3340
2230 3340
2231 3340
2232 3340
2233 3340
2234 3340
2235 3340
2236 3340
2237 3340
2238 3340
2239 3340
2240 3340
2241 3340
2242 3340
2243 3340
2244 3340
2245 3340
2246 3340
2247 3340
2248 3340
2249 3340
2250 3340
2251 3340
2252 3340
2253 3340
2254 3340
2255 3340
2256 3340
2257 3340
2258 3340
2259 3340
2260 3340
2261 3340
2262 3340
2263 3340
2264 3340
2265 3340
2266 3340
2267 3340
2268 3340
2269 3340
2270 3340
2271 3340
2272 3340
2273 3340
2274 3340
2275 3340
2276 3340
2277 3340
2278 3340
2279 3340
2280 3340
2281 3340
2282 3340
2283 3340
2284 3340
2285 3340
2286 3340
2287 3340
2288 3340
2289 3340
2290 3340
2291 3340
2292 3340
2293 3340
2294 3340
2295 3340
2296 3340
2297 3340
2298 3340
2299 3340
2300 3340
2301 3340
2302 3340
2303 3340
2304 3340
2305 3340
2306 3340
2307 3340
2308 3340
2309 3340
2310 3340
2311 3340
2312 3340
2313 3340
2314 3340
2315 3340
2316 3340
2317 3340
2318 3340
2319 3340
2320 3340
2321 3340
2322 3340
2323 3340
2324 3340
2325 3340
2326 3340
2327 3340
2328 3340
2329 3340
2330 3340
2331 3340
2332 3340
2333 3340
2334 3340
2335 3340
2336 3340
2337 3340
2338 3340
2339 3340
2340 3340
2341 3340
2342 3340
2343 3340
2344 3340
2345 3340
2346 3340
2347 3340
2348 3340
2349 3340
2350 3340
2351 3340
2352 3340
2353 3340
2354 3340
2355 3340
2356 3340
2357 3340
2358 3340
2359 3340
2360 3340
2361 3340
2362 3340
2363 3340
2364 3340
2365 3340
2366 3340
2367 3340
2368 3340
2369 3340
2370 3340
2371 3340
2372 3340
2373 3340
2374 3340
2375 3340
2376 3340
2377 3340
2378 3340
2379 3340
2380 3340
2381 3340
2382 3340
2383 3340
2384 3340
2385 3340
2386 3340
2387 3340
2388 3340
2389 3340
2390 3340
2391 3340
2392 3340
2393 3340
2394 3340
2395 3340
2396 3340
2397 3340
2398 3340
2399 3340
2400 3340
2401 3340
2402 3340
2403 3340
2404 3340
2405 3340
2406 3340
2407 3340
2408 3340
2409 3340
2410 3340
2411 3340
2412 3340
2413 3340
2414 3340
2415 3340
2416 3340
2417 3340
2418 3340
2419 3340
2420 3340
2421 3340
2422 3340
2423 3340
2424 3340
2425 3340
2426 3340
2427 3340
2428 3340
2429 3340
2430 3340
2431 3340
2432 3340
2433 3340
2434 3340
2435 3340
2436 3340
2437 3340
2438 3340
2439 3340
2440 3340
2441 3340
2442 3340
2443 3340
2444 3340
2445 3340
2446 3340
2447 3340
2448 3340
2449 3340
2450 3340
2451 3340
2452 3340
2453 3340
2454 3340
2455 3340
2456 3340
2457 3340
2458 3340
2459 3340
2460 3340
2461 3340
2462 3340
2463 3340
2464 3340
2465 3340
2466 3340
2467 3340
2468 3340
2469 3340
2470 3340
2471 3340
2472 3340
2473 3340
2474 3340
2475 3340
2476 3340
2477 3340
2478 3340
2479 3340
2480 3340
2481 3340
2482 3340
2483 3340
2484 3340
2485 3340
2486 3340
2487 3340
2488 3340
2489 3340
2490 3340
2491 3340
2492 3340
2493 3340
2494 3340
2495 3340
2496 3340
2497 3340
2498 3340
2499 3340
2500 3340
2501 3340
2502 3340
2503 3340
2504 3340
2505 3340
2506 3340
2507 3340
2508 3340
2509 3340
2510 3340
2511 3340
2512 3340
2513 3340
2514 3340
2515 3340
2516 3340
2517 3340
2518 3340
2519 3340
2520 3340
2521 3340
2522 3340
2523 3340
2524 3340
2525 3340
2526 3340
2527 3340
2528 3340
2529 3340
2530 3340
2531 3340
2532 3340
2533 3340
2534 3341
2535 3342
2536 3343
2537 3344
2538 3345
2539 3346
2540 3347
2541 3348
2542 3349
2543 3350
2544 3351
2545 3352
2546 3353
2547 3354
2548 3355
2549 3356
2550 3357
2551 3358
2552 3359
2553 3360
2554 3361
2555 3362
2556 3363
2557 3364
2558 3365
2559 3366
2560 3367
2561 3368
2562 3369
2563 3370
2564 3371
2565 3372
2566 3373
2567 3374
2568 3375
2569 3376
2570 3377
2571 3378
2572 3379
2573 3380
2574 3381
2575 3382
2576 3383
2577 3384
2578 3385
2579 3386
2580 3387
2581 3388
2582 3389
2583 3390
2584 3391
2585 3392
2586 3393
2587 3394
2588 3395
2589 3396
2590 3397
2591 3398
2592 3399
2593 3400
2594 3401
2595 3402
2596 3403
2597 3404
2598 3405
2599 3406
2600 3407
2601 3408
2602 3409
2603 3410
2604 3411
2605 3412
2606 3413
2607 3414
2608 3415
2609 3416
2610 3417
2611 3418
2612 3419
2613 3420
2614 3421
2615 3422
2616 3423
2617 3424
2618 3425
2619 3426
2620 3427
2621 3428
2622 3429
2623 3430
2624 3431
2625 3432
2626 3433
2627 3434
2628 3435
2629 3436
2630 3437
2631 3438
2632 3439
2633 3440
2634 3441
2635 3442
2636 3443
2637 3444
2638 3445
2639 3446
2640 3447
2641 3448
2642 3449
2643 3450
2644 3451
2645 3452
2646 3453
2647 3454
2648 3455
2649 3456
2650 3457
2651 3458
2652 3459
2653 3460
2654 3461
2655 3462
2656 3463
2657 3464
2658 3465
2659 3466
2660 3467
2661 3468
2662 3469
2663 3470
2664 3471
2665 3472
2666 3473
2667 3474
2668 3475
2669 3476
2670 3477
2671 3478
2672 3479
2673 3480
2674 3481
2675 3482
2676 3483
2677 3484
2678 3485
2679 3486
2680 3487
2681 3488
2682 3489
2683 3490
2684 3491
2685 3492
2686 3493
2687 3494
2688 3495
2689 3496
2690 3497
2691 3498
2692 3499
2693 3500
2694 3501
2695 3502
2696 3503
2697 3504
2698 3505
2699 3506
2700 3507
2701 3508
2702 3509
2703 3510
2704 3511
2705 3512
2706 3513
2707 3514
2708 3515
2709 3516
2710 3517
2711 3518
2712 3519
2713 3520
2714 3521
2715 3522
2716 3523
2717 3524
2718 3525
2719 3526
2720 3527
2721 3528
2722 3529
2723 3530
2724 3531
2725 3532
2726 3533
2727 3534
2728 3535
2729 3536
2730 3537
2731 3538
2732 3539
2733 3540
2734 3541
2735 3542
2736 3543
2737 3544
2738 3545
2739 3546
2740 3547
2741 3548
2742 3549
2743 3550
2744 3551
2745 3552
2746 3553
2747 3554
2748 3555
2749 3556
2750 3557
2751 3558
2752 3559
2753 3560
2754 3561
2755 3562
2756 3563
2757 3564
2758 3565
2759 3566
2760 3567
2761 3568
2762 3569
2763 3570
2764 3571
2765 3572
2766 3573
2767 3574
2768 3575
2769 3576
2770 3577
2771 3578
2772 3579
2773 3580
2774 3581
2775 3582
2776 3583
2777 3584
2778 3585
2779 3586
2780 3587
2781 3588
2782 3589
2783 3590
2784 3591
2785 3592
2786 3593
2787 3594
2788 3595
2789 3596
2790 3597
2791 3598
2792 3599
2793 3600
2794 3601
2795 3602
2796 3603
2797 3604
2798 3605
2799 3606
2800 3607
2801 3608
2802 3609
2803 3610
2804 3611
2805 3612
2806 3613
2807 3614
2808 3615
2809 3616
2810 3617
2811 3618
2812 3619
2813 3620
2814 3621
2815 3622
2816 3623
2817 3624
2818 3625
2819 3626
2820 3627
2821 3628
2822 3629
2823 3630
2824 3631
2825 3632
2826 3633
2827 3634
2828 3634
2829 3635
2830 3635
2831 3636
2832 3636
2833 3636
2834 3636
2835 3636
2836 3636
2837 3636
2838 3636
2839 3636
2840 3636
2841 3636
2842 3636
2843 3636
2844 3636
2845 3636
2846 3636
2847 3636
2848 3636
2849 3636
2850 3636
2851 3636
2852 3636
2853 3636
2854 3637
2855 3638
2856 3639
2857 3640
2858 3640
2859 3640
2860 3640
2861 3640
2862 3640
2863 3640
2864 3640
2865 3640
2866 3640
2867 3640
2868 3640
2869 3640
2870 3640
2871 3640
2872 3640
2873 3640
2874 3640
2875 3640
2876 3641
2877 3642
2878 3643
2879 3644
2880 3645
2881 3646
2882 3647
2883 3648
2884 3649
2885 3650
2886 3651
2887 3652
2888 3653
2889 3654
2890 3655
2891 3656
2892 3657
2893 3658
2894 3659
2895 3660
2896 3661
2897 3662
2898 3663
2899 3664
2900 3665
2901 3666
2902 3667
2903 3668
2904 3669
2905 3670
2906 3671
2907 3672
2908 3673
2909 3674
2910 3675
2911 3676
2912 3677
2913 3678
2914 3679
2915 3680
2916 3681
2917 3682
2918 3683
2919 3684
2920 3685
2921 3686
2922 3687
2923 3688
2924 3689
2925 3690
2926 3691
2927 3692
2928 3693
2929 3694
2930 3695
2931 3696
2932 3697
2933 3698
2934 3699
2935 3700
2936 3701
2937 3702
2938 3703
2939 3704
2940 3705
2941 3706
2942 3707
2943 3708
2944 3709
2945 3710
2946 3711
2947 3712
2948 3713
2949 3714
2950 3715
2951 3716
2952 3717
2953 3718
2954 3719
2955 3720
2956 3721
2957 3722
2958 3723
2959 3724
2960 3725
2961 3726
2962 3727
2963 3728
2964 3729
2965 3730
2966 3731
2967 3732
2968 3733
2969 3734
2970 3735
2971 3736
2972 3737
2973 3738
2974 3739
2975 3740
2976 3741
2977 3742
2978 3743
2979 3744
2980 3745
2981 3746
2982 3747
2983 3748
2984 3749
2985 3750
2986 3750
2987 3751
2988 3752
2988 3753
2989 3754
2990 3755
2991 3756
2992 3757
2993 3758
2994 3759
2994 3760
2994 3761
2994 3762
2994 3763
2994 3764
2995 3765
2996 3766
2997 3767
2998 3768
2999 3769
3000 3770
3000 3771
3000 3772
3000 3773
3000 3774
3000 3775
3000 3776
3000 3777
3000 3778
3000 3779
3000 3780
3000 3781
3000 3782
3000 3783
3000 3784
3000 3785
3000 3786
3000 3787
3000 3788
3000 3789
3000 3790
3000 3791
3000 3792
3000 3793
3000 3794
3000 3795
3000 3796
3000 3797
3000 3798
3000 3799
3001 3800
3001 3801
3001 3802
3001 3803
3001 3804
3001 3805
3001 3806
3001 3807
3001 3808
3001 3809
3001 3810
3001 3811
3001 3812
3001 3813
3001 3814
3001 3815
3001 3816
3001 3817
3001 3818
3002 3819
3002 3820
3002 3821
3003 3822
3004 3823
3004 3824
3004 3825
3004 3826
3004 3827
3004 3828
3004 3829
3005 3830
3006 3831
3007 3832
3008 3832
3009 3832
3010 3832
3011 3832
3012 3832
3013 3832
3014 3832
3015 3832
3016 3832
3017 3832
3018 3832
3019 3832
3020 3833
3021 3834
3022 3835
3023 3836
3024 3837
3024 3838
3024 3839
3024 3840
3024 3841
3024 3842
3024 3843
3024 3844
3024 3845
3024 3846
3024 3847
3024 3848
3025 3849
3026 3850
3027 3851
3027 3852
3027 3853
3027 3854
3027 3855
3027 3856
3027 3857
3027 3858
3027 3859
3027 3860
3027 3861
3028 3862
3029 3863
3030 3864
3030 3865
3031 3866
3032 3866
3033 3867
3034 3868
3035 3868
3036 3868
3037 3868
3038 3868
3039 3868
3040 3868
3041 3868
3042 3868
3043 3868
3044 3868
3045 3868
3046 3868
3047 3868
3048 3868
3049 3868
3050 3868
3051 3869
3052 3869
3053 3869
3054 3869
3055 3869
3056 3869
3057 3869
3058 3869
3059 3869
3060 3869
3061 3869
3062 3869
3063 3869
3064 3869
3065 3869
3066 3869
3067 3869
3068 3869
3069 3869
3070 3869
3071 3869
3072 3869
3073 3869
3074 3869
3075 3869
3076 3869
3077 3869
3078 3869
3079 3869
3080 3869
3081 3869
3082 3869
3083 3869
3084 3869
3085 3869
3086 3869
3087 3869
3088 3869
3089 3869
3090 3869
3091 3869
3092 3869
3093 3869
3094 3869
3095 3869
3096 3869
3097 3869
3098 3869
3099 3869
3100 3869
3101 3869
3102 3869
3103 3869
3104 3869
3105 3869
3106 3870
3107 3871
3108 3872
3109 3872
3110 3872
3111 3872
3112 3873
3113 3873
3114 3873
3115 3873
3116 3873
3117 3873
3118 3873
3119 3873
3120 3873
3121 3873
3122 3873
3123 3873
3124 3873
3125 3873
3126 3873
3127 3873
3128 3873
3129 3873
3130 3873
3131 3873
3132 3873
3133 3873
3134 3873
3135 3873
3136 3873
3137 3873
3138 3873
3139 3873
3140 3873
3141 3873
3142 3873
3143 3873
3144 3873
3145 3873
3146 3873
3147 3873
3148 3873
3149 3873
3150 3873
3151 3873
3152 3873
3153 3873
3154 3873
3155 3873
3156 3873
3157 3873
3158 3873
3159 3873
3160 3873
3161 3873
3162 3873
3163 3873
3164 3873
3165 3873
3166 3873
3167 3873
3168 3874
3169 3875
3170 3876
3171 3876
3172 3876
3173 3876
3174 3876
3175 3876
3176 3876
3177 3876
3178 3876
3179 3876
3180 3876
3181 3876
3182 3876
3183 3876
3184 3876
3185 3876
3186 3876
3187 3876
3188 3876
3189 3876
3190 3876
3191 3876
3192 3876
3193 3876
3194 3876
3195 3876
3196 3876
3197 3876
3198 3876
3199 3876
3200 3877
3201 3877
3202 3877
3203 3877
3204 3877
3205 3877
3206 3877
3207 3877
3208 3877
3209 3877
3210 3877
3211 3877
3212 3877
3213 3877
3214 3877
3215 3877
3216 3877
3217 3878
3218 3878
3219 3878
3220 3878
3221 3878
3222 3878
3223 3878
3224 3878
3225 3878
3226 3878
3227 3878
3228 3878
3229 3878
3230 3878
3231 3878
3232 3878
3233 3878
3234 3878
3235 3878
3236 3878
3237 3878
3238 3878
3239 3878
3240 3878
3241 3878
3242 3878
3243 3878
3244 3878
3245 3878
3246 3878
3247 3878
3248 3878
3249 3878
3250 3878
3251 3878
3252 3878
3253 3878
3254 3878
3255 3878
3256 3878
3257 3878
3258 3878
3259 3878
3260 3878
3261 3878
3262 3878
3263 3878
3264 3878
3265 3878
3266 3878
3267 3878
3268 3878
3269 3878
3270 3878
3271 3878
3272 3878
3273 3878
3274 3878
3275 3878
3276 3878
3277 3878
3278 3878
3279 3878
3280 3878
3281 3878
3282 3878
3283 3878
3284 3878
3285 3878
3286 3878
3287 3878
3288 3878
3289 3878
3290 3878
3291 3878
3292 3878
3293 3878
3294 3878
3295 3878
3296 3878
3297 3878
3298 3878
3299 3878
3300 3878
3301 3878
3302 3878
3303 3878
3304 3878
3305 3878
3306 3878
3307 3878
3308 3878
3309 3878
3310 3878
3311 3878
3312 3878
3313 3878
3314 3878
3315 3878
3316 3878
3317 3878
3318 3878
3319 3878
3320 3878
3321 3878
3322 3878
3323 3879
3324 3880
3325 3881
3326 3882
3327 3883
3328 3884
3329 3885
3330 3886
3331 3886
3332 3887
3333 3887
3334 3887
3335 3887
3336 3887
3337 3887
3338 3887
3339 3887
3340 3887
3341 3887
3342 3887
3343 3887
3344 3887
3345 3887
3346 3887
3347 3887
3348 3887
3349 3887
3350 3887
3351 3887
3352 3887
3353 3887
3354 3887
3355 3887
3356 3887
3357 3887
3358 3887
3359 3887
3360 3887
3361 3887
3362 3887
3363 3887
3364 3887
3365 3887
3366 3887
3367 3887
3368 3887
3369 3887
3370 3887
3371 3887
3372 3887
3373 3887
3374 3887
3375 3887
3376 3887
3377 3887
3378 3887
3379 3887
3380 3887
3381 3887
3382 3887
3383 3887
3384 3887
3385 3887
3386 3887
3387 3887
3388 3887
3389 3887
3390 3887
3391 3887
3392 3887
3393 3887
3394 3887
3395 3887
3396 3887
3397 3887
3398 3887
3399 3887
3400 3887
3401 3887
3402 3887
3403 3887
3404 3887
3405 3887
3406 3887
3407 3887
3408 3887
3409 3887
3410 3887
3411 3887
3412 3887
3413 3887
3414 3887
3415 3887
3416 3887
3417 3887
3418 3887
3419 3887
3420 3887
3421 3887
3422 3887
3423 3887
3424 3887
3425 3887
3426 3887
3427 3887
3428 3887
3429 3887
3430 3887
3431 3887
3432 3887
3433 3887
3434 3887
3435 3887
3436 3887
3437 3887
3438 3887
3439 3887
3440 3887
3441 3887
3442 3887
3443 3887
3444 3887
3445 3887
3446 3887
3447 3887
3448 3887
3449 3887
3450 3887
3451 3887
3452 3887
3453 3887
3454 3887
3455 3887
3456 3887
3457 3887
3458 3887
3459 3887
3460 3887
3461 3887
3462 3887
3463 3887
3464 3887
3465 3887
3466 3887
3467 3887
3468 3887
3469 3887
3470 3887
3471 3887
3472 3887
3473 3887
3474 3887
3475 3887
3476 3887
3477 3887
3478 3887
3479 3887
3480 3887
3481 3887
3482 3887
3483 3887
3484 3887
3485 3887
3486 3887
3487 3887
3488 3887
3489 3887
3490 3887
3491 3887
3492 3887
3493 3887
3494 3887
3495 3887
3496 3887
3497 3887
3498 3887
3499 3887
3500 3887
3501 3887
3502 3887
3503 3887
3504 3887
3505 3887
3506 3887
3507 3887
3508 3887
3509 3887
3510 3887
3511 3887
3512 3887
3513 3887
3514 3887
3515 3887
3516 3887
3517 3887
3518 3887
3519 3887
3520 3887
3521 3887
3522 3887
3523 3887
3524 3887
3525 3887
3526 3887
3527 3887
3528 3887
3529 3887
3530 3887
3531 3887
3532 3887
3533 3887
3534 3887
3535 3887
3536 3887
3537 3887
3538 3887
3539 3887
3540 3887
3541 3887
3542 3887
3543 3887
3544 3887
3545 3887
3546 3887
3547 3887
3548 3887
3549 3887
3550 3887
3551 3887
3552 3887
3553 3887
3554 3887
3555 3887
3556 3887
3557 3887
3558 3887
3559 3887
3560 3887
3561 3887
3562 3887
3563 3887
3564 3887
3565 3887
3566 3887
3567 3887
3568 3887
3569 3887
3570 3887
3571 3887
3572 3887
3573 3887
3574 3887
3575 3887
3576 3887
3577 3887
3578 3887
3579 3887
3580 3888
3581 3889
3582 3890
3583 3891
3584 3892
3585 3893
3586 3894
3587 3895
3588 3896
3589 3897
3590 3898
3591 3899
3592 3900
3593 3901
3594 3902
3595 3903
3596 3904
3597 3905
3598 3906
3599 3907
3600 3908
3601 3909
3602 3910
3603 3911
3604 3912
3605 3913
3606 3914
3607 3915
3608 3916
3609 3917
3610 3918
3611 3919
3612 3920
3613 3921
3614 3922
3615 3923
3616 3924
3617 3925
3618 3926
3619 3927
3620 3928
3621 3929
3622 3929
3623 3930
3624 3931
3625 3932
3626 3933
3627 3934
3628 3935
3629 3936
3630 3937
3631 3938
3632 3939
3633 3940
3634 3941
3635 3941
3636 3941
3637 3941
3638 3941
3639 3941
3640 3941
3641 3941
3642 3941
3643 3941
3644 3941
3645 3941
3646 3941
3647 3941
3648 3941
3649 3941
3650 3941
3651 3941
3652 3941
3653 3941
3654 3941
3655 3941
3656 3941
3657 3941
3658 3941
3659 3941
3660 3941
3661 3941
3662 3941
3663 3941
3664 3941
3665 3941
3666 3941
3667 3941
3668 3941
3669 3941
3670 3941
3671 3941
3672 3941
3673 3941
3674 3941
3675 3941
3676 3941
3677 3941
3678 3941
3679 3941
3680 3941
3681 3941
3682 3941
3683 3941
3684 3941
3685 3942
3686 3943
3687 3944
3688 3945
3689 3946
3690 3947
3691 3948
3692 3949
3693 3950
3694 3951
3695 3952
3696 3953
3697 3954
3698 3955
3699 3956
3700 3957
3701 3958
3702 3959
3703 3960
3704 3961
3705 3962
3706 3963
3707 3964
3708 3965
3709 3966
3710 3967
3711 3968
3712 3969
3713 3970
3714 3971
3715 3972
3716 3973
3717 3974
3718 3975
3719 3976
3720 3977
3721 3978
3722 3979
3723 3980
3724 3981
3725 3982
3726 3983
3727 3984
3728 3985
3729 3986
3730 3987
3731 3988
3732 3989
3733 3990
3734 3991
3735 3992
3736 3993
3737 3994
3738 3995
3739 3996
3740 3997
3741 3998
3742 3999
3743 4000
3744 4001
3745 4002
3746 4003
3747 4004
3748 4005
3749 4006
3750 4007
3751 4008
3752 4009
3753 4010
3754 4011
3755 4012
3756 4013
3757 4014
3758 4015
3759 4016
3760 4017
3761 4018
3762 4019
3763 4020
3764 4021
3765 4022
3766 4023
3767 4024
3768 4025
3769 4025
3770 4025
3771 4025
3772 4025
3773 4025
3774 4025
3775 4025
3776 4025
3777 4025
3778 4026
3779 4027
3780 4028
3781 4029
3782 4030
3783 4031
3784 4032
3785 4033
3786 4034
3787 4035
3788 4036
3789 4037
3790 4038
3791 4039
3792 4040
3793 4041
3794 4042
3795 4043
3796 4044
3797 4045
3798 4046
3799 4047
3800 4048
3801 4049
3802 4050
3803 4051
3804 4052
3805 4053
3806 4054
3807 4055
3808 4056
3809 4057
3810 4058
3811 4059
3812 4060
3813 4061
3814 4062
3815 4063
3816 4064
3817 4065
3818 4066
3819 4067
3820 4068
3821 4069
3822 4070
3823 4071
3824 4072
3825 4073
3826 4074
3827 4075
3828 4076
3829 4077
3830 4078
3831 4079
3832 4080
3833 4081
3834 4082
3835 4083
3836 4084
3837 4085
3838 4086
3839 4087
3840 4088
3841 4089
3842 4090
3843 4091
3844 4092
3845 4093
3846 4094
3847 4095
3848 4096
3849 4097
3850 4098
3851 4099
3852 4100
3853 4101
3854 4102
3855 4103
3856 4104
3857 4105
3858 4106
3859 4107
3860 4108
3861 4109
3862 4110
3863 4111
3864 4112
3865 4113
3866 4114
3867 4115
3868 4116
3869 4117
3870 4118
3871 4119
3872 4120
3873 4121
3874 4122
3875 4123
3876 4124
3877 4125
3878 4126
3879 4127
3880 4128
3881 4129
3882 4130
3883 4131
3884 4132
3885 4133
3886 4134
3887 4135
3888 4136
3889 4136
3890 4136
3891 4136
3892 4136
3893 4136
3894 4136
3895 4136
3896 4136
3897 4136
3898 4136
3899 4136
3900 4136
3901 4136
3902 4136
3903 4136
3904 4136
3905 4137
3906 4137
3907 4137
3908 4137
3909 4137
3910 4137
3911 4137
3912 4137
3913 4137
3914 4137
3915 4137
3916 4137
3917 4137
3918 4137
3919 4137
3920 4137
3921 4137
3922 4137
3923 4137
3924 4137
3925 4138
3926 4139
3927 4140
3928 4141
3929 4141
3930 4142
3931 4143
3932 4144
3933 4145
3934 4146
3935 4147
3936 4148
3937 4149
3938 4150
3939 4151
3940 4152
3941 4153
3942 4154
3943 4155
3944 4156
3945 4157
3946 4158
3947 4159
3948 4160
3949 4161
3950 4162
3951 4163
3952 4164
3953 4165
3954 4166
3955 4167
3956 4168
3957 4169
3958 4170
3959 4171
3960 4172
3961 4173
3962 4174
3963 4175
3964 4176
3965 4177
3966 4178
3967 4179
3968 4180
3969 4181
3970 4182
3971 4183
3972 4184
3973 4185
3974 4186
3975 4187
3975 4188
3975 4189
3975 4190
3975 4191
3975 4192
3975 4193
3975 4194
3975 4195
3975 4196
3975 4197
3975 4198
3975 4199
3975 4200
3975 4201
3975 4202
3975 4203
3975 4204
3975 4205
3975 4206
3975 4207
3975 4208
3975 4209
3975 4210
3975 4211
3975 4212
3975 4213
3975 4214
3975 4215
3975 4216
3975 4217
3975 4218
3975 4219
3975 4220
3975 4221
3975 4222
3975 4223
3975 4224
3975 4225
3975 4226
3975 4227
3975 4228
3975 4229
3975 4230
3975 4231
3975 4232
3975 4233
3975 4234
3975 4235
3975 4236
3975 4237
3975 4238
3975 4239
3975 4240
3975 4241
3975 4242
3975 4243
3975 4244
3975 4245
3975 4246
3975 4247
3975 4248
3975 4249
3975 4250
3975 4251
3975 4252
3975 4253
3975 4254
3975 4255
3975 4256
3975 4257
3975 4258
3975 4259
3975 4260
3975 4261
3975 4262
3975 4263
3975 4264
3975 4265
3975 4266
3975 4267
3975 4268
3975 4269
3975 4270
3975 4271
3975 4272
3976 4273
3977 4274
3978 4275
3979 4276
3980 4277
3981 4278
3981 4279
3981 4280
3982 4281
3982 4282
3982 4283
3982 4284
3982 4285
3982 4286
3982 4287
3982 4288
3982 4289
3982 4290
3982 4291
3982 4292
3982 4293
3982 4294
3982 4295
3982 4296
3982 4297
3982 4298
3982 4299
3982 4300
3982 4301
3982 4302
3982 4303
3982 4304
3982 4305
3982 4306
3982 4307
3982 4308
3982 4309
3982 4310
3982 4311
3982 4312
3982 4313
3982 4314
3982 4315
3982 4316
3982 4317
3982 4318
3982 4319
3982 4320
3982 4321
3982 4322
3982 4323
3982 4324
3982 4325
3982 4326
3982 4327
3982 4328
3982 4329
3982 4330
3982 4331
3982 4332
3982 4333
3982 4334
3982 4335
3982 4336
3982 4337
3982 4338
3982 4339
3982 4340
3982 4341
3982 4342
3982 4343
3982 4344
3982 4345
3982 4346
3982 4347
3982 4348
3982 4349
3982 4350
3982 4351
3982 4352
3982 4353
3982 4354
3982 4355
3982 4356
3982 4357
3982 4358
3982 4359
3982 4360
3982 4361
3982 4362
3982 4363
3982 4364
3982 4365
3982 4366
3982 4367
3982 4368
3982 4369
3982 4370
3982 4371
3982 4372
3982 4373
3982 4374
3982 4375
3982 4376
3982 4377
3982 4378
3982 4379
3982 4380
3982 4381
3982 4382
3982 4383
3982 4384
3982 4385
3982 4386
3982 4387
3982 4388
3982 4389
3982 4390
3982 4391
3982 4392
3982 4393
3982 4394
3982 4395
3982 4396
3982 4397
3982 4398
3982 4399
3982 4400
3982 4401
3982 4402
3982 4403
3982 4404
3982 4405
3982 4406
3982 4407
3982 4408
3982 4409
3982 4410
3982 4411
3982 4412
3982 4413
3982 4414
3982 4415
3982 4416
3982 4417
3982 4418
3982 4419
3982 4420
3982 4421
3982 4422
3982 4423
3982 4424
3982 4425
3982 4426
3982 4427
3982 4428
3982 4429
3982 4430
3982 4431
3982 4432
3982 4433
3982 4434
3982 4435
3982 4436
3982 4437
3982 4438
3982 4439
3982 4440
3982 4441
3982 4442
3982 4443
3982 4444
3982 4445
3982 4446
3982 4447
3982 4448
3982 4449
3982 4450
3982 4451
3982 4452
3982 4453
3982 4454
3982 4455
3982 4456
3982 4457
3982 4458
3982 4459
3982 4460
3982 4461
3982 4462
3982 4463
3982 4464
3982 4465
3982 4466
3982 4467
3982 4468
3982 4469
3982 4470
3982 4471
3982 4472
3982 4473
3982 4474
3982 4475
3982 4476
3982 4477
3982 4478
3982 4479
3982 4480
3982 4481
3982 4482
3982 4483
3982 4484
3982 4485
3982 4486
3982 4487
3982 4488
3982 4489
3982 4490
3982 4491
3982 4492
3982 4493
3982 4494
3982 4495
3982 4496
3982 4497
3982 4498
3982 4499
3982 4500
3982 4501
3982 4502
3982 4503
3982 4504
3982 4505
3982 4506
3982 4507
3982 4508
3982 4509
3982 4510
3982 4511
3982 4512
3982 4513
3982 4514
3982 4515
3982 4516
3982 4517
3982 4518
3982 4519
3982 4520
3982 4521
3982 4522
3982 4523
3982 4524
3982 4525
3982 4526
3982 4527
3982 4528
3982 4529
3982 4530
3982 4531
3982 4532
3982 4533
3982 4534
3982 4535
3982 4536
3982 4537
3982 4538
3982 4539
3982 4540
3982 4541
3982 4542
3982 4543
3982 4544
3982 4545
3982 4546
3982 4547
3982 4548
3982 4549
3982 4550
3982 4551
3982 4552
3982 4553
3982 4554
3982 4555
3982 4556
3982 4557
3982 4558
3982 4559
3982 4560
3982 4561
3982 4562
3982 4563
3983 4564
3984 4565
3984 4566
3984 4567
3984 4568
3984 4569
3984 4570
3984 4571
3985 4572
3986 4573
3987 4574
3987 4575
3987 4576
3987 4577
3987 4578
3987 4579
3987 4580
3987 4581
3987 4582
3987 4583
3987 4584
3987 4585
3987 4586
3987 4587
3987 4588
3987 4589
3987 4590
3987 4591
3987 4592
3987 4593
3987 4594
3987 4595
3987 4596
3987 4597
3987 4598
3987 4599
3987 4600
3987 4601
3987 4602
3987 4603
3987 4604
3987 4605
3987 4606
3987 4607
3987 4608
3987 4609
3987 4610
3987 4611
3987 4612
3987 4613
3987 4614
3987 4615
3987 4616
3987 4617
3987 4618
3987 4619
3987 4620
3987 4621
3987 4622
3987 4623
3987 4624
3987 4625
3987 4626
3987 4627
3987 4628
3987 4629
3987 4630
3987 4631
3987 4632
3987 4633
3987 4634
3987 4635
3987 4636
3987 4637
3987 4638
3987 4639
3987 4640
3987 4641
3987 4642
3987 4643
3987 4644
3987 4645
3987 4646
3987 4647
3987 4648
3987 4649
3987 4650
3987 4651
3987 4652
3987 4653
3987 4654
3987 4655
3987 4656
3987 4657
3987 4658
3987 4659
3987 4660
3987 4661
3987 4662
3987 4663
3987 4664
3987 4665
3987 4666
3987 4667
3987 4668
3987 4669
3988 4670
3989 4671
3990 4672
3991 4673
3992 4674
3993 4675
3994 4676
3995 4677
3996 4678
3997 4679
3998 4680
3999 4681
4000 4682
4001 4683
4002 4684
4003 4685
4004 4686
4005 4687
4006 4688
4007 4689
4008 4690
4009 4691
4010 4692
4011 4693
4012 4694
4013 4695
4014 4696
4015 4697
4016 4698
4017 4699
4018 4700
4019 4701
4020 4702
4021 4703
4022 4704
4023 4705
4024 4706
4025 4707
4026 4708
4027 4709
4028 4710
4029 4711
4030 4712
4031 4713
4032 4714
4033 4715
4034 4716
4035 4717
4036 4718
4037 4719
4038 4720
4039 4721
4040 4722
4041 4723
4042 4724
4043 4725
4044 4726
4045 4727
4046 4728
4047 4729
4048 4730
4049 4731
4050 4732
4051 4733
4052 4734
4053 4735
4054 4736
4055 4737
4056 4738
4057 4739
4058 4740
4059 4741
4060 4742
4061 4743
4062 4744
4063 4745
4064 4746
4065 4747
4066 4748
4067 4749
4068 4750
4069 4751
4070 4752
4071 4753
4072 4754
4073 4755
4074 4756
4075 4757
4076 4758
4077 4759
4078 4760
4079 4761
4080 4762
4081 4763
4082 4764
4083 4765
4084 4766
4085 4767
4086 4768
4087 4769
4088 4770
4089 4771
4090 4772
4091 4773
4092 4774
4093 4775
4094 4776
4095 4777
4096 4778
4097 4779
4098 4780
4099 4781
4100 4782
4101 4783
4102 4784
4103 4785
4104 4786
4105 4787
4106 4788
4107 4789
4108 4790
4109 4791
4110 4792
4111 4793
4112 4794
4113 4794
4114 4795
4115 4795
4116 4795
4117 4795
4118 4795
4119 4796
4120 4796
4121 4796
4122 4796
4123 4796
4124 4796
4125 4796
4126 4796
4127 4796
4128 4796
4129 4796
4130 4796
4131 4796
4132 4796
4133 4796
4134 4796
4135 4796
4136 4796
4137 4796
4138 4797
4139 4798
4140 4799
4141 4800
4142 4801
4142 4802
4142 4803
4142 4804
4142 4805
4143 4806
4144 4807
4144 4808
4144 4809
4144 4810
4144 4811
4145 4812
4145 4813
4146 4814
4147 4815
4147 4816
4147 4817
4147 4818
4147 4819
4147 4820
4147 4821
4147 4822
4147 4823
4147 4824
4147 4825
4147 4826
4147 4827
4147 4828
4147 4829
4148 4830
4149 4831
4150 4832
4151 4833
4152 4834
4153 4835
4154 4836
4155 4836
4156 4836
4157 4836
4158 4836
4159 4836
4160 4836
4161 4836
4162 4837
4163 4837
4164 4837
4165 4838
4166 4838
4167 4838
4168 4838
4169 4839
4170 4840
4171 4841
4172 4842
4173 4843
4173 4844
4174 4845
4175 4845
4176 4845
4177 4846
4178 4846
4179 4847
4180 4848
4181 4848
4182 4848
4183 4848
4184 4849
4185 4850
4186 4851
4187 4852
4188 4853
4189 4854
4190 4855
4191 4856
4192 4857
4193 4857
4194 4858
4195 4858
4196 4859
4197 4859
4198 4859
4199 4859
4200 4859
4201 4859
4202 4859
4203 4859
4204 4859
4205 4859
4206 4859
4207 4859
4208 4859
4209 4859
4210 4859
4211 4859
4212 4859
4213 4859
4214 4859
4215 4859
4216 4859
4217 4859
4218 4859
4219 4859
4220 4859
4221 4859
4222 4859
4223 4859
4224 4859
4225 4859
4226 4859
4227 4859
4228 4859
4229 4859
4230 4859
4231 4859
4232 4859
4233 4859
4234 4859
4235 4859
4236 4859
4237 4859
4238 4859
4239 4859
4240 4859
4241 4859
4242 4859
4243 4859
4244 4859
4245 4859
4246 4859
4247 4859
4248 4859
4249 4859
4250 4859
4251 4859
4252 4859
4253 4859
4254 4859
4255 4859
4256 4859
4257 4859
4258 4859
4259 4859
4260 4859
4261 4859
4262 4859
4263 4859
4264 4859
4265 4859
4266 4859
4267 4859
4268 4859
4269 4859
4270 4859
4271 4859
4272 4859
4273 4859
4274 4859
4275 4859
4276 4859
4277 4859
4278 4859
4279 4859
4280 4859
4281 4859
4282 4859
4283 4859
4284 4859
4285 4859
4286 4859
4287 4859
4288 4859
4289 4859
4290 4859
4291 4859
4292 4859
4293 4859
4294 4859
4295 4859
4296 4859
4297 4859
4298 4859
4299 4859
4300 4859
4301 4859
4302 4859
4303 4859
4304 4859
4305 4859
4306 4859
4307 4859
4308 4859
4309 4859
4310 4859
4311 4859
4312 4859
4313 4859
4314 4859
4315 4859
4316 4859
4317 4859
4318 4859
4319 4859
4320 4859
4321 4859
4322 4859
4323 4860
4324 4861
4325 4862
4326 4863
4327 4864
4328 4865
4329 4865
4330 4865
4331 4866
4332 4866
4333 4866
4334 4866
4335 4866
4336 4866
4337 4866
4338 4867
4339 4867
4340 4867
4341 4867
4342 4867
4343 4867
4344 4867
4345 4867
4346 4867
4347 4867
4348 4867
4349 4867
4350 4867
4351 4867
4352 4867
4353 4867
4354 4867
4355 4867
4356 4867
4357 4867
4358 4867
4359 4867
4360 4867
4361 4867
4362 4867
4363 4867
4364 4867
4365 4867
4366 4867
4367 4867
4368 4867
4369 4867
4370 4867
4371 4867
4372 4867
4373 4867
4374 4867
4375 4867
4376 4867
4377 4867
4378 4867
4379 4867
4380 4867
4381 4867
4382 4867
4383 4867
4384 4867
4385 4867
4386 4867
4387 4867
4388 4867
4389 4867
4390 4867
4391 4867
4392 4867
4393 4867
4394 4867
4395 4867
4396 4867
4397 4867
4398 4867
4399 4867
4400 4867
4401 4867
4402 4867
4403 4867
4404 4867
4405 4867
4406 4867
4407 4867
4408 4867
4409 4867
4410 4867
4411 4867
4412 4867
4413 4867
4414 4867
4415 4867
4416 4867
4417 4867
4418 4867
4419 4867
4420 4867
4421 4867
4422 4867
4423 4867
4424 4867
4425 4867
4426 4867
4427 4867
4428 4867
4429 4867
4430 4867
4431 4867
4432 4867
4433 4867
4434 4867
4435 4867
4436 4867
4437 4867
4438 4867
4439 4867
4440 4867
4441 4867
4442 4867
4443 4867
4444 4867
4445 4867
4446 4867
4447 4867
4448 4867
4449 4867
4450 4867
4451 4867
4452 4867
4453 4867
4454 4867
4455 4867
4456 4867
4457 4867
4458 4867
4459 4867
4460 4867
4461 4867
4462 4867
4463 4867
4464 4867
4465 4867
4466 4867
4467 4867
4468 4867
4469 4867
4470 4867
4471 4867
4472 4867
4473 4867
4474 4867
4475 4867
4476 4867
4477 4867
4478 4867
4479 4867
4480 4867
4481 4867
4482 4867
4483 4867
4484 4867
4485 4867
4486 4867
4487 4867
4488 4867
4489 4867
4490 4867
4491 4867
4492 4867
4493 4867
4494 4867
4495 4867
4496 4867
4497 4867
4498 4867
4499 4867
4500 4867
4501 4867
4502 4867
4503 4867
4504 4867
4505 4867
4506 4867
4507 4867
4508 4867
4509 4867
4510 4867
4511 4867
4512 4867
4513 4867
4514 4867
4515 4867
4516 4867
4517 4867
4518 4867
4519 4867
4520 4867
4521 4867
4522 4867
4523 4867
4524 4867
4525 4867
4526 4867
4527 4867
4528 4867
4529 4867
4530 4867
4531 4867
4532 4867
4533 4867
4534 4867
4535 4867
4536 4867
4537 4867
4538 4867
4539 4867
4540 4867
4541 4867
4542 4867
4543 4867
4544 4867
4545 4867
4546 4867
4547 4867
4548 4867
4549 4867
4550 4867
4551 4867
4552 4867
4553 4867
4554 4867
4555 4867
4556 4867
4557 4867
4558 4867
4559 4867
4560 4867
4561 4867
4562 4867
4563 4867
4564 4867
4565 4867
4566 4867
4567 4867
4568 4867
4569 4867
4570 4867
4571 4867
4572 4867
4573 4867
4574 4867
4575 4867
4576 4867
4577 4867
4578 4867
4579 4867
4580 4867
4581 4867
4582 4867
4583 4867
4584 4867
4585 4867
4586 4867
4587 4867
4588 4867
4589 4867
4590 4867
4591 4867
4592 4867
4593 4867
4594 4867
4595 4867
4596 4867
4597 4867
4598 4867
4599 4867
4600 4867
4601 4867
4602 4867
4603 4867
4604 4867
4605 4867
4606 4867
4607 4867
4608 4867
4609 4867
4610 4867
4611 4867
4612 4867
4613 4867
4614 4867
4615 4867
4616 4867
4617 4867
4618 4867
4619 4867
4620 4867
4621 4867
4622 4867
4623 4867
4624 4867
4625 4867
4626 4867
4627 4867
4628 4867
4629 4867
4630 4867
4631 4867
4632 4867
4633 4867
4634 4867
4635 4867
4636 4867
4637 4867
4638 4867
4639 4867
4640 4867
4641 4867
4642 4867
4643 4867
4644 4867
4645 4867
4646 4867
4647 4867
4648 4867
4649 4867
4650 4867
4651 4867
4652 4867
4653 4867
4654 4867
4655 4867
4656 4867
4657 4867
4658 4867
4659 4867
4660 4867
4661 4867
4662 4867
4663 4867
4664 4867
4665 4867
4666 4867
4667 4867
4668 4867
4669 4867
4670 4867
4671 4867
4672 4867
4673 4867
4674 4867
4675 4867
4676 4867
4677 4867
4678 4867
4679 4867
4680 4867
4681 4867
4682 4867
4683 4867
4684 4867
4685 4867
4686 4867
4687 4867
4688 4867
4689 4867
4690 4867
4691 4867
4692 4867
4693 4867
4694 4867
4695 4867
4696 4867
4697 4867
4698 4867
4699 4867
4700 4867
4701 4867
4702 4867
4703 4867
4704 4867
4705 4867
4706 4867
4707 4867
4708 4867
4709 4867
4710 4867
4711 4867
4712 4867
4713 4867
4714 4867
4715 4867
4716 4867
4717 4867
4718 4867
4719 4867
4720 4867
4721 4867
4722 4867
4723 4867
4724 4867
4725 4867
4726 4867
4727 4867
4728 4867
4729 4867
4730 4867
4731 4867
4732 4867
4733 4867
4734 4867
4735 4867
4736 4867
4737 4867
4738 4867
4739 4867
4740 4867
4741 4867
4742 4867
4743 4867
4744 4867
4745 4867
4746 4867
4747 4867
4748 4867
4749 4867
4750 4867
4751 4867
4752 4867
4753 4867
4754 4867
4755 4867
4756 4867
4757 4867
4758 4867
4759 4867
4760 4867
4761 4867
4762 4867
4763 4867
4764 4867
4765 4867
4766 4867
4767 4867
4768 4867
4769 4867
4770 4867
4771 4867
4772 4867
4773 4867
4774 4867
4775 4867
4776 4867
4777 4867
4778 4867
4779 4867
4780 4867
4781 4867
4782 4867
4783 4867
4784 4867
4785 4867
4786 4867
4787 4867
4788 4867
4789 4867
4790 4867
4791 4867
4792 4867
4793 4867
4794 4867
4795 4867
4796 4867
4797 4867
4798 4867
4799 4867
4800 4867
4801 4867
4802 4867
4803 4867
4804 4867
4805 4867
4806 4867
4807 4867
4808 4867
4809 4868
4810 4869
4811 4870
4812 4871
4813 4872
4814 4873
4815 4874
4816 4875
4817 4876
4818 4877
4819 4878
4820 4879
4821 4880
4822 4881
4823 4882
4824 4883
4825 4884
4826 4885
4827 4886
4828 4887
4829 4888
4830 4889
4831 4890
4832 4891
4833 4892
4834 4893
4835 4894
4836 4895
4837 4896
4838 4897
4839 4898
4840 4899
4841 4900
4842 4901
4843 4902
4844 4903
4845 4903
4846 4904
4847 4904
4848 4904
4849 4904
4850 4904
4851 4904
4852 4904
4853 4904
4854 4904
4855 4904
4856 4904
4857 4904
4858 4904
4859 4904
4860 4904
4861 4904
4862 4904
4863 4904
4864 4904
4865 4905
4866 4905
4867 4905
4868 4905
4869 4905
4870 4905
4871 4905
4872 4905
4873 4906
4874 4907
4875 4908
4876 4909
4877 4910
4878 4911
4879 4912
4880 4913
4881 4914
4882 4915
4883 4916
4884 4917
4884 4918
4884 4919
4884 4920
4884 4921
4884 4922
4884 4923
4885 4924
4886 4925
4887 4926
4888 4927
4889 4928
4890 4929
4890 4930
4891 4931
4892 4932
4893 4933
4894 4934
4895 4935
4895 4936
4896 4937
4896 4938
4897 4939
4898 4940
4899 4940
4900 4941
4901 4941
4902 4941
4903 4942
4904 4943
4905 4944
4906 4945
4906 4946
4906 4947
4906 4948
4907 4949
4907 4950
4907 4951
4907 4952
4907 4953
4907 4954
4907 4955
4907 4956
4907 4957
4907 4958
4907 4959
4907 4960
4908 4961
4908 4962
4908 4963
4908 4964
4908 4965
4908 4966
4908 4967
4908 4968
4908 4969
4908 4970
4908 4971
4908 4972
4908 4973
4908 4974
4908 4975
4908 4976
4908 4977
4908 4978
4908 4979
4908 4980
4908 4981
4908 4982
4908 4983
4908 4984
4908 4985
4908 4986
4909 4987
4910 4988
4911 4989
4912 4990
4913 4991
4914 4992
4914 4993
4915 4994
4916 4995
4917 4995
4918 4996
4919 4997
4920 4997
4921 4997
4922 4997
4923 4997
4924 4997
4925 4997
4926 4997
4927 4997
4928 4997
4929 4997
4930 4997
4931 4997
4932 4997
4933 4997
4934 4997
4935 4997
4936 4997
4937 4997
4938 4997
4939 4997
4940 4997
4941 4997
4942 4997
4943 4997
4944 4997
4945 4997
4946 4997
4947 4997
4948 4997
4949 4997
4950 4997
4951 4997
4952 4997
4953 4997
4954 4997
4955 4997
4956 4997
4957 4997
4958 4997
4959 4997
4960 4997
4961 4997
4962 4997
4963 4997
4964 4997
4965 4997
4966 4997
4967 4997
4968 4997
4969 4997
4970 4997
4971 4997
4972 4997
4973 4997
4974 4997
4975 4997
4976 4997
4977 4997
4978 4997
4979 4997
4980 4997
4981 4997
4982 4997
4983 4997
4984 4997
4985 4997
4986 4997
4987 4997
4988 4997
4989 4997
4990 4997
4991 4997
4992 4997
4993 4997
4994 4997
4995 4997
4996 4997
4997 4997
4998 4998
4999 4999
