0 0
0 1
1 2
1 3
1 4
2 5
3 6
3 7
4 8
5 9
5 10
5 11
6 12
6 13
7 14
8 15
8 16
8 17
9 18
9 19
10 20
11 21
11 22
11 23
12 24
13 25
13 26
13 27
14 28
15 29
15 30
16 31
17 32
17 33
17 34
18 35
19 36
19 37
20 38
21 39
21 40
21 41
21 42
22 43
22 44
22 45
23 46
24 47
25 48
25 49
25 50
25 51
26 52
27 53
27 54
28 55
29 56
29 57
30 58
30 59
30 60
30 61
31 62
32 63
33 64
34 65
34 66
34 67
35 68
36 69
37 70
37 71
38 72
38 73
38 74
39 75
40 76
40 77
40 78
41 79
41 80
42 81
42 82
43 83
43 84
44 85
44 86
44 87
45 88
46 89
46 90
46 91
47 92
47 93
48 94
48 95
48 96
48 97
49 98
50 99
50 100
51 101
52 102
52 103
53 104
53 105
53 106
53 107
53 108
54 109
55 110
56 111
56 112
56 113
56 114
57 115
57 116
57 117
58 118
59 119
59 120
59 121
60 122
61 123
62 124
62 125
63 126
63 127
63 128
64 129
65 130
65 131
65 132
66 133
67 134
67 135
67 136
67 137
68 138
69 139
70 140
71 141
71 142
71 143
71 144
72 145
73 146
74 147
74 148
74 149
75 150
75 151
76 152
77 153
77 154
78 155
78 156
78 157
79 158
79 159
80 160
81 161
82 162
82 163
82 164
82 165
83 166
84 167
84 168
85 169
85 170
86 171
86 172
86 173
87 174
87 175
87 176
88 177
89 178
89 179
89 180
90 181
90 182
91 183
92 184
92 185
92 186
92 187
93 188
94 189
95 190
96 191
96 192
96 193
96 194
96 195
96 196
97 197
97 198
97 199
98 200
99 201
100 202
100 203
100 204
101 205
101 206
102 207
103 208
104 209
104 210
104 211
104 212
104 213
105 214
106 215
106 216
107 217
107 218
107 219
107 220
107 221
108 222
109 223
110 224
110 225
111 226
112 227
113 228
113 229
113 230
114 231
115 232
115 233
115 234
115 235
115 236
116 237
117 238
118 239
118 240
118 241
118 242
119 243
119 244
120 245
121 246
121 247
121 248
122 249
123 250
123 251
123 252
124 253
125 254
125 255
125 256
125 257
125 258
126 259
127 260
128 261
129 262
129 263
129 264
130 265
130 266
131 267
131 268
132 269
133 270
133 271
134 272
134 273
134 274
135 275
136 276
136 277
136 278
137 279
138 280
138 281
139 282
139 283
139 284
140 285
140 286
140 287
141 288
141 289
142 290
143 291
143 292
143 293
144 294
145 295
146 296
146 297
147 298
147 299
147 300
147 301
148 302
148 303
149 304
149 305
149 306
150 307
151 308
151 309
152 310
153 311
154 312
154 313
155 314
156 315
156 316
156 317
157 318
158 319
158 320
158 321
159 322
160 323
161 324
161 325
161 326
161 327
162 328
162 329
162 330
163 331
164 332
164 333
165 334
166 335
166 336
166 337
166 338
166 339
167 340
167 341
168 342
169 343
170 344
170 345
170 346
171 347
172 348
172 349
172 350
172 351
173 352
174 353
174 354
175 355
175 356
176 357
177 358
177 359
177 360
177 361
177 362
178 363
178 364
179 365
179 366
180 367
181 368
182 369
182 370
183 371
184 372
184 373
184 374
184 375
185 376
186 377
187 378
187 379
187 380
187 381
188 382
188 383
189 384
190 385
190 386
191 387
191 388
192 389
192 390
192 391
192 392
193 393
194 394
194 395
195 396
195 397
196 398
197 399
197 400
198 401
198 402
198 403
199 404
200 405
201 406
201 407
202 408
202 409
202 410
202 411
202 412
203 413
204 414
204 415
204 416
205 417
205 418
205 419
206 420
207 421
207 422
208 423
209 424
209 425
210 426
210 427
210 428
210 429
210 430
211 431
212 432
213 433
213 434
214 435
215 436
215 437
215 438
215 439
216 440
217 441
218 442
218 443
218 444
219 445
219 446
219 447
220 448
220 449
221 450
222 451
222 452
222 453
223 454
223 455
224 456
224 457
224 458
224 459
225 460
226 461
227 462
228 463
229 464
229 465
229 466
229 467
230 468
230 469
230 470
231 471
232 472
232 473
233 474
234 475
235 476
236 477
236 478
236 479
237 480
238 481
239 482
240 483
240 484
240 485
240 486
241 487
242 488
242 489
242 490
242 491
243 492
243 493
244 494
245 495
246 496
246 497
247 498
247 499
248 500
249 501
249 502
249 503
249 504
249 505
250 506
251 507
251 508
252 509
253 510
253 511
254 512
254 513
254 514
255 515
255 516
256 517
257 518
257 519
257 520
257 521
258 522
259 523
260 524
261 525
262 526
262 527
262 528
262 529
263 530
264 531
264 532
264 533
264 534
265 535
266 536
266 537
266 538
266 539
267 540
268 541
269 542
269 543
269 544
270 545
270 546
270 547
271 548
272 549
273 550
274 551
275 552
275 553
275 554
275 555
275 556
276 557
276 558
277 559
277 560
277 561
278 562
279 563
279 564
279 565
280 566
281 567
281 568
282 569
282 570
283 571
283 572
284 573
285 574
285 575
285 576
285 577
286 578
286 579
287 580
288 581
288 582
289 583
289 584
289 585
290 586
291 587
291 588
292 589
292 590
293 591
293 592
293 593
293 594
294 595
295 596
295 597
296 598
296 599
297 600
297 601
297 602
298 603
299 604
299 605
300 606
300 607
301 608
301 609
302 610
302 611
302 612
303 613
303 614
303 615
303 616
304 617
305 618
306 619
306 620
306 621
306 622
307 623
308 624
309 625
309 626
309 627
310 628
310 629
311 630
312 631
312 632
313 633
314 634
315 635
315 636
315 637
315 638
316 639
317 640
317 641
318 642
319 643
319 644
319 645
320 646
320 647
321 648
321 649
322 650
322 651
323 652
323 653
323 654
324 655
325 656
326 657
326 658
327 659
328 660
328 661
328 662
329 663
330 664
330 665
330 666
331 667
331 668
332 669
332 670
333 671
333 672
334 673
334 674
335 675
336 676
336 677
336 678
336 679
337 680
337 681
338 682
338 683
339 684
340 685
341 686
341 687
341 688
341 689
342 690
343 691
343 692
343 693
344 694
344 695
345 696
345 697
346 698
347 699
347 700
347 701
348 702
349 703
349 704
350 705
350 706
351 707
351 708
351 709
351 710
352 711
353 712
353 713
354 714
354 715
354 716
355 717
356 718
356 719
356 720
357 721
357 722
358 723
359 724
359 725
360 726
360 727
361 728
361 729
362 730
362 731
363 732
364 733
364 734
365 735
366 736
367 737
367 738
367 739
368 740
369 741
369 742
369 743
369 744
369 745
370 746
371 747
371 748
371 749
371 750
372 751
372 752
373 753
373 754
373 755
374 756
374 757
375 758
375 759
376 760
377 761
377 762
378 763
378 764
378 765
378 766
379 767
379 768
380 769
381 770
382 771
383 772
383 773
384 774
384 775
384 776
384 777
384 778
385 779
386 780
387 781
387 782
388 783
388 784
388 785
388 786
388 787
389 788
389 789
389 790
390 791
391 792
391 793
391 794
392 795
393 796
394 797
394 798
394 799
394 800
395 801
396 802
396 803
396 804
397 805
397 806
398 807
399 808
400 809
400 810
400 811
400 812
401 813
402 814
402 815
402 816
402 817
403 818
404 819
404 820
404 821
405 822
406 823
407 824
408 825
408 826
409 827
409 828
409 829
409 830
410 831
411 832
411 833
411 834
412 835
412 836
413 837
413 838
414 839
414 840
414 841
414 842
415 843
415 844
415 845
416 846
416 847
417 848
418 849
419 850
420 851
420 852
421 853
421 854
421 855
421 856
422 857
423 858
423 859
423 860
424 861
424 862
425 863
425 864
426 865
426 866
426 867
427 868
427 869
428 870
429 871
430 872
430 873
431 874
431 875
432 876
432 877
432 878
433 879
433 880
434 881
435 882
436 883
437 884
437 885
437 886
438 887
438 888
439 889
439 890
440 891
441 892
441 893
441 894
442 895
443 896
444 897
445 898
445 899
445 900
445 901
445 902
446 903
447 904
447 905
448 906
448 907
449 908
450 909
451 910
451 911
452 912
452 913
452 914
452 915
453 916
454 917
454 918
454 919
455 920
456 921
457 922
457 923
457 924
457 925
457 926
458 927
459 928
459 929
459 930
460 931
460 932
460 933
461 934
462 935
463 936
464 937
464 938
464 939
465 940
465 941
465 942
465 943
466 944
467 945
468 946
468 947
469 948
470 949
470 950
470 951
470 952
470 953
470 954
471 955
472 956
472 957
473 958
474 959
475 960
475 961
476 962
477 963
477 964
477 965
478 966
478 967
479 968
479 969
480 970
480 971
480 972
481 973
481 974
481 975
482 976
483 977
484 978
484 979
484 980
484 981
485 982
485 983
485 984
485 985
486 986
487 987
487 988
487 989
488 990
489 991
490 992
490 993
490 994
491 995
492 996
492 997
493 998
494 999
494 1000
494 1001
495 1002
496 1003
496 1004
496 1005
497 1006
498 1007
498 1008
498 1009
498 1010
499 1011
500 1012
500 1013
500 1014
500 1015
501 1016
501 1017
502 1018
503 1019
504 1020
505 1021
505 1022
506 1023
506 1024
506 1025
506 1026
506 1027
507 1028
507 1029
508 1030
509 1031
509 1032
509 1033
509 1034
509 1035
510 1036
511 1037
511 1038
512 1039
513 1040
513 1041
513 1042
514 1043
515 1044
516 1045
516 1046
517 1047
517 1048
518 1049
519 1050
519 1051
520 1052
521 1053
521 1054
521 1055
522 1056
523 1057
523 1058
523 1059
524 1060
525 1061
526 1062
526 1063
526 1064
527 1065
528 1066
528 1067
528 1068
528 1069
529 1070
529 1071
529 1072
530 1073
531 1074
531 1075
532 1076
533 1077
533 1078
533 1079
534 1080
534 1081
535 1082
536 1083
537 1084
538 1085
538 1086
539 1087
539 1088
539 1089
540 1090
541 1091
542 1092
542 1093
542 1094
543 1095
543 1096
543 1097
544 1098
545 1099
546 1100
546 1101
547 1102
547 1103
547 1104
547 1105
547 1106
548 1107
549 1108
550 1109
551 1110
551 1111
551 1112
551 1113
551 1114
551 1115
552 1116
553 1117
554 1118
555 1119
556 1120
556 1121
556 1122
557 1123
558 1124
559 1125
560 1126
560 1127
560 1128
560 1129
560 1130
561 1131
562 1132
563 1133
563 1134
563 1135
563 1136
564 1137
565 1138
565 1139
566 1140
566 1141
567 1142
568 1143
569 1144
570 1145
570 1146
570 1147
570 1148
570 1149
571 1150
572 1151
572 1152
572 1153
573 1154
573 1155
574 1156
575 1157
576 1158
576 1159
577 1160
577 1161
577 1162
578 1163
578 1164
578 1165
578 1166
579 1167
580 1168
581 1169
582 1170
582 1171
582 1172
583 1173
583 1174
583 1175
584 1176
584 1177
584 1178
585 1179
586 1180
586 1181
586 1182
587 1183
588 1184
588 1185
588 1186
589 1187
589 1188
589 1189
589 1190
590 1191
590 1192
591 1193
592 1194
592 1195
593 1196
593 1197
593 1198
593 1199
594 1200
595 1201
596 1202
597 1203
597 1204
597 1205
598 1206
598 1207
599 1208
599 1209
599 1210
599 1211
600 1212
601 1213
602 1214
602 1215
603 1216
603 1217
603 1218
604 1219
605 1220
605 1221
605 1222
605 1223
605 1224
606 1225
607 1226
608 1227
609 1228
609 1229
609 1230
609 1231
610 1232
611 1233
611 1234
611 1235
612 1236
613 1237
613 1238
613 1239
614 1240
614 1241
615 1242
616 1243
617 1244
618 1245
619 1246
619 1247
619 1248
619 1249
620 1250
621 1251
621 1252
622 1253
623 1254
624 1255
624 1256
624 1257
625 1258
626 1259
626 1260
626 1261
626 1262
626 1263
627 1264
628 1265
629 1266
630 1267
630 1268
631 1269
631 1270
631 1271
631 1272
631 1273
631 1274
632 1275
633 1276
634 1277
634 1278
634 1279
635 1280
635 1281
636 1282
637 1283
638 1284
639 1285
639 1286
639 1287
640 1288
640 1289
640 1290
640 1291
640 1292
641 1293
642 1294
643 1295
643 1296
644 1297
644 1298
644 1299
644 1300
645 1301
646 1302
647 1303
648 1304
648 1305
648 1306
648 1307
649 1308
650 1309
650 1310
650 1311
651 1312
652 1313
652 1314
652 1315
652 1316
653 1317
654 1318
655 1319
656 1320
656 1321
656 1322
657 1323
657 1324
657 1325
657 1326
657 1327
657 1328
658 1329
658 1330
658 1331
658 1332
659 1333
660 1334
661 1335
662 1336
663 1337
663 1338
663 1339
664 1340
665 1341
666 1342
667 1343
667 1344
667 1345
668 1346
668 1347
668 1348
668 1349
669 1350
670 1351
671 1352
672 1353
673 1354
673 1355
674 1356
674 1357
674 1358
674 1359
675 1360
676 1361
677 1362
678 1363
679 1364
679 1365
679 1366
679 1367
679 1368
680 1369
681 1370
681 1371
682 1372
683 1373
684 1374
684 1375
684 1376
684 1377
685 1378
685 1379
686 1380
687 1381
688 1382
688 1383
689 1384
689 1385
690 1386
691 1387
692 1388
692 1389
692 1390
693 1391
693 1392
693 1393
693 1394
693 1395
694 1396
695 1397
696 1398
696 1399
696 1400
697 1401
698 1402
698 1403
699 1404
700 1405
701 1406
701 1407
701 1408
701 1409
702 1410
703 1411
704 1412
704 1413
704 1414
705 1415
706 1416
707 1417
707 1418
707 1419
708 1420
709 1421
709 1422
709 1423
710 1424
710 1425
711 1426
712 1427
712 1428
713 1429
713 1430
714 1431
714 1432
714 1433
714 1434
714 1435
715 1436
716 1437
716 1438
716 1439
717 1440
717 1441
718 1442
719 1443
720 1444
720 1445
720 1446
721 1447
722 1448
722 1449
722 1450
723 1451
723 1452
724 1453
724 1454
724 1455
725 1456
726 1457
727 1458
727 1459
727 1460
728 1461
729 1462
730 1463
730 1464
730 1465
730 1466
731 1467
731 1468
731 1469
732 1470
733 1471
734 1472
735 1473
735 1474
736 1475
736 1476
736 1477
737 1478
737 1479
738 1480
738 1481
738 1482
739 1483
740 1484
741 1485
742 1486
743 1487
743 1488
743 1489
744 1490
744 1491
744 1492
745 1493
745 1494
746 1495
747 1496
747 1497
748 1498
748 1499
749 1500
750 1501
750 1502
750 1503
751 1504
751 1505
751 1506
752 1507
753 1508
754 1509
754 1510
754 1511
754 1512
754 1513
754 1514
755 1515
756 1516
756 1517
757 1518
758 1519
759 1520
760 1521
760 1522
761 1523
761 1524
761 1525
762 1526
763 1527
763 1528
764 1529
764 1530
764 1531
764 1532
765 1533
765 1534
766 1535
766 1536
766 1537
767 1538
768 1539
769 1540
769 1541
769 1542
770 1543
770 1544
771 1545
771 1546
771 1547
772 1548
773 1549
773 1550
774 1551
775 1552
775 1553
775 1554
775 1555
776 1556
777 1557
778 1558
778 1559
778 1560
778 1561
779 1562
780 1563
781 1564
782 1565
782 1566
782 1567
783 1568
784 1569
785 1570
786 1571
786 1572
787 1573
788 1574
788 1575
788 1576
788 1577
788 1578
788 1579
788 1580
789 1581
789 1582
789 1583
790 1584
791 1585
792 1586
793 1587
793 1588
794 1589
795 1590
795 1591
795 1592
796 1593
796 1594
796 1595
796 1596
797 1597
798 1598
798 1599
799 1600
800 1601
800 1602
800 1603
801 1604
801 1605
801 1606
802 1607
803 1608
803 1609
803 1610
804 1611
805 1612
805 1613
805 1614
806 1615
807 1616
807 1617
808 1618
808 1619
809 1620
810 1621
810 1622
810 1623
810 1624
810 1625
811 1626
811 1627
812 1628
812 1629
813 1630
814 1631
814 1632
815 1633
816 1634
816 1635
816 1636
816 1637
816 1638
817 1639
817 1640
818 1641
819 1642
820 1643
821 1644
821 1645
821 1646
822 1647
822 1648
822 1649
823 1650
823 1651
824 1652
825 1653
826 1654
826 1655
827 1656
828 1657
829 1658
830 1659
830 1660
830 1661
830 1662
830 1663
830 1664
831 1665
832 1666
833 1667
834 1668
834 1669
834 1670
835 1671
835 1672
836 1673
837 1674
838 1675
838 1676
838 1677
839 1678
840 1679
841 1680
841 1681
842 1682
843 1683
843 1684
843 1685
843 1686
843 1687
844 1688
844 1689
844 1690
844 1691
845 1692
845 1693
846 1694
847 1695
848 1696
848 1697
848 1698
848 1699
849 1700
850 1701
851 1702
852 1703
853 1704
853 1705
853 1706
854 1707
854 1708
854 1709
855 1710
856 1711
857 1712
858 1713
858 1714
858 1715
858 1716
859 1717
860 1718
861 1719
861 1720
861 1721
862 1722
863 1723
864 1724
864 1725
865 1726
866 1727
867 1728
867 1729
867 1730
867 1731
867 1732
867 1733
868 1734
869 1735
870 1736
870 1737
870 1738
871 1739
872 1740
873 1741
874 1742
874 1743
874 1744
875 1745
875 1746
875 1747
875 1748
875 1749
876 1750
877 1751
878 1752
879 1753
880 1754
880 1755
881 1756
882 1757
882 1758
882 1759
882 1760
883 1761
884 1762
885 1763
885 1764
885 1765
885 1766
886 1767
886 1768
886 1769
886 1770
887 1771
888 1772
888 1773
889 1774
889 1775
889 1776
890 1777
891 1778
892 1779
893 1780
893 1781
894 1782
894 1783
894 1784
895 1785
896 1786
896 1787
897 1788
898 1789
899 1790
899 1791
899 1792
899 1793
900 1794
900 1795
900 1796
900 1797
901 1798
902 1799
902 1800
903 1801
903 1802
903 1803
904 1804
905 1805
906 1806
907 1807
907 1808
907 1809
907 1810
908 1811
909 1812
909 1813
909 1814
909 1815
909 1816
910 1817
911 1818
911 1819
911 1820
912 1821
913 1822
914 1823
915 1824
915 1825
915 1826
915 1827
916 1828
917 1829
917 1830
918 1831
919 1832
920 1833
920 1834
920 1835
920 1836
921 1837
922 1838
923 1839
923 1840
923 1841
923 1842
923 1843
924 1844
924 1845
924 1846
925 1847
926 1848
927 1849
928 1850
928 1851
928 1852
928 1853
929 1854
930 1855
930 1856
930 1857
930 1858
930 1859
931 1860
932 1861
933 1862
933 1863
933 1864
934 1865
935 1866
935 1867
936 1868
936 1869
936 1870
936 1871
936 1872
937 1873
938 1874
939 1875
940 1876
941 1877
941 1878
941 1879
941 1880
942 1881
942 1882
942 1883
943 1884
943 1885
944 1886
945 1887
945 1888
945 1889
945 1890
946 1891
947 1892
947 1893
947 1894
948 1895
949 1896
950 1897
950 1898
950 1899
950 1900
950 1901
951 1902
952 1903
953 1904
953 1905
953 1906
953 1907
954 1908
954 1909
955 1910
956 1911
957 1912
958 1913
959 1914
960 1915
960 1916
960 1917
960 1918
960 1919
961 1920
962 1921
963 1922
964 1923
965 1924
965 1925
965 1926
965 1927
965 1928
965 1929
966 1930
967 1931
967 1932
967 1933
967 1934
968 1935
969 1936
970 1937
971 1938
971 1939
971 1940
972 1941
973 1942
973 1943
973 1944
973 1945
974 1946
975 1947
976 1948
976 1949
976 1950
977 1951
978 1952
978 1953
978 1954
979 1955
979 1956
979 1957
979 1958
979 1959
979 1960
980 1961
981 1962
982 1963
982 1964
983 1965
984 1966
984 1967
984 1968
985 1969
986 1970
986 1971
986 1972
986 1973
986 1974
986 1975
987 1976
987 1977
988 1978
989 1979
990 1980
991 1981
991 1982
991 1983
991 1984
992 1985
993 1986
994 1987
995 1988
996 1989
996 1990
996 1991
996 1992
996 1993
997 1994
997 1995
997 1996
997 1997
998 1998
999 1999
1000 2000
1001 2001
1002 2002
1002 2003
1002 2004
1003 2005
1003 2006
1003 2007
1003 2008
1004 2009
1005 2010
1006 2011
1007 2012
1007 2013
1007 2014
1007 2015
1007 2016
1008 2017
1009 2018
1010 2019
1010 2020
1011 2021
1012 2022
1013 2023
1014 2024
1014 2025
1015 2026
1016 2027
1017 2028
1017 2029
1017 2030
1018 2031
1019 2032
1020 2033
1020 2034
1020 2035
1020 2036
1020 2037
1020 2038
1021 2039
1022 2040
1023 2041
1024 2042
1025 2043
1025 2044
1025 2045
1025 2046
1026 2047
1027 2048
1028 2049
1029 2050
1030 2051
1031 2052
1032 2053
1033 2054
1033 2055
1033 2056
1033 2057
1033 2058
1033 2059
1034 2060
1035 2061
1035 2062
1036 2063
1037 2064
1037 2065
1038 2066
1039 2067
1039 2068
1039 2069
1040 2070
1040 2071
1040 2072
1041 2073
1041 2074
1041 2075
1041 2076
1042 2077
1043 2078
1044 2079
1045 2080
1046 2081
1046 2082
1046 2083
1046 2084
1046 2085
1046 2086
1047 2087
1048 2088
1049 2089
1050 2090
1051 2091
1052 2092
1052 2093
1052 2094
1053 2095
1054 2096
1054 2097
1054 2098
1054 2099
1054 2100
1054 2101
1055 2102
1055 2103
1056 2104
1056 2105
1056 2106
1057 2107
1058 2108
1058 2109
1059 2110
1060 2111
1060 2112
1061 2113
1062 2114
1062 2115
1062 2116
1062 2117
1063 2118
1063 2119
1063 2120
1064 2121
1064 2122
1064 2123
1065 2124
1066 2125
1067 2126
1068 2127
1068 2128
1068 2129
1068 2130
1069 2131
1070 2132
1071 2133
1071 2134
1071 2135
1072 2136
1072 2137
1072 2138
1072 2139
1072 2140
1073 2141
1074 2142
1075 2143
1076 2144
1077 2145
1077 2146
1077 2147
1077 2148
1078 2149
1079 2150
1080 2151
1080 2152
1080 2153
1081 2154
1081 2155
1081 2156
1082 2157
1083 2158
1083 2159
1083 2160
1084 2161
1085 2162
1085 2163
1086 2164
1086 2165
1087 2166
1087 2167
1088 2168
1088 2169
1088 2170
1088 2171
1089 2172
1090 2173
1091 2174
1091 2175
1092 2176
1092 2177
1092 2178
1093 2179
1093 2180
1094 2181
1095 2182
1096 2183
1096 2184
1096 2185
1096 2186
1096 2187
1097 2188
1098 2189
1099 2190
1100 2191
1101 2192
1101 2193
1101 2194
1101 2195
1102 2196
1103 2197
1104 2198
1104 2199
1104 2200
1104 2201
1105 2202
1106 2203
1107 2204
1107 2205
1107 2206
1108 2207
1108 2208
1109 2209
1110 2210
1110 2211
1111 2212
1112 2213
1113 2214
1114 2215
1114 2216
1114 2217
1114 2218
1115 2219
1116 2220
1117 2221
1117 2222
1117 2223
1118 2224
1119 2225
1119 2226
1119 2227
1120 2228
1120 2229
1120 2230
1120 2231
1120 2232
1120 2233
1121 2234
1122 2235
1123 2236
1123 2237
1124 2238
1125 2239
1126 2240
1126 2241
1127 2242
1128 2243
1128 2244
1128 2245
1129 2246
1130 2247
1131 2248
1131 2249
1131 2250
1131 2251
1132 2252
1133 2253
1134 2254
1134 2255
1134 2256
1134 2257
1135 2258
1136 2259
1136 2260
1136 2261
1136 2262
1137 2263
1138 2264
1138 2265
1139 2266
1140 2267
1141 2268
1141 2269
1142 2270
1143 2271
1143 2272
1143 2273
1143 2274
1144 2275
1145 2276
1146 2277
1147 2278
1147 2279
1147 2280
1147 2281
1147 2282
1147 2283
1147 2284
1148 2285
1149 2286
1150 2287
1151 2288
1152 2289
1152 2290
1152 2291
1152 2292
1152 2293
1152 2294
1152 2295
1153 2296
1154 2297
1155 2298
1156 2299
1156 2300
1156 2301
1157 2302
1158 2303
1159 2304
1160 2305
1160 2306
1161 2307
1161 2308
1161 2309
1161 2310
1162 2311
1163 2312
1164 2313
1164 2314
1164 2315
1164 2316
1164 2317
1165 2318
1166 2319
1166 2320
1167 2321
1168 2322
1168 2323
1168 2324
1168 2325
1169 2326
1170 2327
1171 2328
1172 2329
1172 2330
1172 2331
1172 2332
1172 2333
1172 2334
1173 2335
1174 2336
1174 2337
1174 2338
1175 2339
1176 2340
1177 2341
1178 2342
1178 2343
1178 2344
1179 2345
1180 2346
1181 2347
1181 2348
1181 2349
1181 2350
1182 2351
1182 2352
1182 2353
1182 2354
1183 2355
1184 2356
1185 2357
1186 2358
1186 2359
1186 2360
1186 2361
1187 2362
1188 2363
1189 2364
1189 2365
1189 2366
1190 2367
1191 2368
1192 2369
1192 2370
1192 2371
1192 2372
1193 2373
1194 2374
1195 2375
1196 2376
1196 2377
1196 2378
1197 2379
1198 2380
1198 2381
1198 2382
1199 2383
1199 2384
1199 2385
1199 2386
1199 2387
1199 2388
1200 2389
1201 2390
1202 2391
1203 2392
1204 2393
1205 2394
1205 2395
1205 2396
1206 2397
1206 2398
1206 2399
1206 2400
1206 2401
1206 2402
1207 2403
1208 2404
1209 2405
1209 2406
1209 2407
1209 2408
1210 2409
1211 2410
1212 2411
1213 2412
1213 2413
1214 2414
1215 2415
1215 2416
1215 2417
1215 2418
1215 2419
1216 2420
1217 2421
1217 2422
1217 2423
1217 2424
1217 2425
1218 2426
1218 2427
1219 2428
1220 2429
1220 2430
1221 2431
1221 2432
1221 2433
1222 2434
1223 2435
1224 2436
1225 2437
1226 2438
1227 2439
1227 2440
1227 2441
1227 2442
1227 2443
1227 2444
1227 2445
1228 2446
1229 2447
1230 2448
1231 2449
1232 2450
1233 2451
1233 2452
1233 2453
1234 2454
1234 2455
1234 2456
1235 2457
1235 2458
1235 2459
1235 2460
1235 2461
1235 2462
1236 2463
1237 2464
1238 2465
1239 2466
1240 2467
1241 2468
1241 2469
1241 2470
1241 2471
1242 2472
1243 2473
1244 2474
1244 2475
1245 2476
1246 2477
1246 2478
1246 2479
1246 2480
1247 2481
1247 2482
1247 2483
1247 2484
1247 2485
1247 2486
1247 2487
1248 2488
1249 2489
1249 2490
1250 2491
1251 2492
1252 2493
1253 2494
1254 2495
1254 2496
1254 2497
1254 2498
1255 2499
1256 2500
1257 2501
1258 2502
1259 2503
1260 2504
1261 2505
1261 2506
1261 2507
1261 2508
1261 2509
1261 2510
1261 2511
1261 2512
1262 2513
1263 2514
1264 2515
1265 2516
1266 2517
1267 2518
1267 2519
1267 2520
1267 2521
1267 2522
1267 2523
1267 2524
1268 2525
1268 2526
1269 2527
1270 2528
1271 2529
1272 2530
1273 2531
1274 2532
1274 2533
1274 2534
1274 2535
1274 2536
1274 2537
1275 2538
1276 2539
1277 2540
1277 2541
1277 2542
1277 2543
1278 2544
1279 2545
1280 2546
1281 2547
1281 2548
1281 2549
1282 2550
1283 2551
1283 2552
1283 2553
1284 2554
1285 2555
1286 2556
1286 2557
1286 2558
1286 2559
1287 2560
1287 2561
1287 2562
1287 2563
1287 2564
1288 2565
1289 2566
1290 2567
1291 2568
1292 2569
1292 2570
1292 2571
1293 2572
1294 2573
1294 2574
1294 2575
1294 2576
1294 2577
1294 2578
1295 2579
1296 2580
1297 2581
1298 2582
1299 2583
1300 2584
1300 2585
1301 2586
1302 2587
1302 2588
1302 2589
1303 2590
1304 2591
1305 2592
1305 2593
1305 2594
1305 2595
1305 2596
1305 2597
1305 2598
1306 2599
1307 2600
1308 2601
1309 2602
1309 2603
1309 2604
1310 2605
1310 2606
1310 2607
1310 2608
1311 2609
1311 2610
1312 2611
1313 2612
1313 2613
1313 2614
1313 2615
1314 2616
1315 2617
1316 2618
1316 2619
1316 2620
1316 2621
1316 2622
1317 2623
1318 2624
1319 2625
1320 2626
1320 2627
1320 2628
1320 2629
1320 2630
1321 2631
1322 2632
1323 2633
1324 2634
1325 2635
1326 2636
1326 2637
1326 2638
1326 2639
1326 2640
1327 2641
1328 2642
1329 2643
1330 2644
1330 2645
1330 2646
1330 2647
1331 2648
1332 2649
1333 2650
1333 2651
1333 2652
1333 2653
1333 2654
1334 2655
1334 2656
1334 2657
1334 2658
1335 2659
1336 2660
1336 2661
1336 2662
1336 2663
1336 2664
1337 2665
1338 2666
1338 2667
1339 2668
1340 2669
1341 2670
1341 2671
1342 2672
1342 2673
1343 2674
1344 2675
1344 2676
1344 2677
1344 2678
1344 2679
1345 2680
1346 2681
1346 2682
1346 2683
1346 2684
1346 2685
1347 2686
1348 2687
1348 2688
1348 2689
1349 2690
1350 2691
1351 2692
1352 2693
1352 2694
1353 2695
1353 2696
1353 2697
1353 2698
1354 2699
1354 2700
1354 2701
1355 2702
1356 2703
1357 2704
1357 2705
1357 2706
1358 2707
1358 2708
1358 2709
1359 2710
1360 2711
1360 2712
1360 2713
1360 2714
1360 2715
1361 2716
1362 2717
1362 2718
1363 2719
1364 2720
1365 2721
1365 2722
1365 2723
1365 2724
1366 2725
1367 2726
1368 2727
1369 2728
1369 2729
1370 2730
1371 2731
1371 2732
1371 2733
1371 2734
1372 2735
1372 2736
1372 2737
1373 2738
1374 2739
1374 2740
1374 2741
1375 2742
1376 2743
1376 2744
1377 2745
1378 2746
1379 2747
1379 2748
1379 2749
1379 2750
1380 2751
1381 2752
1381 2753
1381 2754
1381 2755
1382 2756
1383 2757
1383 2758
1383 2759
1384 2760
1385 2761
1386 2762
1386 2763
1386 2764
1386 2765
1386 2766
1387 2767
1388 2768
1389 2769
1390 2770
1391 2771
1391 2772
1391 2773
1392 2774
1392 2775
1392 2776
1393 2777
1394 2778
1395 2779
1395 2780
1395 2781
1396 2782
1396 2783
1396 2784
1396 2785
1397 2786
1398 2787
1398 2788
1398 2789
1398 2790
1398 2791
1399 2792
1399 2793
1400 2794
1401 2795
1402 2796
1403 2797
1404 2798
1404 2799
1405 2800
1406 2801
1406 2802
1407 2803
1408 2804
1409 2805
1409 2806
1410 2807
1410 2808
1410 2809
1410 2810
1411 2811
1411 2812
1412 2813
1412 2814
1412 2815
1412 2816
1413 2817
1414 2818
1415 2819
1415 2820
1415 2821
1415 2822
1415 2823
1415 2824
1416 2825
1416 2826
1417 2827
1417 2828
1418 2829
1419 2830
1420 2831
1421 2832
1421 2833
1421 2834
1421 2835
1421 2836
1421 2837
1421 2838
1422 2839
1422 2840
1423 2841
1424 2842
1425 2843
1426 2844
1427 2845
1428 2846
1428 2847
1429 2848
1429 2849
1429 2850
1430 2851
1431 2852
1431 2853
1431 2854
1432 2855
1432 2856
1433 2857
1434 2858
1435 2859
1435 2860
1435 2861
1435 2862
1436 2863
1437 2864
1437 2865
1437 2866
1437 2867
1437 2868
1437 2869
1438 2870
1439 2871
1440 2872
1441 2873
1441 2874
1442 2875
1442 2876
1443 2877
1443 2878
1443 2879
1443 2880
1443 2881
1443 2882
1444 2883
1445 2884
1446 2885
1447 2886
1448 2887
1448 2888
1448 2889
1448 2890
1449 2891
1450 2892
1450 2893
1451 2894
1452 2895
1452 2896
1453 2897
1453 2898
1453 2899
1454 2900
1455 2901
1456 2902
1456 2903
1456 2904
1456 2905
1456 2906
1457 2907
1458 2908
1459 2909
1459 2910
1460 2911
1460 2912
1460 2913
1460 2914
1460 2915
1461 2916
1462 2917
1463 2918
1464 2919
1465 2920
1466 2921
1467 2922
1467 2923
1467 2924
1468 2925
1469 2926
1469 2927
1469 2928
1469 2929
1470 2930
1471 2931
1472 2932
1472 2933
1472 2934
1472 2935
1473 2936
1474 2937
1474 2938
1474 2939
1474 2940
1474 2941
1475 2942
1476 2943
1477 2944
1478 2945
1479 2946
1479 2947
1479 2948
1479 2949
1479 2950
1479 2951
1480 2952
1481 2953
1482 2954
1482 2955
1483 2956
1483 2957
1484 2958
1485 2959
1485 2960
1485 2961
1485 2962
1486 2963
1486 2964
1486 2965
1486 2966
1486 2967
1487 2968
1487 2969
1488 2970
1489 2971
1490 2972
1491 2973
1492 2974
1493 2975
1494 2976
1494 2977
1495 2978
1495 2979
1495 2980
1495 2981
1495 2982
1495 2983
1495 2984
1496 2985
1496 2986
1496 2987
1496 2988
1497 2989
1498 2990
1499 2991
1500 2992
1501 2993
1501 2994
1501 2995
1501 2996
1501 2997
1501 2998
1501 2999
1501 3000
1501 3001
1502 3002
1503 3003
1504 3004
1505 3005
1506 3006
1506 3007
1507 3008
1508 3009
1508 3010
1508 3011
1509 3012
1509 3013
1509 3014
1510 3015
1511 3016
1512 3017
1512 3018
1512 3019
1512 3020
1512 3021
1512 3022
1513 3023
1514 3024
1515 3025
1516 3026
1517 3027
1517 3028
1517 3029
1517 3030
1517 3031
1518 3032
1519 3033
1520 3034
1521 3035
1521 3036
1521 3037
1521 3038
1521 3039
1521 3040
1522 3041
1523 3042
1524 3043
1524 3044
1524 3045
1525 3046
1526 3047
1526 3048
1526 3049
1526 3050
1527 3051
1527 3052
1528 3053
1529 3054
1529 3055
1530 3056
1530 3057
1531 3058
1531 3059
1532 3060
1533 3061
1533 3062
1533 3063
1533 3064
1534 3065
1534 3066
1534 3067
1535 3068
1536 3069
1536 3070
1536 3071
1537 3072
1537 3073
1537 3074
1538 3075
1539 3076
1540 3077
1541 3078
1541 3079
1542 3080
1543 3081
1543 3082
1544 3083
1545 3084
1546 3085
1546 3086
1546 3087
1546 3088
1546 3089
1546 3090
1547 3091
1548 3092
1548 3093
1549 3094
1549 3095
1549 3096
1550 3097
1551 3098
1552 3099
1553 3100
1554 3101
1555 3102
1555 3103
1555 3104
1555 3105
1555 3106
1555 3107
1556 3108
1556 3109
1556 3110
1557 3111
1558 3112
1559 3113
1559 3114
1560 3115
1560 3116
1560 3117
1560 3118
1560 3119
1560 3120
1561 3121
1561 3122
1562 3123
1563 3124
1564 3125
1565 3126
1566 3127
1566 3128
1566 3129
1566 3130
1567 3131
1568 3132
1569 3133
1569 3134
1569 3135
1570 3136
1571 3137
1572 3138
1573 3139
1573 3140
1573 3141
1573 3142
1573 3143
1574 3144
1575 3145
1575 3146
1576 3147
1577 3148
1577 3149
1577 3150
1577 3151
1577 3152
1577 3153
1577 3154
1577 3155
1578 3156
1579 3157
1580 3158
1580 3159
1580 3160
1581 3161
1582 3162
1582 3163
1582 3164
1582 3165
1583 3166
1584 3167
1585 3168
1586 3169
1587 3170
1587 3171
1588 3172
1588 3173
1588 3174
1588 3175
1589 3176
1590 3177
1590 3178
1590 3179
1591 3180
1592 3181
1592 3182
1593 3183
1593 3184
1593 3185
1593 3186
1594 3187
1595 3188
1596 3189
1597 3190
1597 3191
1597 3192
1597 3193
1598 3194
1598 3195
1598 3196
1598 3197
1598 3198
1599 3199
1600 3200
1601 3201
1602 3202
1603 3203
1604 3204
1604 3205
1604 3206
1604 3207
1604 3208
1604 3209
1605 3210
1605 3211
1606 3212
1606 3213
1607 3214
1607 3215
1608 3216
1608 3217
1609 3218
1610 3219
1610 3220
1610 3221
1610 3222
1611 3223
1612 3224
1613 3225
1614 3226
1614 3227
1614 3228
1614 3229
1614 3230
1615 3231
1616 3232
1616 3233
1617 3234
1617 3235
1617 3236
1618 3237
1618 3238
1618 3239
1619 3240
1620 3241
1621 3242
1621 3243
1621 3244
1621 3245
1622 3246
1623 3247
1624 3248
1624 3249
1624 3250
1624 3251
1625 3252
1626 3253
1627 3254
1627 3255
1627 3256
1627 3257
1628 3258
1629 3259
1630 3260
1630 3261
1630 3262
1631 3263
1631 3264
1631 3265
1632 3266
1633 3267
1633 3268
1634 3269
1635 3270
1636 3271
1637 3272
1638 3273
1638 3274
1639 3275
1640 3276
1641 3277
1641 3278
1641 3279
1641 3280
1641 3281
1641 3282
1641 3283
1641 3284
1641 3285
1642 3286
1643 3287
1644 3288
1645 3289
1646 3290
1647 3291
1647 3292
1647 3293
1648 3294
1648 3295
1648 3296
1648 3297
1649 3298
1650 3299
1651 3300
1652 3301
1652 3302
1652 3303
1652 3304
1652 3305
1653 3306
1653 3307
1653 3308
1653 3309
1654 3310
1655 3311
1656 3312
1656 3313
1656 3314
1656 3315
1657 3316
1658 3317
1659 3318
1660 3319
1661 3320
1662 3321
1663 3322
1664 3323
1665 3324
1666 3325
1667 3326
1668 3327
1669 3328
1670 3329
1671 3330
1672 3331
1673 3332
1674 3333
1675 3334
1676 3335
1677 3336
1678 3337
1679 3338
1680 3339
1681 3340
1682 3341
1683 3341
1684 3342
1685 3343
1686 3344
1687 3344
1688 3344
1689 3345
1690 3346
1691 3347
1692 3347
1693 3347
1694 3348
1695 3348
1696 3349
1697 3349
1698 3350
1699 3350
1700 3351
1701 3351
1702 3351
1703 3351
1704 3352
1705 3353
1706 3354
1707 3355
1708 3355
1709 3356
1710 3356
1711 3356
1712 3357
1713 3357
1714 3357
1715 3358
1716 3359
1717 3359
1718 3359
1719 3360
1720 3361
1721 3362
1722 3362
1723 3362
1724 3362
1725 3363
1726 3364
1727 3365
1728 3365
1729 3365
1730 3365
1731 3366
1732 3366
1733 3366
1734 3367
1735 3367
1736 3368
1737 3368
1738 3369
1739 3369
1740 3370
1741 3371
1742 3371
1743 3372
1744 3372
1745 3372
1746 3373
1747 3374
1748 3374
1749 3374
1750 3374
1751 3374
1752 3375
1753 3376
1754 3376
1755 3376
1756 3377
1757 3378
1758 3379
1759 3380
1760 3380
1761 3380
1762 3380
1763 3381
1764 3382
1765 3383
1766 3383
1767 3384
1768 3384
1769 3385
1770 3386
1771 3386
1772 3387
1773 3387
1774 3387
1775 3387
1776 3388
1777 3389
1778 3389
1779 3389
1780 3389
1781 3390
1782 3391
1783 3392
1784 3393
1785 3393
1786 3393
1787 3394
1788 3395
1789 3395
1790 3395
1791 3396
1792 3396
1793 3397
1794 3398
1795 3399
1796 3399
1797 3399
1798 3399
1799 3400
1800 3401
1801 3401
1802 3401
1803 3401
1804 3402
1805 3403
1806 3404
1807 3404
1808 3404
1809 3405
1810 3406
1811 3407
1812 3408
1813 3409
1814 3409
1815 3409
1816 3409
1817 3410
1818 3411
1819 3412
1820 3413
1821 3413
1822 3413
1823 3413
1824 3413
1825 3414
1826 3415
1827 3415
1828 3416
1829 3417
1830 3418
1831 3418
1832 3418
1833 3418
1834 3419
1835 3420
1836 3420
1837 3420
1838 3421
1839 3422
1840 3423
1841 3424
1842 3424
1843 3425
1844 3425
1845 3426
1846 3426
1847 3426
1848 3427
1849 3428
1850 3429
1851 3430
1852 3430
1853 3431
1854 3432
1855 3433
1856 3433
1857 3434
1858 3434
1859 3434
1860 3435
1861 3436
1862 3436
1863 3436
1864 3437
1865 3438
1866 3439
1867 3440
1868 3440
1869 3440
1870 3441
1871 3441
1872 3442
1873 3442
1874 3442
1875 3442
1876 3442
1877 3443
1878 3443
1879 3444
1880 3445
1881 3445
1882 3446
1883 3447
1884 3447
1885 3448
1886 3449
1887 3450
1888 3450
1889 3450
1890 3451
1891 3451
1892 3452
1893 3453
1894 3454
1895 3454
1896 3454
1897 3454
1898 3455
1899 3455
1900 3455
1901 3455
1902 3456
1903 3457
1904 3457
1905 3457
1906 3458
1907 3458
1908 3458
1909 3459
1910 3460
1911 3460
1912 3460
1913 3461
1914 3462
1915 3463
1916 3463
1917 3464
1918 3464
1919 3464
1920 3464
1921 3465
1922 3466
1923 3467
1924 3467
1925 3467
1926 3467
1927 3468
1928 3469
1929 3469
1930 3470
1931 3471
1932 3471
1933 3472
1934 3472
1935 3473
1936 3474
1937 3474
1938 3475
1939 3476
1940 3476
1941 3476
1942 3476
1943 3477
1944 3477
1945 3478
1946 3478
1947 3478
1948 3478
1949 3478
1950 3479
1951 3480
1952 3481
1953 3481
1954 3481
1955 3482
1956 3482
1957 3483
1958 3484
1959 3485
1960 3485
1961 3485
1962 3486
1963 3486
1964 3486
1965 3486
1966 3487
1967 3487
1968 3487
1969 3488
1970 3489
1971 3490
1972 3491
1973 3491
1974 3491
1975 3492
1976 3493
1977 3494
1978 3494
1979 3494
1980 3495
1981 3496
1982 3496
1983 3497
1984 3497
1985 3498
1986 3499
1987 3499
1988 3499
1989 3499
1990 3500
1991 3500
1992 3500
1993 3501
1994 3502
1995 3502
1996 3502
1997 3502
1998 3503
1999 3504
2000 3504
2001 3505
2002 3505
2003 3506
2004 3506
2005 3507
2006 3508
2007 3508
2008 3508
2009 3509
2010 3509
2011 3510
2012 3510
2013 3510
2014 3511
2015 3512
2016 3512
2017 3512
2018 3513
2019 3513
2020 3514
2021 3514
2022 3515
2023 3515
2024 3516
2025 3517
2026 3517
2027 3517
2028 3518
2029 3518
2030 3519
2031 3519
2032 3519
2033 3520
2034 3521
2035 3521
2036 3521
2037 3521
2038 3522
2039 3522
2040 3523
2041 3523
2042 3524
2043 3524
2044 3524
2045 3525
2046 3526
2047 3526
2048 3526
2049 3527
2050 3528
2051 3528
2052 3528
2053 3529
2054 3530
2055 3531
2056 3531
2057 3532
2058 3533
2059 3533
2060 3533
2061 3534
2062 3534
2063 3534
2064 3535
2065 3536
2066 3536
2067 3536
2068 3536
2069 3537
2070 3537
2071 3538
2072 3538
2073 3539
2074 3539
2075 3539
2076 3540
2077 3541
2078 3541
2079 3541
2080 3542
2081 3543
2082 3544
2083 3544
2084 3544
2085 3545
2086 3545
2087 3546
2088 3546
2089 3546
2090 3547
2091 3547
2092 3547
2093 3548
2094 3548
2095 3548
2096 3549
2097 3549
2098 3550
2099 3550
2100 3551
2101 3551
2102 3551
2103 3551
2104 3552
2105 3553
2106 3554
2107 3554
2108 3554
2109 3555
2110 3555
2111 3556
2112 3556
2113 3556
2114 3557
2115 3557
2116 3558
2117 3559
2118 3560
2119 3560
2120 3561
2121 3561
2122 3562
2123 3562
2124 3562
2125 3563
2126 3563
2127 3563
2128 3564
2129 3565
2130 3565
2131 3565
2132 3566
2133 3567
2134 3568
2135 3568
2136 3568
2137 3569
2138 3570
2139 3571
2140 3571
2141 3571
2142 3571
2143 3572
2144 3573
2145 3573
2146 3574
2147 3574
2148 3574
2149 3575
2150 3575
2151 3575
2152 3575
2153 3576
2154 3577
2155 3577
2156 3578
2157 3578
2158 3578
2159 3579
2160 3579
2161 3580
2162 3580
2163 3581
2164 3581
2165 3582
2166 3582
2167 3583
2168 3583
2169 3584
2170 3584
2171 3584
2172 3585
2173 3585
2174 3586
2175 3587
2176 3588
2177 3588
2178 3589
2179 3590
2180 3590
2181 3590
2182 3590
2183 3591
2184 3592
2185 3593
2186 3593
2187 3594
2188 3594
2189 3594
2190 3594
2191 3595
2192 3596
2193 3597
2194 3598
2195 3598
2196 3598
2197 3598
2198 3599
2199 3599
2200 3600
2201 3601
2202 3602
2203 3602
2204 3603
2205 3603
2206 3604
2207 3605
2208 3605
2209 3606
2210 3606
2211 3607
2212 3607
2213 3608
2214 3608
2215 3608
2216 3608
2217 3609
2218 3609
2219 3610
2220 3611
2221 3612
2222 3612
2223 3613
2224 3613
2225 3614
2226 3615
2227 3615
2228 3615
2229 3615
2230 3616
2231 3617
2232 3617
2233 3617
2234 3618
2235 3619
2236 3620
2237 3620
2238 3620
2239 3620
2240 3621
2241 3621
2242 3621
2243 3622
2244 3623
2245 3624
2246 3624
2247 3625
2248 3626
2249 3627
2250 3628
2251 3628
2252 3628
2253 3628
2254 3629
2255 3630
2256 3631
2257 3631
2258 3631
2259 3632
2260 3632
2261 3633
2262 3633
2263 3634
2264 3635
2265 3636
2266 3636
2267 3636
2268 3636
2269 3636
2270 3636
2271 3636
2272 3636
2273 3637
2274 3638
2275 3639
2276 3640
2277 3640
2278 3640
2279 3640
2280 3641
2281 3642
2282 3643
2283 3643
2284 3644
2285 3644
2286 3645
2287 3645
2288 3645
2289 3645
2290 3645
2291 3645
2292 3646
2293 3647
2294 3648
2295 3649
2296 3649
2297 3649
2298 3649
2299 3650
2300 3650
2301 3650
2302 3651
2303 3652
2304 3653
2305 3654
2306 3655
2307 3656
2308 3657
2309 3657
2310 3657
2311 3658
2312 3659
2313 3659
2314 3659
2315 3659
2316 3659
2317 3660
2318 3661
2319 3661
2320 3661
2321 3662
2322 3663
2323 3663
2324 3663
2325 3663
2326 3664
2327 3665
2328 3665
2329 3665
2330 3666
2331 3667
2332 3667
2333 3668
2334 3668
2335 3668
2336 3668
2337 3668
2338 3669
2339 3670
2340 3670
2341 3671
2342 3672
2343 3673
2344 3673
2345 3673
2346 3673
2347 3674
2348 3675
2349 3675
2350 3675
2351 3675
2352 3675
2353 3676
2354 3677
2355 3678
2356 3679
2357 3679
2358 3679
2359 3679
2360 3680
2361 3680
2362 3681
2363 3682
2364 3683
2365 3683
2366 3683
2367 3684
2368 3685
2369 3685
2370 3686
2371 3687
2372 3687
2373 3687
2374 3687
2375 3688
2376 3689
2377 3690
2378 3690
2379 3690
2380 3691
2381 3692
2382 3692
2383 3692
2384 3692
2385 3692
2386 3692
2387 3693
2388 3694
2389 3694
2390 3694
2391 3694
2392 3695
2393 3696
2394 3697
2395 3697
2396 3697
2397 3697
2398 3698
2399 3699
2400 3700
2401 3701
2402 3701
2403 3701
2404 3701
2405 3701
2406 3702
2407 3702
2408 3703
2409 3703
2410 3704
2411 3705
2412 3705
2413 3705
2414 3705
2415 3706
2416 3706
2417 3707
2418 3708
2419 3708
2420 3708
2421 3708
2422 3709
2423 3709
2424 3710
2425 3711
2426 3712
2427 3712
2428 3712
2429 3713
2430 3713
2431 3713
2432 3713
2433 3714
2434 3715
2435 3715
2436 3716
2437 3716
2438 3717
2439 3718
2440 3718
2441 3718
2442 3718
2443 3719
2444 3719
2445 3720
2446 3720
2447 3720
2448 3720
2449 3721
2450 3722
2451 3722
2452 3722
2453 3723
2454 3724
2455 3725
2456 3726
2457 3726
2458 3726
2459 3727
2460 3728
2461 3728
2462 3729
2463 3729
2464 3730
2465 3730
2466 3730
2467 3731
2468 3732
2469 3732
2470 3732
2471 3733
2472 3733
2473 3734
2474 3734
2475 3735
2476 3736
2477 3737
2478 3738
2479 3738
2480 3738
2481 3739
2482 3739
2483 3740
2484 3741
2485 3742
2486 3742
2487 3742
2488 3743
2489 3744
2490 3745
2491 3745
2492 3745
2493 3745
2494 3745
2495 3746
2496 3746
2497 3747
2498 3748
2499 3748
2500 3748
2501 3749
2502 3750
2503 3750
2504 3750
2505 3751
2506 3752
2507 3753
2508 3754
2509 3754
2510 3754
2511 3754
2512 3755
2513 3756
2514 3756
2515 3756
2516 3756
2517 3756
2518 3757
2519 3757
2520 3758
2521 3758
2522 3759
2523 3759
2524 3760
2525 3761
2526 3762
2527 3763
2528 3764
2529 3764
2530 3764
2531 3764
2532 3765
2533 3765
2534 3765
2535 3766
2536 3766
2537 3767
2538 3768
2539 3768
2540 3769
2541 3770
2542 3771
2543 3772
2544 3772
2545 3772
2546 3773
2547 3774
2548 3775
2549 3775
2550 3775
2551 3776
2552 3776
2553 3776
2554 3776
2555 3776
2556 3776
2557 3776
2558 3777
2559 3778
2560 3779
2561 3780
2562 3780
2563 3780
2564 3781
2565 3781
2566 3781
2567 3781
2568 3781
2569 3782
2570 3782
2571 3783
2572 3784
2573 3785
2574 3786
2575 3787
2576 3787
2577 3787
2578 3787
2579 3788
2580 3789
2581 3789
2582 3790
2583 3791
2584 3791
2585 3792
2586 3792
2587 3792
2588 3792
2589 3793
2590 3793
2591 3794
2592 3794
2593 3795
2594 3795
2595 3795
2596 3796
2597 3797
2598 3797
2599 3797
2600 3797
2601 3798
2602 3798
2603 3798
2604 3798
2605 3799
2606 3800
2607 3801
2608 3802
2609 3802
2610 3802
2611 3803
2612 3804
2613 3805
2614 3805
2615 3805
2616 3805
2617 3806
2618 3806
2619 3806
2620 3807
2621 3808
2622 3808
2623 3808
2624 3808
2625 3808
2626 3808
2627 3809
2628 3809
2629 3810
2630 3810
2631 3811
2632 3812
2633 3812
2634 3813
2635 3814
2636 3814
2637 3814
2638 3815
2639 3815
2640 3816
2641 3817
2642 3817
2643 3817
2644 3818
2645 3818
2646 3819
2647 3820
2648 3821
2649 3821
2650 3821
2651 3821
2652 3821
2653 3822
2654 3823
2655 3824
2656 3825
2657 3826
2658 3827
2659 3827
2660 3827
2661 3827
2662 3827
2663 3828
2664 3829
2665 3830
2666 3830
2667 3830
2668 3831
2669 3832
2670 3833
2671 3833
2672 3833
2673 3833
2674 3834
2675 3835
2676 3835
2677 3835
2678 3835
2679 3836
2680 3836
2681 3837
2682 3838
2683 3839
2684 3839
2685 3840
2686 3840
2687 3840
2688 3841
2689 3841
2690 3841
2691 3842
2692 3843
2693 3843
2694 3844
2695 3844
2696 3845
2697 3846
2698 3847
2699 3847
2700 3847
2701 3847
2702 3847
2703 3848
2704 3848
2705 3849
2706 3849
2707 3850
2708 3851
2709 3852
2710 3852
2711 3852
2712 3853
2713 3853
2714 3853
2715 3853
2716 3853
2717 3854
2718 3855
2719 3856
2720 3856
2721 3856
2722 3857
2723 3857
2724 3858
2725 3859
2726 3860
2727 3861
2728 3862
2729 3862
2730 3862
2731 3862
2732 3862
2733 3863
2734 3864
2735 3865
2736 3866
2737 3866
2738 3867
2739 3868
2740 3869
2741 3869
2742 3869
2743 3869
2744 3870
2745 3871
2746 3872
2747 3873
2748 3873
2749 3873
2750 3873
2751 3873
2752 3874
2753 3875
2754 3876
2755 3877
2756 3877
2757 3877
2758 3878
2759 3878
2760 3878
2761 3878
2762 3878
2763 3879
2764 3880
2765 3880
2766 3881
2767 3881
2768 3882
2769 3882
2770 3882
2771 3883
2772 3883
2773 3884
2774 3885
2775 3886
2776 3887
2777 3888
2778 3888
2779 3888
2780 3888
2781 3888
2782 3888
2783 3889
2784 3889
2785 3889
2786 3890
2787 3891
2788 3892
2789 3893
2790 3893
2791 3894
2792 3894
2793 3894
2794 3894
2795 3894
2796 3895
2797 3896
2798 3896
2799 3896
2800 3896
2801 3897
2802 3898
2803 3899
2804 3900
2805 3901
2806 3901
2807 3902
2808 3902
2809 3902
2810 3902
2811 3902
2812 3903
2813 3904
2814 3904
2815 3905
2816 3905
2817 3905
2818 3906
2819 3906
2820 3907
2821 3908
2822 3909
2823 3910
2824 3910
2825 3910
2826 3911
2827 3911
2828 3912
2829 3912
2830 3912
2831 3913
2832 3914
2833 3915
2834 3915
2835 3915
2836 3916
2837 3917
2838 3917
2839 3917
2840 3917
2841 3917
2842 3918
2843 3919
2844 3920
2845 3920
2846 3920
2847 3920
2848 3920
2849 3921
2850 3922
2851 3922
2852 3923
2853 3923
2854 3924
2855 3925
2856 3926
2857 3927
2858 3927
2859 3928
2860 3929
2861 3930
2862 3930
2863 3930
2864 3931
2865 3931
2866 3931
2867 3932
2868 3932
2869 3933
2870 3934
2871 3935
2872 3936
2873 3936
2874 3936
2875 3936
2876 3937
2877 3938
2878 3938
2879 3938
2880 3939
2881 3940
2882 3941
2883 3941
2884 3941
2885 3942
2886 3943
2887 3943
2888 3943
2889 3943
2890 3944
2891 3945
2892 3945
2893 3945
2894 3946
2895 3946
2896 3946
2897 3947
2898 3947
2899 3947
2900 3947
2901 3948
2902 3949
2903 3949
2904 3950
2905 3951
2906 3952
2907 3952
2908 3953
2909 3953
2910 3953
2911 3953
2912 3954
2913 3955
2914 3956
2915 3956
2916 3956
2917 3956
2918 3957
2919 3958
2920 3959
2921 3959
2922 3959
2923 3959
2924 3960
2925 3961
2926 3962
2927 3962
2928 3963
2929 3964
2930 3965
2931 3965
2932 3965
2933 3965
2934 3966
2935 3966
2936 3966
2937 3967
2938 3968
2939 3969
2940 3969
2941 3969
2942 3969
2943 3969
2944 3970
2945 3971
2946 3972
2947 3972
2948 3973
2949 3973
2950 3973
2951 3973
2952 3974
2953 3974
2954 3975
2955 3976
2956 3976
2957 3976
2958 3977
2959 3978
2960 3978
2961 3979
2962 3979
2963 3980
2964 3981
2965 3981
2966 3981
2967 3982
2968 3982
2969 3983
2970 3984
2971 3984
2972 3984
2973 3984
2974 3985
2975 3985
2976 3986
2977 3986
2978 3987
2979 3988
2980 3989
2981 3989
2982 3989
2983 3989
2984 3989
2985 3990
2986 3991
2987 3992
2988 3993
2989 3993
2990 3994
2991 3994
2992 3995
2993 3995
2994 3995
2995 3996
2996 3996
2997 3997
2998 3997
2999 3998
3000 3999
3001 3999
3002 3999
3003 3999
3004 4000
3005 4000
3006 4001
3007 4002
3008 4002
3009 4002
3010 4003
3011 4003
3012 4004
3013 4004
3014 4004
3015 4004
3016 4005
3017 4006
3018 4006
3019 4006
3020 4007
3021 4007
3022 4007
3023 4008
3024 4009
3025 4009
3026 4009
3027 4010
3028 4010
3029 4011
3030 4012
3031 4013
3032 4013
3033 4013
3034 4013
3035 4014
3036 4015
3037 4015
3038 4015
3039 4015
3040 4016
3041 4017
3042 4018
3043 4019
3044 4019
3045 4019
3046 4019
3047 4020
3048 4020
3049 4021
3050 4022
3051 4023
3052 4023
3053 4023
3054 4024
3055 4025
3056 4026
3057 4026
3058 4026
3059 4027
3060 4027
3061 4027
3062 4028
3063 4029
3064 4029
3065 4029
3066 4030
3067 4031
3068 4032
3069 4033
3070 4034
3071 4034
3072 4034
3073 4035
3074 4036
3075 4036
3076 4037
3077 4037
3078 4037
3079 4038
3080 4038
3081 4039
3082 4039
3083 4040
3084 4041
3085 4041
3086 4041
3087 4042
3088 4043
3089 4043
3090 4043
3091 4044
3092 4045
3093 4046
3094 4046
3095 4046
3096 4046
3097 4047
3098 4047
3099 4047
3100 4047
3101 4048
3102 4049
3103 4050
3104 4051
3105 4051
3106 4051
3107 4052
3108 4052
3109 4053
3110 4054
3111 4054
3112 4055
3113 4055
3114 4055
3115 4055
3116 4055
3117 4056
3118 4057
3119 4058
3120 4058
3121 4059
3122 4059
3123 4060
3124 4061
3125 4061
3126 4062
3127 4062
3128 4062
3129 4062
3130 4063
3131 4064
3132 4065
3133 4065
3134 4065
3135 4066
3136 4067
3137 4068
3138 4068
3139 4068
3140 4068
3141 4069
3142 4069
3143 4069
3144 4070
3145 4071
3146 4071
3147 4072
3148 4073
3149 4073
3150 4073
3151 4074
3152 4075
3153 4075
3154 4076
3155 4077
3156 4077
3157 4078
3158 4079
3159 4080
3160 4080
3161 4080
3162 4080
3163 4080
3164 4081
3165 4082
3166 4082
3167 4083
3168 4084
3169 4084
3170 4084
3171 4085
3172 4086
3173 4087
3174 4087
3175 4087
3176 4088
3177 4089
3178 4089
3179 4089
3180 4089
3181 4090
3182 4091
3183 4092
3184 4092
3185 4092
3186 4092
3187 4093
3188 4094
3189 4094
3190 4094
3191 4094
3192 4094
3193 4095
3194 4096
3195 4097
3196 4098
3197 4098
3198 4099
3199 4099
3200 4099
3201 4099
3202 4099
3203 4100
3204 4101
3205 4102
3206 4102
3207 4102
3208 4103
3209 4104
3210 4105
3211 4105
3212 4105
3213 4105
3214 4106
3215 4107
3216 4108
3217 4108
3218 4108
3219 4108
3220 4109
3221 4109
3222 4110
3223 4111
3224 4111
3225 4111
3226 4111
3227 4112
3228 4113
3229 4114
3230 4114
3231 4114
3232 4115
3233 4116
3234 4116
3235 4116
3236 4117
3237 4118
3238 4118
3239 4119
3240 4119
3241 4119
3242 4119
3243 4120
3244 4121
3245 4122
3246 4122
3247 4122
3248 4122
3249 4123
3250 4124
3251 4124
3252 4125
3253 4125
3254 4125
3255 4126
3256 4127
3257 4128
3258 4129
3259 4129
3260 4129
3261 4129
3262 4129
3263 4129
3264 4129
3265 4130
3266 4131
3267 4131
3268 4132
3269 4133
3270 4133
3271 4133
3272 4134
3273 4135
3274 4136
3275 4136
3276 4136
3277 4136
3278 4137
3279 4138
3280 4138
3281 4138
3282 4138
3283 4138
3284 4139
3285 4140
3286 4141
3287 4141
3288 4142
3289 4143
3290 4143
3291 4143
3292 4144
3293 4145
3294 4145
3295 4145
3296 4146
3297 4146
3298 4146
3299 4147
3300 4148
3301 4148
3302 4149
3303 4149
3304 4149
3305 4150
3306 4151
3307 4152
3308 4152
3309 4152
3310 4152
3311 4152
3312 4152
3313 4153
3314 4153
3315 4154
3316 4154
3317 4155
3318 4156
3319 4156
3320 4156
3321 4157
3322 4158
3323 4158
3324 4158
3325 4159
3326 4160
3327 4160
3328 4160
3329 4160
3330 4161
3331 4162
3332 4162
3333 4162
3334 4163
3335 4164
3336 4164
3337 4164
3338 4165
3339 4166
3340 4166
3341 4166
3342 4167
3343 4167
3344 4167
3345 4168
3346 4168
3347 4169
3348 4170
3349 4171
3350 4172
3351 4173
3352 4173
3353 4174
3354 4174
3355 4174
3356 4175
3357 4176
3358 4176
3359 4176
3360 4176
3361 4176
3362 4177
3363 4177
3364 4178
3365 4179
3366 4180
3367 4181
3368 4181
3369 4181
3370 4181
3371 4182
3372 4183
3373 4184
3374 4185
3375 4185
3376 4185
3377 4185
3378 4186
3379 4187
3380 4188
3381 4189
3382 4189
3383 4190
3384 4191
3385 4192
3386 4193
3387 4193
3388 4193
3389 4193
3390 4194
3391 4194
3392 4194
3393 4195
3394 4196
3395 4197
3396 4197
3397 4197
3398 4198
3399 4198
3400 4198
3401 4199
3402 4200
3403 4200
3404 4200
3405 4200
3406 4201
3407 4202
3408 4203
3409 4204
3410 4204
3411 4204
3412 4205
3413 4206
3414 4206
3415 4207
3416 4207
3417 4207
3418 4208
3419 4208
3420 4208
3421 4208
3422 4208
3423 4209
3424 4210
3425 4211
3426 4211
3427 4212
3428 4212
3429 4212
3430 4213
3431 4214
3432 4215
3433 4216
3434 4216
3435 4216
3436 4217
3437 4217
3438 4217
3439 4217
3440 4218
3441 4219
3442 4220
3443 4221
3444 4221
3445 4221
3446 4221
3447 4222
3448 4223
3449 4224
3450 4224
3451 4224
3452 4225
3453 4226
3454 4226
3455 4226
3456 4227
3457 4227
3458 4227
3459 4228
3460 4229
3461 4229
3462 4229
3463 4229
3464 4230
3465 4231
3466 4231
3467 4231
3468 4231
3469 4232
3470 4233
3471 4234
3472 4234
3473 4234
3474 4235
3475 4235
3476 4235
3477 4236
3478 4237
3479 4237
3480 4237
3481 4238
3482 4239
3483 4240
3484 4240
3485 4240
3486 4241
3487 4241
3488 4241
3489 4242
3490 4243
3491 4244
3492 4244
3493 4244
3494 4244
3495 4245
3496 4246
3497 4247
3498 4248
3499 4248
3500 4248
3501 4248
3502 4248
3503 4249
3504 4249
3505 4249
3506 4250
3507 4251
3508 4252
3509 4252
3510 4253
3511 4254
3512 4254
3513 4255
3514 4255
3515 4255
3516 4256
3517 4257
3518 4257
3519 4258
3520 4258
3521 4259
3522 4259
3523 4259
3524 4259
3525 4260
3526 4261
3527 4262
3528 4262
3529 4263
3530 4264
3531 4264
3532 4264
3533 4265
3534 4265
3535 4265
3536 4266
3537 4266
3538 4266
3539 4267
3540 4267
3541 4267
3542 4268
3543 4269
3544 4269
3545 4270
3546 4271
3547 4271
3548 4271
3549 4272
3550 4273
3551 4274
3552 4275
3553 4275
3554 4275
3555 4275
3556 4275
3557 4276
3558 4277
3559 4277
3560 4277
3561 4278
3562 4279
3563 4279
3564 4280
3565 4281
3566 4282
3567 4283
3568 4284
3569 4284
3570 4285
3571 4285
3572 4285
3573 4285
3574 4285
3575 4286
3576 4287
3577 4287
3578 4287
3579 4287
3580 4288
3581 4289
3582 4289
3583 4289
3584 4289
3585 4289
3586 4290
3587 4291
3588 4291
3589 4291
3590 4291
3591 4292
3592 4292
3593 4293
3594 4294
3595 4295
3596 4295
3597 4295
3598 4295
3599 4295
3600 4296
3601 4297
3602 4297
3603 4297
3604 4298
3605 4299
3606 4300
3607 4300
3608 4300
3609 4300
3610 4301
3611 4302
3612 4302
3613 4302
3614 4303
3615 4303
3616 4303
3617 4304
3618 4305
3619 4305
3620 4306
3621 4307
3622 4308
3623 4308
3624 4309
3625 4309
3626 4309
3627 4310
3628 4310
3629 4311
3630 4312
3631 4312
3632 4312
3633 4313
3634 4314
3635 4314
3636 4314
3637 4315
3638 4315
3639 4315
3640 4315
3641 4316
3642 4317
3643 4317
3644 4318
3645 4319
3646 4320
3647 4321
3648 4322
3649 4322
3650 4322
3651 4323
3652 4323
3653 4323
3654 4324
3655 4325
3656 4325
3657 4325
3658 4325
3659 4326
3660 4327
3661 4328
3662 4328
3663 4329
3664 4329
3665 4329
3666 4329
3667 4330
3668 4331
3669 4331
3670 4331
3671 4331
3672 4331
3673 4331
3674 4332
3675 4333
3676 4334
3677 4335
3678 4335
3679 4335
3680 4335
3681 4336
3682 4337
3683 4337
3684 4337
3685 4338
3686 4339
3687 4339
3688 4340
3689 4340
3690 4340
3691 4340
3692 4341
3693 4341
3694 4342
3695 4343
3696 4343
3697 4343
3698 4344
3699 4345
3700 4346
3701 4346
3702 4346
3703 4346
3704 4346
3705 4347
3706 4348
3707 4349
3708 4349
3709 4349
3710 4349
3711 4350
3712 4351
3713 4351
3714 4351
3715 4352
3716 4353
3717 4354
3718 4354
3719 4354
3720 4354
3721 4355
3722 4356
3723 4357
3724 4357
3725 4358
3726 4359
3727 4359
3728 4359
3729 4359
3730 4359
3731 4360
3732 4361
3733 4362
3734 4362
3735 4362
3736 4362
3737 4363
3738 4363
3739 4364
3740 4365
3741 4366
3742 4367
3743 4367
3744 4367
3745 4368
3746 4369
3747 4369
3748 4369
3749 4369
3750 4370
3751 4370
3752 4371
3753 4372
3754 4372
3755 4372
3756 4372
3757 4373
3758 4374
3759 4374
3760 4374
3761 4375
3762 4376
3763 4376
3764 4377
3765 4378
3766 4379
3767 4379
3768 4379
3769 4379
3770 4380
3771 4381
3772 4381
3773 4381
3774 4382
3775 4383
3776 4383
3777 4383
3778 4384
3779 4385
3780 4386
3781 4387
3782 4388
3783 4388
3784 4389
3785 4389
3786 4390
3787 4391
3788 4391
3789 4391
3790 4391
3791 4391
3792 4392
3793 4393
3794 4394
3795 4394
3796 4395
3797 4396
3798 4397
3799 4397
3800 4397
3801 4397
3802 4397
3803 4398
3804 4399
3805 4399
3806 4399
3807 4400
3808 4401
3809 4402
3810 4402
3811 4402
3812 4402
3813 4403
3814 4404
3815 4405
3816 4405
3817 4406
3818 4407
3819 4407
3820 4407
3821 4408
3822 4409
3823 4409
3824 4409
3825 4409
3826 4410
3827 4411
3828 4411
3829 4412
3830 4413
3831 4414
3832 4414
3833 4415
3834 4415
3835 4416
3836 4417
3837 4417
3838 4417
3839 4418
3840 4419
3841 4420
3842 4420
3843 4420
3844 4420
3845 4421
3846 4422
3847 4422
3848 4422
3849 4422
3850 4423
3851 4424
3852 4425
3853 4426
3854 4426
3855 4426
3856 4427
3857 4428
3858 4429
3859 4429
3860 4429
3861 4430
3862 4431
3863 4432
3864 4433
3865 4433
3866 4433
3867 4433
3868 4434
3869 4435
3870 4435
3871 4435
3872 4436
3873 4436
3874 4437
3875 4438
3876 4438
3877 4438
3878 4439
3879 4439
3880 4439
3881 4440
3882 4441
3883 4441
3884 4441
3885 4442
3886 4443
3887 4444
3888 4444
3889 4444
3890 4445
3891 4445
3892 4446
3893 4446
3894 4446
3895 4447
3896 4448
3897 4449
3898 4450
3899 4450
3900 4450
3901 4451
3902 4452
3903 4452
3904 4452
3905 4452
3906 4453
3907 4453
3908 4454
3909 4455
3910 4455
3911 4455
3912 4456
3913 4457
3914 4458
3915 4458
3916 4458
3917 4459
3918 4460
3919 4461
3920 4461
3921 4461
3922 4461
3923 4462
3924 4463
3925 4464
3926 4464
3927 4465
3928 4465
3929 4465
3930 4466
3931 4467
3932 4467
3933 4467
3934 4468
3935 4469
3936 4470
3937 4470
3938 4470
3939 4471
3940 4471
3941 4471
3942 4472
3943 4472
3944 4472
3945 4473
3946 4474
3947 4475
3948 4475
3949 4475
3950 4475
3951 4476
3952 4476
3953 4476
3954 4477
3955 4478
3956 4478
3957 4478
3958 4479
3959 4480
3960 4480
3961 4480
3962 4481
3963 4481
3964 4482
3965 4483
3966 4483
3967 4484
3968 4485
3969 4486
3970 4486
3971 4486
3972 4486
3973 4487
3974 4487
3975 4488
3976 4489
3977 4490
3978 4490
3979 4490
3980 4491
3981 4491
3982 4491
3983 4492
3984 4492
3985 4493
3986 4493
3987 4494
3988 4495
3989 4496
3990 4496
3991 4497
3992 4497
3993 4497
3994 4498
3995 4499
3996 4500
3997 4500
3998 4501
3999 4501
4000 4502
4001 4502
4002 4502
4003 4502
4004 4502
4005 4503
4006 4503
4007 4504
4008 4505
4009 4505
4010 4506
4011 4507
4012 4508
4013 4508
4014 4508
4015 4508
4016 4509
4017 4509
4018 4509
4019 4510
4020 4511
4021 4512
4022 4512
4023 4512
4024 4512
4025 4513
4026 4514
4027 4515
4028 4515
4029 4516
4030 4516
4031 4516
4032 4516
4033 4517
4034 4518
4035 4518
4036 4519
4037 4519
4038 4519
4039 4520
4040 4521
4041 4522
4042 4522
4043 4523
4044 4524
4045 4524
4046 4524
4047 4524
4048 4524
4049 4524
4050 4525
4051 4526
4052 4527
4053 4527
4054 4528
4055 4529
4056 4529
4057 4530
4058 4531
4059 4531
4060 4531
4061 4531
4062 4531
4063 4532
4064 4532
4065 4532
4066 4533
4067 4534
4068 4534
4069 4535
4070 4536
4071 4537
4072 4537
4073 4537
4074 4537
4075 4538
4076 4539
4077 4539
4078 4540
4079 4541
4080 4542
4081 4542
4082 4542
4083 4543
4084 4543
4085 4543
4086 4544
4087 4545
4088 4545
4089 4546
4090 4546
4091 4547
4092 4548
4093 4548
4094 4548
4095 4548
4096 4549
4097 4550
4098 4551
4099 4551
4100 4551
4101 4552
4102 4552
4103 4552
4104 4553
4105 4554
4106 4555
4107 4555
4108 4556
4109 4557
4110 4557
4111 4557
4112 4558
4113 4559
4114 4559
4115 4559
4116 4559
4117 4559
4118 4560
4119 4560
4120 4561
4121 4562
4122 4562
4123 4562
4124 4562
4125 4563
4126 4564
4127 4565
4128 4566
4129 4566
4130 4567
4131 4568
4132 4568
4133 4568
4134 4569
4135 4570
4136 4570
4137 4570
4138 4571
4139 4571
4140 4571
4141 4571
4142 4572
4143 4572
4144 4573
4145 4574
4146 4575
4147 4576
4148 4576
4149 4576
4150 4577
4151 4577
4152 4578
4153 4578
4154 4579
4155 4579
4156 4580
4157 4580
4158 4581
4159 4582
4160 4583
4161 4583
4162 4583
4163 4583
4164 4584
4165 4584
4166 4584
4167 4585
4168 4585
4169 4586
4170 4587
4171 4587
4172 4587
4173 4588
4174 4588
4175 4589
4176 4589
4177 4589
4178 4589
4179 4590
4180 4591
4181 4591
4182 4592
4183 4593
4184 4594
4185 4594
4186 4595
4187 4595
4188 4595
4189 4595
4190 4596
4191 4596
4192 4597
4193 4597
4194 4598
4195 4599
4196 4600
4197 4601
4198 4602
4199 4602
4200 4602
4201 4602
4202 4603
4203 4603
4204 4603
4205 4604
4206 4605
4207 4605
4208 4605
4209 4606
4210 4606
4211 4607
4212 4608
4213 4609
4214 4609
4215 4609
4216 4609
4217 4610
4218 4611
4219 4612
4220 4612
4221 4612
4222 4612
4223 4612
4224 4613
4225 4614
4226 4615
4227 4616
4228 4616
4229 4617
4230 4617
4231 4617
4232 4618
4233 4618
4234 4619
4235 4620
4236 4620
4237 4620
4238 4621
4239 4622
4240 4622
4241 4622
4242 4623
4243 4624
4244 4625
4245 4625
4246 4626
4247 4627
4248 4627
4249 4627
4250 4627
4251 4627
4252 4628
4253 4628
4254 4629
4255 4630
4256 4631
4257 4632
4258 4632
4259 4633
4260 4634
4261 4634
4262 4635
4263 4635
4264 4635
4265 4635
4266 4635
4267 4636
4268 4636
4269 4637
4270 4638
4271 4638
4272 4639
4273 4640
4274 4640
4275 4640
4276 4640
4277 4640
4278 4641
4279 4642
4280 4642
4281 4643
4282 4644
4283 4644
4284 4645
4285 4645
4286 4645
4287 4646
4288 4647
4289 4647
4290 4648
4291 4649
4292 4649
4293 4649
4294 4650
4295 4651
4296 4651
4297 4652
4298 4652
4299 4653
4300 4653
4301 4653
4302 4654
4303 4654
4304 4654
4305 4654
4306 4655
4307 4656
4308 4657
4309 4657
4310 4657
4311 4658
4312 4659
4313 4660
4314 4660
4315 4660
4316 4660
4317 4661
4318 4662
4319 4662
4320 4663
4321 4663
4322 4664
4323 4664
4324 4665
4325 4666
4326 4666
4327 4667
4328 4667
4329 4668
4330 4668
4331 4668
4332 4669
4333 4670
4334 4671
4335 4671
4336 4671
4337 4671
4338 4672
4339 4673
4340 4673
4341 4673
4342 4674
4343 4674
4344 4674
4345 4675
4346 4675
4347 4675
4348 4676
4349 4677
4350 4678
4351 4679
4352 4679
4353 4680
4354 4680
4355 4681
4356 4681
4357 4681
4358 4681
4359 4681
4360 4682
4361 4682
4362 4683
4363 4684
4364 4684
4365 4684
4366 4685
4367 4686
4368 4686
4369 4686
4370 4686
4371 4687
4372 4688
4373 4688
4374 4689
4375 4690
4376 4691
4377 4691
4378 4692
4379 4692
4380 4692
4381 4692
4382 4693
4383 4693
4384 4694
4385 4695
4386 4695
4387 4695
4388 4696
4389 4697
4390 4697
4391 4697
4392 4698
4393 4699
4394 4700
4395 4701
4396 4701
4397 4701
4398 4702
4399 4703
4400 4704
4401 4704
4402 4704
4403 4704
4404 4705
4405 4705
4406 4706
4407 4707
4408 4708
4409 4708
4410 4708
4411 4709
4412 4710
4413 4711
4414 4711
4415 4711
4416 4712
4417 4713
4418 4713
4419 4713
4420 4713
4421 4714
4422 4715
4423 4716
4424 4716
4425 4716
4426 4716
4427 4717
4428 4718
4429 4718
4430 4718
4431 4718
4432 4719
4433 4720
4434 4720
4435 4721
4436 4721
4437 4722
4438 4723
4439 4723
4440 4723
4441 4723
4442 4723
4443 4724
4444 4724
4445 4725
4446 4726
4447 4727
4448 4727
4449 4728
4450 4728
4451 4729
4452 4730
4453 4731
4454 4731
4455 4731
4456 4731
4457 4732
4458 4732
4459 4732
4460 4733
4461 4733
4462 4733
4463 4734
4464 4735
4465 4735
4466 4736
4467 4737
4468 4738
4469 4738
4470 4739
4471 4739
4472 4739
4473 4740
4474 4741
4475 4741
4476 4741
4477 4741
4478 4742
4479 4743
4480 4743
4481 4744
4482 4745
4483 4745
4484 4745
4485 4745
4486 4745
4487 4745
4488 4746
4489 4747
4490 4748
4491 4748
4492 4749
4493 4749
4494 4749
4495 4750
4496 4751
4497 4751
4498 4751
4499 4752
4500 4753
4501 4754
4502 4754
4503 4754
4504 4754
4505 4754
4506 4755
4507 4756
4508 4757
4509 4758
4510 4759
4511 4759
4512 4759
4513 4759
4514 4759
4515 4760
4516 4760
4517 4760
4518 4761
4519 4762
4520 4763
4521 4764
4522 4764
4523 4764
4524 4765
4525 4766
4526 4767
4527 4767
4528 4767
4529 4768
4530 4769
4531 4769
4532 4770
4533 4771
4534 4772
4535 4772
4536 4772
4537 4772
4538 4772
4539 4773
4540 4773
4541 4773
4542 4774
4543 4775
4544 4776
4545 4776
4546 4776
4547 4777
4548 4778
4549 4779
4550 4780
4551 4780
4552 4780
4553 4780
4554 4780
4555 4781
4556 4782
4557 4783
4558 4784
4559 4784
4560 4784
4561 4784
4562 4784
4563 4784
4564 4785
4565 4786
4566 4787
4567 4788
4568 4788
4569 4789
4570 4789
4571 4789
4572 4789
4573 4790
4574 4791
4575 4792
4576 4792
4577 4793
4578 4794
4579 4795
4580 4796
4581 4796
4582 4796
4583 4796
4584 4796
4585 4797
4586 4798
4587 4799
4588 4799
4589 4799
4590 4799
4591 4800
4592 4800
4593 4800
4594 4801
4595 4802
4596 4803
4597 4804
4598 4805
4599 4805
4600 4805
4601 4805
4602 4806
4603 4806
4604 4806
4605 4806
4606 4807
4607 4808
4608 4808
4609 4809
4610 4809
4611 4809
4612 4809
4613 4809
4614 4810
4615 4811
4616 4811
4617 4812
4618 4813
4619 4813
4620 4813
4621 4814
4622 4814
4623 4815
4624 4816
4625 4816
4626 4816
4627 4817
4628 4818
4629 4819
4630 4819
4631 4819
4632 4819
4633 4819
4634 4820
4635 4821
4636 4821
4637 4822
4638 4823
4639 4823
4640 4824
4641 4824
4642 4824
4643 4825
4644 4826
4645 4826
4646 4826
4647 4826
4648 4827
4649 4827
4650 4827
4651 4828
4652 4829
4653 4830
4654 4830
4655 4830
4656 4830
4657 4830
4658 4830
4659 4831
4660 4832
4661 4833
4662 4833
4663 4833
4664 4834
4665 4835
4666 4836
4667 4836
4668 4837
4669 4837
4670 4838
4671 4838
4672 4838
4673 4838
4674 4838
4675 4839
4676 4839
4677 4839
4678 4840
4679 4840
4680 4840
4681 4841
4682 4842
4683 4843
4684 4844
4685 4845
4686 4845
4687 4846
4688 4846
4689 4847
4690 4848
4691 4848
4692 4848
4693 4849
4694 4850
4695 4851
4696 4851
4697 4851
4698 4851
4699 4852
4700 4852
4701 4852
4702 4853
4703 4854
4704 4854
4705 4855
4706 4855
4707 4855
4708 4856
4709 4857
4710 4858
4711 4859
4712 4859
4713 4859
4714 4859
4715 4860
4716 4861
4717 4861
4718 4861
4719 4861
4720 4861
4721 4862
4722 4863
4723 4863
4724 4864
4725 4865
4726 4866
4727 4866
4728 4866
4729 4867
4730 4867
4731 4867
4732 4867
4733 4868
4734 4868
4735 4869
4736 4870
4737 4871
4738 4871
4739 4871
4740 4871
4741 4871
4742 4871
4743 4872
4744 4873
4745 4874
4746 4874
4747 4874
4748 4875
4749 4876
4750 4877
4751 4877
4752 4877
4753 4878
4754 4879
4755 4880
4756 4880
4757 4880
4758 4880
4759 4881
4760 4881
4761 4881
4762 4882
4763 4883
4764 4884
4765 4885
4766 4885
4767 4885
4768 4886
4769 4886
4770 4887
4771 4887
4772 4888
4773 4889
4774 4889
4775 4889
4776 4890
4777 4890
4778 4890
4779 4891
4780 4892
4781 4893
4782 4893
4783 4894
4784 4894
4785 4894
4786 4895
4787 4896
4788 4896
4789 4897
4790 4898
4791 4898
4792 4898
4793 4899
4794 4899
4795 4899
4796 4899
4797 4900
4798 4901
4799 4901
4800 4902
4801 4903
4802 4904
4803 4905
4804 4905
4805 4906
4806 4906
4807 4906
4808 4906
4809 4907
4810 4907
4811 4907
4812 4908
4813 4909
4814 4909
4815 4909
4816 4909
4817 4910
4818 4911
4819 4912
4820 4913
4821 4913
4822 4913
4823 4914
4824 4914
4825 4914
4826 4914
4827 4914
4828 4915
4829 4915
4830 4916
4831 4917
4832 4918
4833 4919
4834 4919
4835 4920
4836 4920
4837 4920
4838 4921
4839 4922
4840 4922
4841 4922
4842 4923
4843 4924
4844 4925
4845 4925
4846 4925
4847 4925
4848 4925
4849 4926
4850 4927
4851 4927
4852 4928
4853 4928
4854 4928
4855 4928
4856 4929
4857 4930
4858 4930
4859 4931
4860 4932
4861 4932
4862 4932
4863 4932
4864 4933
4865 4934
4866 4934
4867 4934
4868 4934
4869 4935
4870 4936
4871 4936
4872 4937
4873 4938
4874 4938
4875 4939
4876 4940
4877 4941
4878 4941
4879 4941
4880 4941
4881 4941
4882 4942
4883 4943
4884 4943
4885 4943
4886 4943
4887 4943
4888 4944
4889 4944
4890 4945
4891 4946
4892 4947
4893 4947
4894 4948
4895 4948
4896 4948
4897 4949
4898 4950
4899 4951
4900 4952
4901 4953
4902 4953
4903 4953
4904 4954
4905 4954
4906 4954
4907 4954
4908 4955
4909 4956
4910 4957
4911 4957
4912 4958
4913 4958
4914 4959
4915 4959
4916 4959
4917 4960
4918 4961
4919 4962
4920 4963
4921 4964
4922 4965
4923 4965
4924 4966
4925 4966
4926 4966
4927 4967
4928 4968
4929 4968
4930 4968
4931 4969
4932 4969
4933 4969
4934 4969
4935 4969
4936 4969
4937 4970
4938 4971
4939 4972
4940 4972
4941 4972
4942 4972
4943 4973
4944 4973
4945 4974
4946 4975
4947 4976
4948 4976
4949 4976
4950 4976
4951 4977
4952 4978
4953 4979
4954 4979
4955 4979
4956 4979
4957 4979
4958 4980
4959 4980
4960 4981
4961 4982
4962 4983
4963 4984
4964 4985
4965 4985
4966 4985
4967 4985
4968 4985
4969 4986
4970 4987
4971 4988
4972 4988
4973 4988
4974 4988
4975 4989
4976 4989
4977 4989
4978 4989
4979 4990
4980 4991
4981 4991
4982 4992
4983 4993
4984 4994
4985 4995
4986 4995
4987 4995
4988 4996
4989 4997
4990 4997
4991 4997
4992 4997
4993 4998
4994 4998
4995 4998
4996 4998
4997 4998
4998 4999
4999 4999
