0 0
1 0
2 0
3 0
4 0
5 0
6 0
7 0
8 0
9 0
10 0
11 0
12 0
13 0
14 0
15 0
16 0
17 0
18 1
19 2
20 3
21 4
22 5
23 6
24 7
25 8
26 9
27 10
28 11
29 12
30 13
31 14
31 15
31 16
31 17
31 18
31 19
31 20
31 21
31 22
31 23
31 24
31 25
31 26
31 27
31 28
31 29
31 30
31 31
31 32
31 33
31 34
31 35
31 36
31 37
31 38
31 39
31 40
31 41
31 42
31 43
31 44
31 45
31 46
31 47
31 48
31 49
31 50
31 51
31 52
31 53
31 54
31 55
32 56
33 57
34 58
35 59
36 60
37 61
38 62
39 63
40 64
41 65
42 66
43 67
44 68
45 69
46 70
47 71
48 72
49 73
50 74
51 75
52 76
53 77
54 78
55 79
56 80
57 81
58 82
59 83
60 84
61 85
62 86
63 87
64 88
65 89
66 90
67 91
68 92
69 93
70 93
71 93
72 93
73 93
74 93
75 93
76 93
77 93
78 93
79 93
80 93
81 93
82 93
83 93
84 93
85 93
86 93
87 93
88 94
89 95
90 96
91 97
92 98
93 99
94 100
95 101
96 102
97 103
98 104
99 105
100 106
101 107
102 108
103 109
104 110
105 111
106 112
107 113
108 114
109 114
110 114
111 114
112 114
113 114
114 115
115 116
116 117
117 117
118 117
119 118
120 119
120 120
121 121
122 121
123 121
124 121
125 121
126 121
127 121
128 121
129 121
130 121
131 121
132 121
133 121
134 121
135 121
136 121
137 121
138 121
139 121
140 121
141 121
142 121
143 121
144 121
145 121
146 121
147 121
148 121
149 121
150 121
151 121
152 121
153 121
154 121
155 121
156 121
157 121
158 121
159 121
160 121
161 121
162 121
163 121
164 122
165 122
166 123
167 124
168 125
169 126
170 127
171 128
172 129
173 130
174 131
175 132
175 133
176 134
177 135
177 136
177 137
177 138
177 139
177 140
177 141
177 142
177 143
177 144
177 145
177 146
177 147
177 148
177 149
177 150
177 151
177 152
177 153
177 154
177 155
177 156
177 157
177 158
177 159
177 160
177 161
177 162
177 163
177 164
177 165
177 166
177 167
177 168
177 169
177 170
177 171
177 172
177 173
177 174
177 175
177 176
177 177
177 178
177 179
177 180
177 181
177 182
177 183
177 184
177 185
177 186
177 187
177 188
177 189
177 190
177 191
177 192
177 193
177 194
177 195
177 196
177 197
177 198
177 199
177 200
177 201
177 202
177 203
177 204
178 205
179 206
180 207
181 208
182 209
183 210
184 211
185 211
186 211
187 212
188 213
189 213
190 214
191 215
191 216
191 217
191 218
191 219
191 220
191 221
191 222
191 223
191 224
191 225
191 226
191 227
192 228
192 229
192 230
192 231
192 232
192 233
192 234
192 235
192 236
192 237
192 238
192 239
192 240
192 241
192 242
192 243
192 244
192 245
192 246
192 247
192 248
192 249
192 250
192 251
192 252
192 253
192 254
192 255
192 256
192 257
192 258
192 259
192 260
192 261
192 262
192 263
192 264
192 265
192 266
192 267
192 268
192 269
192 270
192 271
192 272
192 273
192 274
192 275
192 276
192 277
192 278
192 279
192 280
192 281
192 282
192 283
192 284
192 285
192 286
192 287
192 288
192 289
192 290
192 291
192 292
193 293
193 294
193 295
193 296
193 297
193 298
193 299
193 300
193 301
193 302
193 303
193 304
193 305
193 306
193 307
193 308
193 309
193 310
193 311
193 312
193 313
193 314
193 315
194 316
195 317
196 318
197 319
198 320
199 321
200 322
201 323
202 324
203 325
204 326
205 327
206 328
207 329
208 330
209 331
210 332
211 333
212 334
213 335
214 336
215 337
216 338
217 339
218 340
219 341
220 342
221 343
222 344
223 345
224 346
225 347
226 348
227 349
228 350
229 351
230 352
231 353
232 354
233 355
234 356
235 357
236 358
237 359
238 360
239 361
240 362
241 363
242 364
243 365
244 365
245 365
246 365
247 365
248 365
249 365
250 365
251 365
252 365
253 365
254 365
255 365
256 365
257 365
258 365
259 365
260 365
261 365
262 365
263 365
264 365
265 365
266 365
267 365
268 365
269 365
270 365
271 365
272 365
273 365
274 365
275 365
276 365
277 365
278 365
279 365
280 365
281 365
282 365
283 365
284 365
285 365
286 365
287 365
288 365
289 365
290 365
291 365
292 365
293 365
294 365
295 365
296 365
297 365
298 365
299 365
300 365
301 365
302 365
303 365
304 365
305 365
306 365
307 365
308 365
309 365
310 365
311 365
312 365
313 365
314 365
315 365
316 365
317 365
318 365
319 365
320 365
321 365
322 365
323 365
324 365
325 366
326 367
327 368
328 369
329 370
330 371
331 372
332 373
333 374
334 375
335 376
336 377
337 378
338 379
338 380
338 381
338 382
338 383
338 384
339 385
339 386
340 387
341 388
342 389
343 390
344 391
344 392
344 393
344 394
344 395
344 396
344 397
344 398
344 399
344 400
344 401
344 402
344 403
345 404
346 405
347 406
347 407
347 408
347 409
347 410
347 411
347 412
347 413
347 414
348 415
349 416
350 417
351 418
352 419
352 420
352 421
352 422
352 423
352 424
352 425
352 426
353 427
353 428
353 429
353 430
353 431
353 432
353 433
353 434
353 435
353 436
354 437
355 438
356 439
357 440
358 441
359 442
360 443
361 444
362 445
363 446
364 447
365 448
366 449
367 450
368 451
369 451
370 451
371 451
372 451
373 451
374 451
375 451
376 451
377 452
378 453
379 454
380 455
381 455
382 455
383 456
384 457
385 458
386 459
387 460
388 461
389 462
390 463
391 464
392 465
393 466
394 467
395 468
396 469
397 470
398 471
399 472
400 473
401 474
402 475
403 476
404 477
405 478
406 479
407 480
408 481
409 482
410 483
411 484
412 485
413 486
414 486
415 486
416 486
417 486
418 487
419 488
420 489
421 490
422 491
423 492
424 493
425 494
426 495
427 496
428 497
429 498
430 499
431 500
432 501
432 502
432 503
432 504
432 505
432 506
432 507
432 508
432 509
432 510
432 511
432 512
432 513
432 514
432 515
432 516
432 517
432 518
432 519
432 520
432 521
432 522
432 523
432 524
432 525
432 526
432 527
432 528
432 529
432 530
432 531
432 532
432 533
432 534
432 535
432 536
432 537
432 538
432 539
432 540
432 541
432 542
432 543
432 544
432 545
432 546
432 547
432 548
432 549
432 550
432 551
432 552
432 553
432 554
432 555
432 556
432 557
432 558
432 559
432 560
433 561
434 562
434 563
434 564
434 565
434 566
434 567
434 568
434 569
434 570
434 571
434 572
434 573
434 574
434 575
434 576
434 577
434 578
434 579
434 580
434 581
434 582
434 583
434 584
434 585
434 586
434 587
434 588
434 589
434 590
434 591
434 592
434 593
434 594
434 595
434 596
434 597
435 598
436 599
437 600
438 601
439 602
440 603
441 604
442 605
443 606
444 607
444 608
444 609
444 610
444 611
444 612
444 613
444 614
444 615
444 616
444 617
444 618
445 619
446 620
447 621
448 622
448 623
449 624
450 625
451 626
452 627
453 628
454 629
455 630
456 631
457 632
458 633
459 634
460 635
461 635
462 635
463 635
464 635
465 636
466 637
467 638
468 639
469 640
470 640
471 640
472 640
473 640
474 640
475 640
476 640
477 640
478 641
479 641
480 641
481 641
482 641
483 641
484 641
485 641
486 642
487 643
488 644
489 645
490 646
491 647
492 648
493 649
494 650
494 651
494 652
494 653
494 654
495 655
496 656
497 657
497 658
498 659
499 660
500 661
500 662
501 663
502 664
503 665
504 666
505 667
506 668
507 669
508 670
509 671
510 672
511 673
511 674
511 675
512 676
513 677
514 678
514 679
514 680
514 681
514 682
515 683
515 684
516 685
516 686
516 687
516 688
516 689
517 690
517 691
517 692
517 693
517 694
517 695
517 696
517 697
517 698
517 699
517 700
517 701
517 702
517 703
517 704
517 705
517 706
517 707
517 708
517 709
517 710
517 711
517 712
517 713
517 714
517 715
518 716
519 717
519 718
519 719
519 720
519 721
520 722
521 723
521 724
521 725
522 726
522 727
522 728
522 729
522 730
522 731
522 732
522 733
522 734
522 735
522 736
522 737
522 738
522 739
522 740
522 741
522 742
522 743
522 744
522 745
522 746
522 747
523 748
523 749
524 750
524 751
524 752
525 753
525 754
525 755
525 756
525 757
525 758
525 759
525 760
526 761
526 762
526 763
526 764
526 765
526 766
526 767
526 768
526 769
526 770
526 771
526 772
526 773
526 774
526 775
527 776
528 777
529 778
530 779
530 780
530 781
530 782
530 783
530 784
530 785
530 786
530 787
530 788
530 789
530 790
530 791
530 792
530 793
530 794
530 795
530 796
530 797
530 798
530 799
530 800
530 801
530 802
530 803
530 804
530 805
530 806
530 807
530 808
530 809
530 810
530 811
530 812
530 813
530 814
530 815
530 816
530 817
530 818
530 819
530 820
530 821
530 822
530 823
530 824
530 825
530 826
530 827
531 828
532 829
533 830
534 831
535 832
536 833
537 834
538 835
539 836
540 837
541 838
542 839
543 840
544 841
545 842
546 843
547 844
548 845
549 846
550 847
551 848
552 849
553 850
554 851
555 852
556 853
557 854
558 855
559 856
560 857
561 858
562 859
563 860
564 861
565 862
566 863
567 864
568 865
569 866
570 867
571 868
572 869
573 870
574 871
575 872
576 873
577 874
578 875
579 876
580 877
581 878
582 879
583 880
584 881
585 882
586 883
587 884
588 885
589 886
590 887
591 888
592 889
593 890
594 891
595 892
596 893
597 894
598 895
599 896
600 897
601 898
602 899
603 900
604 901
605 902
606 903
607 904
608 905
609 906
610 907
611 908
612 909
613 910
614 911
615 912
616 913
617 914
618 915
619 916
620 917
621 918
622 919
623 920
624 921
625 922
626 923
627 924
628 925
629 926
630 927
631 928
632 929
633 930
634 931
635 932
636 933
637 934
638 935
639 936
640 936
641 936
642 936
643 936
644 936
645 936
646 936
647 936
648 936
649 936
650 936
651 936
652 936
653 936
654 936
655 936
656 936
657 936
658 936
659 936
660 936
661 936
662 936
663 936
664 936
665 936
666 936
667 936
668 936
669 936
670 936
671 936
672 936
673 936
674 936
675 936
676 936
677 936
678 936
679 936
680 936
681 936
682 936
683 936
684 936
685 936
686 936
687 936
688 936
689 936
690 936
691 936
692 936
693 936
694 936
695 936
696 936
697 936
698 936
699 936
700 936
701 936
702 936
703 936
704 936
705 936
706 936
707 936
708 936
709 936
710 936
711 936
712 936
713 936
714 936
715 936
716 936
717 936
718 936
719 936
720 936
721 936
722 936
723 936
724 936
725 936
726 936
727 936
728 936
729 936
730 936
731 936
732 936
733 937
734 937
735 937
736 938
737 938
738 938
739 938
740 938
741 938
742 938
743 938
744 938
745 938
746 938
747 938
748 938
749 938
750 938
751 938
752 938
753 938
754 938
755 938
756 938
757 938
758 938
759 938
760 938
761 938
762 938
763 938
764 938
765 939
766 939
767 939
768 939
769 939
770 939
771 939
772 939
773 939
774 939
775 939
776 939
777 939
778 939
779 939
780 939
781 939
782 939
783 939
784 939
785 939
786 939
787 939
788 939
789 939
790 939
791 939
792 939
793 939
794 939
795 939
796 939
797 939
798 939
799 939
800 939
801 939
802 939
803 939
804 939
805 939
806 939
807 939
808 939
809 939
810 939
811 939
812 939
813 939
814 939
815 939
816 939
817 939
818 939
819 939
820 939
821 939
822 939
823 939
824 939
825 939
826 939
827 939
828 939
829 939
830 939
831 939
832 939
833 939
834 939
835 939
836 939
837 939
838 939
839 939
840 939
841 939
842 939
843 939
844 939
845 939
846 939
847 939
848 939
849 939
850 939
851 939
852 939
853 939
854 939
855 939
856 939
857 939
858 939
859 939
860 939
861 939
862 939
863 939
864 939
865 939
866 939
867 939
868 939
869 939
870 939
871 939
872 939
873 939
874 939
875 939
876 939
877 939
878 939
879 939
880 939
881 939
882 939
883 939
884 939
885 939
886 939
887 939
888 939
889 939
890 939
891 939
892 939
893 939
894 939
895 939
896 939
897 939
898 939
899 939
900 939
901 939
902 939
903 939
904 939
905 939
906 939
907 939
908 939
909 939
910 939
911 939
912 939
913 939
914 939
915 939
916 939
917 939
918 939
919 939
920 939
921 939
922 939
923 939
924 939
925 939
926 939
927 939
928 939
929 939
930 939
931 939
932 939
933 939
934 939
935 939
936 939
937 939
938 939
939 939
940 939
941 939
942 939
943 939
944 939
945 939
946 939
947 939
948 939
949 939
950 939
951 939
952 939
953 939
954 939
955 939
956 939
957 939
958 939
959 939
960 939
961 939
962 939
963 939
964 939
965 939
966 939
967 939
968 939
969 939
970 939
971 939
972 939
973 939
974 939
975 939
976 939
977 939
978 939
979 939
980 939
981 939
982 939
983 939
984 939
985 939
986 939
987 939
988 939
989 939
990 939
991 940
992 940
993 940
994 940
995 940
996 940
997 940
998 940
999 940
1000 940
1001 940
1002 940
1003 940
1004 940
1005 940
1006 940
1007 940
1008 940
1009 940
1010 940
1011 940
1012 940
1013 940
1014 940
1015 940
1016 940
1017 940
1018 940
1019 940
1020 940
1021 940
1022 940
1023 940
1024 940
1025 940
1026 940
1027 940
1028 940
1029 940
1030 940
1031 940
1032 940
1033 940
1034 940
1035 940
1036 940
1037 940
1038 940
1039 940
1040 940
1041 940
1042 940
1043 940
1044 940
1045 940
1046 940
1047 940
1048 940
1049 940
1050 940
1051 940
1052 940
1053 940
1054 940
1055 940
1056 940
1057 940
1058 940
1059 940
1060 940
1061 940
1062 940
1063 940
1064 940
1065 940
1066 940
1067 940
1068 940
1069 940
1070 940
1071 940
1072 940
1073 940
1074 940
1075 940
1076 940
1077 941
1078 942
1079 943
1080 944
1081 945
1082 946
1083 947
1084 948
1085 949
1086 950
1087 951
1088 952
1089 953
1090 954
1091 955
1092 956
1093 957
1094 958
1095 959
1096 960
1097 961
1098 962
1099 963
1100 964
1101 965
1102 966
1103 967
1104 968
1105 969
1106 970
1107 971
1108 972
1109 973
1110 974
1111 975
1112 976
1113 977
1114 978
1115 979
1116 980
1117 981
1118 982
1119 983
1120 984
1121 985
1122 986
1123 987
1124 988
1125 989
1126 990
1127 991
1128 992
1129 993
1130 994
1131 995
1132 996
1133 997
1134 998
1135 999
1136 1000
1137 1001
1138 1002
1139 1003
1140 1004
1141 1005
1142 1006
1143 1007
1144 1008
1145 1009
1146 1010
1147 1011
1148 1012
1149 1013
1150 1014
1151 1015
1152 1016
1153 1017
1154 1018
1155 1019
1156 1020
1157 1021
1158 1022
1159 1023
1160 1024
1161 1025
1162 1026
1163 1027
1164 1028
1165 1029
1166 1030
1167 1031
1168 1032
1169 1033
1170 1034
1171 1035
1172 1036
1173 1037
1174 1038
1175 1039
1176 1040
1177 1041
1178 1042
1179 1043
1180 1044
1181 1045
1182 1046
1183 1047
1184 1048
1185 1049
1186 1050
1187 1051
1188 1052
1189 1053
1190 1054
1191 1055
1192 1056
1193 1057
1194 1058
1195 1059
1196 1060
1197 1061
1198 1062
1199 1063
1200 1064
1201 1065
1202 1066
1203 1067
1204 1068
1205 1069
1205 1070
1205 1071
1205 1072
1205 1073
1206 1074
1207 1075
1208 1076
1208 1077
1209 1078
1209 1079
1209 1080
1209 1081
1209 1082
1209 1083
1209 1084
1209 1085
1209 1086
1209 1087
1209 1088
1209 1089
1209 1090
1209 1091
1209 1092
1209 1093
1209 1094
1209 1095
1209 1096
1209 1097
1209 1098
1209 1099
1209 1100
1209 1101
1209 1102
1209 1103
1209 1104
1209 1105
1209 1106
1209 1107
1209 1108
1209 1109
1209 1110
1209 1111
1209 1112
1209 1113
1209 1114
1209 1115
1209 1116
1209 1117
1209 1118
1209 1119
1209 1120
1209 1121
1209 1122
1209 1123
1209 1124
1209 1125
1209 1126
1209 1127
1209 1128
1209 1129
1209 1130
1209 1131
1209 1132
1209 1133
1209 1134
1209 1135
1209 1136
1209 1137
1209 1138
1209 1139
1209 1140
1209 1141
1209 1142
1209 1143
1209 1144
1209 1145
1209 1146
1209 1147
1209 1148
1209 1149
1209 1150
1209 1151
1209 1152
1209 1153
1209 1154
1209 1155
1209 1156
1209 1157
1209 1158
1209 1159
1209 1160
1209 1161
1209 1162
1209 1163
1209 1164
1209 1165
1209 1166
1209 1167
1209 1168
1209 1169
1209 1170
1209 1171
1209 1172
1209 1173
1209 1174
1209 1175
1209 1176
1209 1177
1209 1178
1209 1179
1209 1180
1209 1181
1209 1182
1209 1183
1209 1184
1209 1185
1209 1186
1209 1187
1209 1188
1209 1189
1209 1190
1209 1191
1209 1192
1209 1193
1209 1194
1209 1195
1209 1196
1209 1197
1209 1198
1209 1199
1209 1200
1209 1201
1209 1202
1209 1203
1209 1204
1209 1205
1209 1206
1209 1207
1209 1208
1209 1209
1209 1210
1209 1211
1209 1212
1209 1213
1209 1214
1209 1215
1209 1216
1209 1217
1209 1218
1209 1219
1209 1220
1209 1221
1209 1222
1209 1223
1209 1224
1209 1225
1209 1226
1209 1227
1209 1228
1209 1229
1209 1230
1209 1231
1209 1232
1209 1233
1209 1234
1209 1235
1209 1236
1209 1237
1209 1238
1209 1239
1209 1240
1209 1241
1209 1242
1209 1243
1209 1244
1209 1245
1209 1246
1209 1247
1209 1248
1209 1249
1209 1250
1209 1251
1209 1252
1209 1253
1209 1254
1209 1255
1209 1256
1209 1257
1209 1258
1209 1259
1209 1260
1209 1261
1209 1262
1209 1263
1209 1264
1209 1265
1209 1266
1209 1267
1209 1268
1209 1269
1209 1270
1209 1271
1209 1272
1209 1273
1209 1274
1209 1275
1209 1276
1209 1277
1209 1278
1209 1279
1209 1280
1209 1281
1209 1282
1209 1283
1209 1284
1209 1285
1209 1286
1209 1287
1209 1288
1209 1289
1209 1290
1209 1291
1209 1292
1209 1293
1209 1294
1209 1295
1209 1296
1209 1297
1209 1298
1209 1299
1209 1300
1209 1301
1209 1302
1209 1303
1209 1304
1209 1305
1209 1306
1209 1307
1209 1308
1209 1309
1209 1310
1209 1311
1209 1312
1209 1313
1209 1314
1209 1315
1209 1316
1209 1317
1209 1318
1209 1319
1209 1320
1209 1321
1209 1322
1209 1323
1209 1324
1209 1325
1209 1326
1209 1327
1209 1328
1209 1329
1209 1330
1209 1331
1209 1332
1209 1333
1209 1334
1209 1335
1209 1336
1209 1337
1209 1338
1209 1339
1209 1340
1209 1341
1209 1342
1209 1343
1209 1344
1209 1345
1209 1346
1209 1347
1209 1348
1209 1349
1209 1350
1209 1351
1209 1352
1209 1353
1209 1354
1209 1355
1209 1356
1209 1357
1209 1358
1209 1359
1209 1360
1209 1361
1209 1362
1209 1363
1209 1364
1209 1365
1209 1366
1209 1367
1209 1368
1209 1369
1209 1370
1209 1371
1209 1372
1209 1373
1209 1374
1209 1375
1209 1376
1209 1377
1209 1378
1209 1379
1209 1380
1209 1381
1209 1382
1209 1383
1209 1384
1209 1385
1209 1386
1209 1387
1209 1388
1209 1389
1209 1390
1209 1391
1209 1392
1209 1393
1209 1394
1209 1395
1209 1396
1209 1397
1209 1398
1209 1399
1209 1400
1209 1401
1209 1402
1209 1403
1209 1404
1209 1405
1209 1406
1209 1407
1209 1408
1209 1409
1209 1410
1209 1411
1209 1412
1209 1413
1209 1414
1209 1415
1209 1416
1209 1417
1209 1418
1209 1419
1209 1420
1209 1421
1209 1422
1209 1423
1209 1424
1209 1425
1209 1426
1209 1427
1209 1428
1209 1429
1209 1430
1209 1431
1209 1432
1209 1433
1209 1434
1209 1435
1209 1436
1209 1437
1209 1438
1209 1439
1209 1440
1209 1441
1209 1442
1209 1443
1209 1444
1209 1445
1209 1446
1209 1447
1209 1448
1209 1449
1209 1450
1209 1451
1209 1452
1209 1453
1209 1454
1209 1455
1209 1456
1209 1457
1209 1458
1209 1459
1209 1460
1209 1461
1209 1462
1209 1463
1209 1464
1209 1465
1209 1466
1209 1467
1209 1468
1209 1469
1209 1470
1209 1471
1209 1472
1209 1473
1209 1474
1209 1475
1209 1476
1209 1477
1209 1478
1209 1479
1209 1480
1209 1481
1209 1482
1209 1483
1209 1484
1209 1485
1209 1486
1209 1487
1209 1488
1209 1489
1209 1490
1209 1491
1209 1492
1209 1493
1209 1494
1209 1495
1209 1496
1209 1497
1209 1498
1209 1499
1209 1500
1209 1501
1209 1502
1209 1503
1209 1504
1209 1505
1209 1506
1209 1507
1209 1508
1209 1509
1209 1510
1209 1511
1209 1512
1209 1513
1209 1514
1209 1515
1209 1516
1209 1517
1209 1518
1209 1519
1209 1520
1209 1521
1209 1522
1209 1523
1209 1524
1209 1525
1209 1526
1209 1527
1209 1528
1209 1529
1209 1530
1209 1531
1209 1532
1209 1533
1209 1534
1209 1535
1209 1536
1209 1537
1209 1538
1209 1539
1209 1540
1209 1541
1209 1542
1209 1543
1209 1544
1209 1545
1209 1546
1209 1547
1209 1548
1209 1549
1209 1550
1209 1551
1209 1552
1209 1553
1209 1554
1209 1555
1209 1556
1209 1557
1209 1558
1209 1559
1209 1560
1209 1561
1209 1562
1209 1563
1209 1564
1209 1565
1209 1566
1209 1567
1209 1568
1209 1569
1209 1570
1209 1571
1209 1572
1209 1573
1209 1574
1209 1575
1209 1576
1209 1577
1209 1578
1209 1579
1209 1580
1209 1581
1209 1582
1209 1583
1209 1584
1209 1585
1209 1586
1209 1587
1209 1588
1209 1589
1209 1590
1209 1591
1209 1592
1209 1593
1209 1594
1209 1595
1209 1596
1209 1597
1209 1598
1209 1599
1209 1600
1209 1601
1209 1602
1209 1603
1209 1604
1209 1605
1209 1606
1209 1607
1209 1608
1209 1609
1209 1610
1209 1611
1209 1612
1209 1613
1209 1614
1209 1615
1209 1616
1209 1617
1209 1618
1209 1619
1209 1620
1209 1621
1209 1622
1209 1623
1209 1624
1209 1625
1209 1626
1209 1627
1209 1628
1209 1629
1209 1630
1209 1631
1209 1632
1209 1633
1209 1634
1209 1635
1209 1636
1209 1637
1209 1638
1209 1639
1209 1640
1209 1641
1209 1642
1209 1643
1209 1644
1209 1645
1209 1646
1209 1647
1209 1648
1209 1649
1209 1650
1209 1651
1209 1652
1209 1653
1209 1654
1209 1655
1209 1656
1209 1657
1209 1658
1209 1659
1209 1660
1209 1661
1209 1662
1209 1663
1209 1664
1209 1665
1209 1666
1209 1667
1209 1668
1209 1669
1209 1670
1209 1671
1209 1672
1209 1673
1209 1674
1209 1675
1209 1676
1209 1677
1209 1678
1209 1679
1209 1680
1209 1681
1209 1682
1209 1683
1209 1684
1209 1685
1209 1686
1209 1687
1209 1688
1209 1689
1209 1690
1209 1691
1209 1692
1209 1693
1209 1694
1209 1695
1209 1696
1209 1697
1209 1698
1209 1699
1209 1700
1209 1701
1209 1702
1209 1703
1209 1704
1209 1705
1209 1706
1209 1707
1209 1708
1209 1709
1209 1710
1209 1711
1209 1712
1209 1713
1209 1714
1209 1715
1209 1716
1209 1717
1209 1718
1209 1719
1209 1720
1209 1721
1209 1722
1209 1723
1209 1724
1209 1725
1209 1726
1209 1727
1209 1728
1209 1729
1209 1730
1209 1731
1209 1732
1209 1733
1209 1734
1209 1735
1209 1736
1209 1737
1209 1738
1209 1739
1209 1740
1209 1741
1209 1742
1209 1743
1209 1744
1209 1745
1209 1746
1209 1747
1209 1748
1209 1749
1209 1750
1209 1751
1209 1752
1209 1753
1209 1754
1209 1755
1209 1756
1209 1757
1209 1758
1209 1759
1209 1760
1209 1761
1209 1762
1209 1763
1209 1764
1209 1765
1209 1766
1209 1767
1209 1768
1209 1769
1209 1770
1209 1771
1209 1772
1209 1773
1209 1774
1209 1775
1209 1776
1209 1777
1209 1778
1209 1779
1209 1780
1209 1781
1209 1782
1209 1783
1209 1784
1209 1785
1209 1786
1209 1787
1209 1788
1209 1789
1209 1790
1209 1791
1209 1792
1209 1793
1209 1794
1209 1795
1209 1796
1209 1797
1209 1798
1209 1799
1209 1800
1209 1801
1209 1802
1209 1803
1209 1804
1209 1805
1209 1806
1209 1807
1209 1808
1209 1809
1209 1810
1209 1811
1209 1812
1209 1813
1209 1814
1209 1815
1209 1816
1209 1817
1209 1818
1209 1819
1209 1820
1209 1821
1209 1822
1209 1823
1209 1824
1209 1825
1209 1826
1209 1827
1209 1828
1209 1829
1209 1830
1209 1831
1209 1832
1209 1833
1209 1834
1209 1835
1209 1836
1209 1837
1209 1838
1209 1839
1209 1840
1209 1841
1209 1842
1209 1843
1209 1844
1209 1845
1209 1846
1209 1847
1209 1848
1209 1849
1209 1850
1209 1851
1209 1852
1209 1853
1209 1854
1209 1855
1209 1856
1209 1857
1209 1858
1209 1859
1209 1860
1209 1861
1209 1862
1209 1863
1209 1864
1209 1865
1209 1866
1209 1867
1209 1868
1209 1869
1209 1870
1209 1871
1209 1872
1209 1873
1209 1874
1209 1875
1209 1876
1209 1877
1209 1878
1209 1879
1209 1880
1209 1881
1209 1882
1209 1883
1209 1884
1209 1885
1209 1886
1209 1887
1209 1888
1209 1889
1209 1890
1209 1891
1209 1892
1209 1893
1209 1894
1209 1895
1209 1896
1209 1897
1209 1898
1209 1899
1209 1900
1209 1901
1209 1902
1209 1903
1209 1904
1209 1905
1209 1906
1209 1907
1209 1908
1209 1909
1209 1910
1209 1911
1209 1912
1209 1913
1209 1914
1209 1915
1209 1916
1209 1917
1209 1918
1209 1919
1209 1920
1209 1921
1209 1922
1209 1923
1209 1924
1209 1925
1209 1926
1209 1927
1209 1928
1209 1929
1209 1930
1209 1931
1209 1932
1209 1933
1209 1934
1209 1935
1209 1936
1209 1937
1209 1938
1209 1939
1209 1940
1210 1941
1211 1942
1212 1943
1213 1944
1214 1945
1215 1946
1216 1947
1216 1948
1216 1949
1216 1950
1216 1951
1216 1952
1216 1953
1216 1954
1216 1955
1216 1956
1216 1957
1216 1958
1216 1959
1217 1960
1218 1961
1218 1962
1219 1963
1220 1964
1221 1965
1221 1966
1221 1967
1221 1968
1222 1969
1223 1970
1223 1971
1223 1972
1223 1973
1223 1974
1223 1975
1223 1976
1223 1977
1223 1978
1223 1979
1223 1980
1223 1981
1223 1982
1223 1983
1223 1984
1223 1985
1223 1986
1223 1987
1223 1988
1223 1989
1223 1990
1223 1991
1223 1992
1223 1993
1223 1994
1223 1995
1223 1996
1224 1997
1224 1998
1224 1999
1224 2000
1224 2001
1224 2002
1224 2003
1224 2004
1224 2005
1224 2006
1224 2007
1224 2008
1224 2009
1224 2010
1224 2011
1224 2012
1224 2013
1224 2014
1224 2015
1224 2016
1224 2017
1224 2018
1224 2019
1224 2020
1224 2021
1224 2022
1224 2023
1224 2024
1224 2025
1224 2026
1224 2027
1224 2028
1224 2029
1224 2030
1224 2031
1224 2032
1224 2033
1225 2034
1226 2035
1227 2036
1227 2037
1227 2038
1227 2039
1227 2040
1227 2041
1227 2042
1227 2043
1227 2044
1227 2045
1227 2046
1227 2047
1227 2048
1227 2049
1227 2050
1227 2051
1227 2052
1227 2053
1227 2054
1227 2055
1227 2056
1227 2057
1227 2058
1227 2059
1227 2060
1227 2061
1227 2062
1227 2063
1227 2064
1227 2065
1227 2066
1227 2067
1227 2068
1227 2069
1227 2070
1227 2071
1227 2072
1227 2073
1227 2074
1227 2075
1227 2076
1227 2077
1227 2078
1227 2079
1227 2080
1227 2081
1227 2082
1227 2083
1227 2084
1227 2085
1227 2086
1227 2087
1227 2088
1227 2089
1227 2090
1227 2091
1227 2092
1227 2093
1227 2094
1227 2095
1227 2096
1227 2097
1227 2098
1227 2099
1227 2100
1227 2101
1227 2102
1227 2103
1227 2104
1227 2105
1227 2106
1227 2107
1227 2108
1227 2109
1227 2110
1227 2111
1227 2112
1227 2113
1227 2114
1227 2115
1227 2116
1227 2117
1227 2118
1227 2119
1227 2120
1227 2121
1227 2122
1227 2123
1227 2124
1227 2125
1227 2126
1227 2127
1227 2128
1227 2129
1227 2130
1227 2131
1227 2132
1227 2133
1227 2134
1227 2135
1227 2136
1227 2137
1227 2138
1227 2139
1227 2140
1227 2141
1227 2142
1227 2143
1227 2144
1227 2145
1227 2146
1227 2147
1227 2148
1227 2149
1227 2150
1227 2151
1227 2152
1227 2153
1227 2154
1227 2155
1227 2156
1227 2157
1227 2158
1227 2159
1227 2160
1227 2161
1227 2162
1227 2163
1227 2164
1227 2165
1227 2166
1227 2167
1227 2168
1227 2169
1227 2170
1227 2171
1227 2172
1227 2173
1227 2174
1227 2175
1227 2176
1227 2177
1227 2178
1227 2179
1227 2180
1227 2181
1227 2182
1227 2183
1227 2184
1227 2185
1227 2186
1227 2187
1227 2188
1227 2189
1227 2190
1227 2191
1227 2192
1227 2193
1227 2194
1227 2195
1227 2196
1227 2197
1227 2198
1228 2199
1229 2200
1229 2201
1229 2202
1229 2203
1229 2204
1229 2205
1229 2206
1229 2207
1229 2208
1229 2209
1229 2210
1229 2211
1229 2212
1229 2213
1229 2214
1229 2215
1230 2216
1230 2217
1231 2218
1232 2219
1233 2220
1234 2221
1235 2222
1235 2223
1235 2224
1235 2225
1235 2226
1235 2227
1235 2228
1235 2229
1235 2230
1235 2231
1235 2232
1235 2233
1235 2234
1235 2235
1235 2236
1235 2237
1235 2238
1235 2239
1235 2240
1235 2241
1235 2242
1235 2243
1235 2244
1235 2245
1235 2246
1235 2247
1235 2248
1236 2249
1237 2250
1238 2251
1238 2252
1238 2253
1238 2254
1238 2255
1238 2256
1238 2257
1238 2258
1238 2259
1238 2260
1238 2261
1238 2262
1238 2263
1238 2264
1238 2265
1238 2266
1238 2267
1238 2268
1238 2269
1238 2270
1238 2271
1238 2272
1238 2273
1238 2274
1238 2275
1238 2276
1238 2277
1238 2278
1238 2279
1238 2280
1238 2281
1238 2282
1238 2283
1238 2284
1238 2285
1238 2286
1238 2287
1238 2288
1238 2289
1238 2290
1238 2291
1238 2292
1239 2293
1239 2294
1239 2295
1239 2296
1240 2297
1241 2298
1242 2299
1242 2300
1243 2301
1244 2302
1245 2303
1245 2304
1246 2305
1247 2306
1247 2307
1247 2308
1247 2309
1247 2310
1247 2311
1248 2312
1248 2313
1248 2314
1248 2315
1248 2316
1249 2317
1250 2318
1251 2319
1251 2320
1251 2321
1251 2322
1251 2323
1251 2324
1251 2325
1251 2326
1252 2327
1253 2328
1254 2329
1254 2330
1254 2331
1254 2332
1254 2333
1254 2334
1254 2335
1254 2336
1254 2337
1254 2338
1254 2339
1254 2340
1254 2341
1254 2342
1254 2343
1254 2344
1254 2345
1254 2346
1254 2347
1254 2348
1254 2349
1254 2350
1255 2351
1256 2352
1256 2353
1256 2354
1257 2355
1258 2356
1259 2357
1260 2358
1260 2359
1260 2360
1260 2361
1260 2362
1260 2363
1260 2364
1260 2365
1260 2366
1260 2367
1260 2368
1260 2369
1260 2370
1260 2371
1260 2372
1260 2373
1260 2374
1260 2375
1260 2376
1260 2377
1260 2378
1260 2379
1260 2380
1260 2381
1260 2382
1260 2383
1260 2384
1260 2385
1260 2386
1260 2387
1260 2388
1260 2389
1260 2390
1260 2391
1260 2392
1260 2393
1260 2394
1260 2395
1260 2396
1260 2397
1260 2398
1260 2399
1260 2400
1260 2401
1260 2402
1260 2403
1260 2404
1260 2405
1260 2406
1260 2407
1260 2408
1260 2409
1260 2410
1260 2411
1261 2412
1262 2413
1263 2414
1264 2415
1265 2416
1266 2417
1267 2418
1268 2419
1269 2420
1270 2421
1271 2422
1272 2423
1273 2424
1274 2425
1275 2426
1276 2427
1277 2428
1278 2429
1279 2430
1280 2431
1281 2432
1282 2433
1283 2434
1284 2435
1285 2436
1286 2437
1287 2438
1288 2439
1289 2440
1290 2441
1291 2442
1292 2443
1293 2444
1294 2445
1295 2446
1296 2447
1297 2448
1298 2449
1299 2450
1300 2451
1301 2452
1302 2453
1303 2454
1304 2455
1305 2456
1306 2457
1307 2458
1308 2458
1309 2458
1310 2458
1311 2458
1312 2458
1313 2458
1314 2458
1315 2458
1316 2458
1317 2458
1318 2458
1319 2458
1320 2458
1321 2458
1322 2458
1323 2458
1324 2459
1325 2460
1326 2460
1327 2461
1328 2462
1329 2463
1330 2464
1331 2465
1332 2465
1333 2466
1334 2467
1335 2468
1336 2469
1337 2470
1338 2471
1339 2472
1339 2473
1340 2474
1340 2475
1340 2476
1340 2477
1340 2478
1340 2479
1340 2480
1340 2481
1340 2482
1340 2483
1340 2484
1341 2485
1342 2486
1343 2487
1344 2488
1345 2489
1346 2490
1347 2491
1348 2492
1349 2493
1350 2493
1351 2493
1352 2493
1353 2493
1354 2493
1355 2493
1356 2493
1357 2493
1358 2493
1359 2493
1360 2493
1361 2493
1362 2493
1363 2493
1364 2493
1365 2493
1366 2493
1367 2493
1368 2493
1369 2493
1370 2493
1371 2493
1372 2493
1373 2493
1374 2493
1375 2494
1376 2495
1377 2496
1378 2497
1379 2498
1380 2499
1381 2500
1382 2501
1383 2502
1384 2502
1385 2502
1386 2502
1387 2502
1388 2503
1389 2503
1390 2503
1391 2503
1392 2503
1393 2503
1394 2503
1395 2503
1396 2503
1397 2503
1398 2503
1399 2503
1400 2503
1401 2503
1402 2503
1403 2503
1404 2503
1405 2503
1406 2503
1407 2503
1408 2503
1409 2503
1410 2503
1411 2503
1412 2503
1413 2503
1414 2503
1415 2503
1416 2503
1417 2503
1418 2503
1419 2503
1420 2503
1421 2503
1422 2503
1423 2503
1424 2503
1425 2503
1426 2503
1427 2503
1428 2503
1429 2503
1430 2503
1431 2503
1432 2503
1433 2503
1434 2503
1435 2503
1436 2503
1437 2503
1438 2504
1439 2504
1440 2504
1441 2504
1442 2504
1443 2504
1444 2504
1445 2504
1446 2504
1447 2504
1448 2504
1449 2504
1450 2504
1451 2504
1452 2504
1453 2504
1454 2504
1455 2504
1456 2504
1457 2504
1458 2504
1459 2504
1460 2504
1461 2504
1462 2504
1463 2504
1464 2504
1465 2504
1466 2504
1467 2504
1468 2504
1469 2504
1470 2504
1471 2504
1472 2504
1473 2504
1474 2504
1475 2504
1476 2504
1477 2504
1478 2504
1479 2504
1480 2504
1481 2504
1482 2504
1483 2504
1484 2504
1485 2504
1486 2504
1487 2504
1488 2504
1489 2504
1490 2504
1491 2504
1492 2504
1493 2504
1494 2504
1495 2504
1496 2504
1497 2504
1498 2504
1499 2504
1500 2504
1501 2504
1502 2504
1503 2504
1504 2504
1505 2504
1506 2504
1507 2504
1508 2504
1509 2504
1510 2504
1511 2504
1512 2504
1513 2504
1514 2504
1515 2504
1516 2504
1517 2504
1518 2504
1519 2504
1520 2504
1521 2504
1522 2504
1523 2504
1524 2504
1525 2504
1526 2504
1527 2504
1528 2504
1529 2504
1530 2504
1531 2504
1532 2504
1533 2504
1534 2504
1535 2504
1536 2504
1537 2504
1538 2504
1539 2504
1540 2504
1541 2504
1542 2504
1543 2504
1544 2504
1545 2504
1546 2504
1547 2504
1548 2504
1549 2504
1550 2504
1551 2504
1552 2504
1553 2504
1554 2504
1555 2504
1556 2504
1557 2505
1558 2505
1559 2505
1560 2506
1561 2506
1562 2506
1563 2506
1564 2506
1565 2506
1566 2506
1567 2506
1568 2506
1569 2506
1570 2506
1571 2506
1572 2506
1573 2506
1574 2506
1575 2506
1576 2506
1577 2506
1578 2506
1579 2506
1580 2506
1581 2506
1582 2506
1583 2506
1584 2506
1585 2506
1586 2506
1587 2506
1588 2506
1589 2506
1590 2506
1591 2506
1592 2506
1593 2506
1594 2506
1595 2506
1596 2506
1597 2506
1598 2506
1599 2506
1600 2506
1601 2506
1602 2506
1603 2506
1604 2506
1605 2506
1606 2506
1607 2506
1608 2506
1609 2506
1610 2506
1611 2506
1612 2506
1613 2506
1614 2506
1615 2506
1616 2506
1617 2506
1618 2506
1619 2506
1620 2506
1621 2506
1622 2506
1623 2506
1624 2506
1625 2506
1626 2506
1627 2506
1628 2506
1629 2506
1630 2506
1631 2506
1632 2506
1633 2506
1634 2506
1635 2506
1636 2506
1637 2506
1638 2506
1639 2506
1640 2506
1641 2506
1642 2506
1643 2506
1644 2506
1645 2506
1646 2506
1647 2506
1648 2506
1649 2506
1650 2506
1651 2506
1652 2506
1653 2506
1654 2506
1655 2506
1656 2506
1657 2506
1658 2506
1659 2506
1660 2506
1661 2506
1662 2506
1663 2506
1664 2506
1665 2506
1666 2506
1667 2506
1668 2506
1669 2506
1670 2506
1671 2506
1672 2506
1673 2506
1674 2506
1675 2506
1676 2506
1677 2506
1678 2506
1679 2506
1680 2506
1681 2506
1682 2506
1683 2506
1684 2506
1685 2506
1686 2506
1687 2506
1688 2506
1689 2506
1690 2506
1691 2506
1692 2506
1693 2506
1694 2506
1695 2506
1696 2506
1697 2506
1698 2506
1699 2506
1700 2506
1701 2506
1702 2506
1703 2506
1704 2506
1705 2506
1706 2506
1707 2506
1708 2506
1709 2506
1710 2506
1711 2506
1712 2506
1713 2506
1714 2506
1715 2506
1716 2506
1717 2506
1718 2506
1719 2506
1720 2506
1721 2506
1722 2506
1723 2506
1724 2506
1725 2506
1726 2506
1727 2506
1728 2506
1729 2506
1730 2506
1731 2506
1732 2506
1733 2506
1734 2507
1735 2508
1736 2509
1737 2510
1738 2511
1739 2512
1740 2513
1741 2514
1742 2515
1743 2516
1744 2517
1745 2518
1746 2519
1747 2520
1748 2521
1749 2522
1750 2523
1751 2524
1752 2525
1753 2526
1754 2527
1755 2528
1756 2529
1757 2530
1758 2531
1759 2532
1760 2533
1761 2534
1762 2535
1763 2536
1764 2537
1765 2538
1766 2539
1767 2540
1768 2541
1769 2542
1770 2543
1771 2544
1772 2545
1773 2546
1774 2547
1775 2548
1776 2549
1777 2550
1778 2551
1779 2552
1780 2553
1781 2554
1782 2555
1783 2556
1784 2557
1785 2558
1786 2559
1787 2560
1788 2561
1789 2562
1790 2563
1791 2564
1792 2565
1793 2566
1794 2567
1795 2568
1796 2569
1797 2570
1798 2571
1799 2572
1800 2573
1801 2574
1802 2575
1803 2576
1804 2577
1805 2578
1806 2579
1807 2580
1808 2581
1809 2582
1810 2583
1811 2584
1812 2585
1813 2586
1814 2587
1815 2588
1816 2589
1817 2590
1818 2591
1819 2592
1820 2593
1821 2594
1822 2595
1823 2596
1824 2597
1825 2598
1826 2599
1827 2600
1828 2601
1829 2602
1830 2603
1831 2604
1832 2605
1833 2606
1834 2607
1835 2608
1836 2609
1837 2610
1838 2611
1839 2612
1840 2613
1841 2614
1842 2615
1843 2616
1844 2617
1845 2618
1846 2619
1847 2620
1848 2621
1849 2622
1850 2623
1851 2624
1852 2625
1853 2626
1854 2627
1855 2628
1856 2629
1857 2630
1858 2631
1859 2632
1860 2633
1861 2634
1862 2635
1863 2636
1864 2637
1865 2638
1866 2639
1867 2640
1868 2641
1869 2642
1870 2643
1871 2644
1872 2645
1873 2646
1874 2647
1875 2648
1876 2649
1877 2650
1878 2651
1879 2652
1880 2653
1881 2654
1882 2655
1883 2656
1884 2657
1885 2658
1886 2659
1887 2660
1888 2661
1889 2662
1890 2663
1891 2664
1892 2665
1893 2666
1894 2667
1895 2668
1896 2669
1897 2670
1898 2671
1899 2672
1900 2673
1901 2674
1902 2675
1903 2676
1904 2677
1905 2678
1906 2679
1907 2680
1908 2681
1909 2682
1910 2683
1911 2684
1912 2685
1913 2686
1914 2687
1915 2688
1916 2689
1917 2690
1918 2691
1919 2692
1920 2693
1921 2694
1922 2695
1923 2696
1924 2697
1925 2698
1926 2699
1927 2700
1928 2701
1929 2702
1930 2703
1931 2704
1932 2705
1933 2706
1934 2707
1935 2708
1936 2709
1937 2710
1938 2711
1939 2712
1940 2713
1941 2714
1942 2715
1943 2716
1944 2717
1945 2718
1946 2719
1947 2720
1948 2721
1949 2722
1950 2723
1951 2724
1952 2725
1953 2726
1954 2726
1955 2726
1956 2726
1957 2726
1958 2726
1959 2726
1960 2726
1961 2726
1962 2726
1963 2726
1964 2726
1965 2726
1966 2726
1967 2726
1968 2726
1969 2726
1970 2726
1971 2726
1972 2726
1973 2726
1974 2726
1975 2726
1976 2726
1977 2726
1978 2726
1979 2726
1980 2726
1981 2726
1982 2726
1983 2726
1984 2726
1985 2726
1986 2726
1987 2726
1988 2726
1989 2726
1990 2726
1991 2726
1992 2726
1993 2726
1994 2726
1995 2726
1996 2726
1997 2726
1998 2726
1999 2726
2000 2726
2001 2726
2002 2726
2003 2726
2004 2726
2005 2726
2006 2726
2007 2726
2008 2726
2009 2726
2010 2726
2011 2726
2012 2726
2013 2726
2014 2726
2015 2726
2016 2726
2017 2726
2018 2726
2019 2726
2020 2726
2021 2726
2022 2726
2023 2726
2024 2726
2025 2726
2026 2726
2027 2726
2028 2726
2029 2726
2030 2726
2031 2726
2032 2726
2033 2726
2034 2726
2035 2726
2036 2726
2037 2726
2038 2726
2039 2726
2040 2726
2041 2726
2042 2726
2043 2726
2044 2726
2045 2726
2046 2726
2047 2726
2048 2726
2049 2726
2050 2726
2051 2726
2052 2726
2053 2726
2054 2726
2055 2726
2056 2726
2057 2726
2058 2726
2059 2726
2060 2726
2061 2726
2062 2726
2063 2726
2064 2726
2065 2726
2066 2726
2067 2726
2068 2726
2069 2726
2070 2726
2071 2726
2072 2726
2073 2726
2074 2726
2075 2726
2076 2726
2077 2726
2078 2726
2079 2726
2080 2726
2081 2726
2082 2726
2083 2726
2084 2726
2085 2726
2086 2726
2087 2726
2088 2726
2089 2726
2090 2726
2091 2726
2092 2726
2093 2726
2094 2726
2095 2726
2096 2726
2097 2726
2098 2726
2099 2726
2100 2726
2101 2726
2102 2726
2103 2726
2104 2726
2105 2726
2106 2726
2107 2726
2108 2726
2109 2726
2110 2726
2111 2726
2112 2726
2113 2726
2114 2726
2115 2726
2116 2726
2117 2726
2118 2726
2119 2726
2120 2726
2121 2726
2122 2726
2123 2726
2124 2726
2125 2726
2126 2726
2127 2726
2128 2726
2129 2726
2130 2726
2131 2726
2132 2726
2133 2726
2134 2726
2135 2726
2136 2726
2137 2726
2138 2726
2139 2726
2140 2726
2141 2726
2142 2726
2143 2726
2144 2726
2145 2726
2146 2726
2147 2726
2148 2726
2149 2726
2150 2726
2151 2726
2152 2726
2153 2726
2154 2726
2155 2726
2156 2726
2157 2726
2158 2726
2159 2726
2160 2726
2161 2726
2162 2726
2163 2726
2164 2726
2165 2726
2166 2726
2167 2726
2168 2726
2169 2726
2170 2726
2171 2726
2172 2726
2173 2726
2174 2726
2175 2726
2176 2726
2177 2726
2178 2726
2179 2726
2180 2726
2181 2726
2182 2726
2183 2726
2184 2726
2185 2726
2186 2726
2187 2726
2188 2726
2189 2726
2190 2726
2191 2726
2192 2726
2193 2726
2194 2726
2195 2726
2196 2726
2197 2726
2198 2726
2199 2726
2200 2726
2201 2726
2202 2726
2203 2726
2204 2726
2205 2726
2206 2726
2207 2726
2208 2726
2209 2726
2210 2726
2211 2726
2212 2726
2213 2726
2214 2726
2215 2726
2216 2726
2217 2726
2218 2726
2219 2726
2220 2726
2221 2726
2222 2726
2223 2726
2224 2726
2225 2726
2226 2726
2227 2726
2228 2726
2229 2726
2230 2726
2231 2726
2232 2726
2233 2726
2234 2726
2235 2726
2236 2726
2237 2726
2238 2726
2239 2726
2240 2726
2241 2726
2242 2726
2243 2726
2244 2726
2245 2726
2246 2726
2247 2726
2248 2726
2249 2726
2250 2726
2251 2726
2252 2726
2253 2726
2254 2726
2255 2726
2256 2726
2257 2726
2258 2726
2259 2726
2260 2726
2261 2726
2262 2726
2263 2726
2264 2726
2265 2726
2266 2726
2267 2726
2268 2726
2269 2726
2270 2726
2271 2726
2272 2726
2273 2726
2274 2726
2275 2726
2276 2726
2277 2726
2278 2726
2279 2726
2280 2726
2281 2726
2282 2726
2283 2726
2284 2726
2285 2726
2286 2726
2287 2726
2288 2726
2289 2726
2290 2726
2291 2726
2292 2726
2293 2726
2294 2726
2295 2726
2296 2726
2297 2726
2298 2726
2299 2726
2300 2726
2301 2726
2302 2726
2303 2726
2304 2726
2305 2726
2306 2727
2307 2728
2308 2729
2309 2730
2310 2731
2311 2732
2312 2733
2313 2734
2314 2735
2315 2736
2316 2737
2317 2738
2318 2739
2319 2740
2320 2741
2321 2742
2322 2742
2323 2742
2324 2743
2325 2743
2326 2743
2327 2743
2328 2743
2329 2744
2330 2745
2331 2746
2332 2747
2333 2748
2334 2749
2335 2750
2336 2751
2337 2752
2338 2753
2339 2754
2340 2755
2341 2756
2342 2757
2343 2758
2344 2759
2345 2760
2346 2761
2347 2762
2348 2763
2349 2764
2350 2765
2351 2766
2352 2766
2353 2766
2354 2766
2355 2766
2356 2766
2357 2766
2358 2766
2359 2766
2360 2766
2361 2766
2362 2766
2363 2766
2364 2766
2365 2766
2366 2766
2367 2766
2368 2766
2369 2766
2370 2766
2371 2766
2372 2766
2373 2766
2374 2766
2375 2766
2376 2766
2377 2766
2378 2766
2379 2766
2380 2766
2381 2766
2382 2766
2383 2766
2384 2766
2385 2766
2386 2766
2387 2766
2388 2766
2389 2766
2390 2766
2391 2766
2392 2766
2393 2766
2394 2766
2395 2766
2396 2766
2397 2766
2398 2766
2399 2766
2400 2766
2401 2766
2402 2766
2403 2767
2404 2768
2405 2769
2406 2770
2407 2771
2408 2772
2409 2773
2410 2774
2411 2775
2412 2776
2413 2777
2414 2778
2415 2779
2416 2780
2417 2781
2418 2782
2419 2782
2420 2782
2421 2782
2422 2782
2423 2782
2424 2783
2425 2784
2426 2785
2427 2786
2428 2787
2429 2788
2430 2789
2431 2790
2432 2791
2433 2792
2434 2793
2435 2794
2436 2795
2437 2795
2438 2795
2439 2795
2440 2795
2441 2795
2442 2796
2443 2797
2444 2798
2445 2799
2446 2799
2447 2799
2448 2799
2449 2799
2450 2799
2451 2799
2452 2799
2453 2799
2454 2799
2455 2799
2456 2799
2457 2799
2458 2799
2459 2799
2460 2799
2461 2799
2462 2799
2463 2799
2464 2799
2465 2799
2466 2799
2467 2799
2468 2799
2469 2799
2470 2799
2471 2800
2472 2801
2473 2801
2474 2802
2475 2802
2476 2802
2477 2802
2478 2802
2479 2802
2480 2802
2481 2802
2482 2802
2483 2802
2484 2802
2485 2802
2486 2802
2487 2802
2488 2802
2489 2802
2490 2802
2491 2802
2492 2802
2493 2802
2494 2802
2495 2802
2496 2802
2497 2802
2498 2802
2499 2802
2500 2802
2501 2802
2502 2803
2503 2803
2504 2803
2505 2803
2506 2803
2507 2803
2508 2803
2509 2803
2510 2803
2511 2803
2512 2803
2513 2803
2514 2803
2515 2803
2516 2803
2517 2803
2518 2803
2519 2803
2520 2804
2521 2805
2522 2806
2523 2807
2524 2808
2525 2809
2526 2810
2527 2811
2528 2812
2529 2813
2530 2814
2531 2815
2532 2816
2533 2817
2534 2818
2535 2819
2536 2820
2537 2821
2538 2822
2539 2823
2540 2824
2540 2825
2540 2826
2540 2827
2540 2828
2540 2829
2540 2830
2540 2831
2540 2832
2540 2833
2540 2834
2540 2835
2540 2836
2540 2837
2540 2838
2540 2839
2540 2840
2540 2841
2540 2842
2540 2843
2540 2844
2540 2845
2540 2846
2540 2847
2540 2848
2540 2849
2541 2850
2542 2851
2543 2852
2544 2853
2545 2854
2546 2855
2547 2856
2548 2857
2549 2858
2550 2859
2551 2860
2552 2861
2553 2862
2554 2863
2555 2864
2556 2865
2557 2866
2558 2867
2559 2868
2560 2868
2561 2868
2562 2868
2563 2868
2564 2868
2565 2868
2566 2868
2567 2869
2568 2870
2569 2871
2570 2872
2571 2873
2572 2873
2573 2873
2574 2873
2575 2873
2576 2873
2577 2873
2578 2873
2579 2873
2580 2873
2581 2873
2582 2873
2583 2873
2584 2873
2585 2873
2586 2873
2587 2873
2588 2873
2589 2873
2590 2873
2591 2873
2592 2873
2593 2873
2594 2873
2595 2873
2596 2873
2597 2873
2598 2873
2599 2873
2600 2873
2601 2873
2602 2873
2603 2873
2604 2873
2605 2873
2606 2873
2607 2873
2608 2874
2609 2875
2610 2876
2611 2877
2612 2878
2613 2879
2614 2880
2615 2881
2616 2882
2617 2883
2618 2884
2619 2885
2620 2886
2621 2887
2622 2888
2623 2889
2624 2890
2625 2891
2626 2892
2627 2893
2628 2894
2629 2895
2630 2896
2630 2897
2630 2898
2630 2899
2630 2900
2630 2901
2630 2902
2630 2903
2630 2904
2630 2905
2630 2906
2630 2907
2630 2908
2630 2909
2630 2910
2630 2911
2630 2912
2630 2913
2630 2914
2630 2915
2630 2916
2630 2917
2630 2918
2630 2919
2630 2920
2630 2921
2630 2922
2630 2923
2630 2924
2630 2925
2630 2926
2630 2927
2630 2928
2631 2929
2632 2930
2633 2931
2634 2932
2635 2933
2636 2934
2637 2935
2638 2936
2639 2937
2640 2938
2641 2939
2642 2940
2643 2941
2644 2942
2645 2943
2646 2944
2647 2945
2648 2946
2649 2947
2650 2948
2651 2949
2652 2950
2653 2951
2654 2952
2655 2953
2656 2954
2657 2955
2658 2956
2659 2957
2660 2958
2661 2959
2662 2960
2663 2961
2664 2962
2665 2963
2666 2964
2667 2965
2668 2966
2669 2967
2670 2968
2671 2969
2672 2970
2673 2971
2674 2972
2675 2973
2676 2974
2677 2975
2678 2976
2679 2977
2680 2978
2681 2979
2682 2980
2683 2981
2684 2982
2685 2983
2686 2984
2687 2985
2688 2986
2689 2987
2690 2988
2691 2989
2692 2990
2693 2991
2694 2992
2695 2993
2696 2994
2697 2995
2698 2996
2699 2997
2700 2998
2701 2999
2702 3000
2703 3001
2704 3002
2705 3003
2706 3004
2707 3005
2708 3006
2709 3007
2710 3008
2711 3009
2712 3010
2713 3011
2714 3012
2715 3013
2716 3014
2717 3015
2718 3016
2719 3017
2720 3018
2721 3019
2722 3020
2723 3021
2724 3022
2725 3023
2726 3024
2727 3025
2728 3026
2729 3027
2730 3028
2731 3029
2732 3030
2733 3031
2734 3032
2735 3033
2736 3034
2737 3035
2738 3036
2739 3037
2740 3038
2741 3039
2742 3040
2743 3041
2744 3042
2745 3043
2746 3044
2747 3045
2748 3046
2749 3047
2750 3048
2751 3049
2752 3050
2753 3051
2754 3052
2755 3053
2756 3054
2757 3055
2758 3056
2759 3057
2760 3058
2761 3059
2762 3060
2763 3061
2764 3062
2765 3063
2766 3064
2767 3065
2768 3066
2769 3067
2770 3068
2771 3069
2772 3070
2773 3071
2774 3072
2775 3073
2776 3074
2777 3075
2778 3076
2779 3077
2780 3078
2781 3079
2782 3080
2783 3081
2784 3082
2785 3083
2786 3084
2787 3085
2788 3086
2789 3087
2790 3088
2791 3089
2792 3090
2793 3091
2794 3092
2795 3093
2796 3094
2797 3095
2798 3096
2799 3097
2800 3098
2801 3099
2802 3100
2803 3101
2804 3102
2805 3103
2806 3104
2807 3105
2808 3106
2809 3107
2810 3108
2811 3109
2812 3110
2813 3111
2814 3112
2815 3113
2816 3114
2817 3115
2818 3116
2819 3117
2820 3118
2821 3119
2822 3120
2823 3121
2824 3122
2825 3123
2826 3124
2827 3125
2828 3126
2829 3127
2830 3128
2831 3129
2832 3130
2833 3131
2834 3132
2835 3133
2836 3134
2837 3135
2838 3136
2839 3137
2840 3138
2841 3139
2842 3140
2843 3141
2844 3142
2845 3143
2846 3144
2847 3145
2848 3146
2849 3147
2850 3148
2851 3149
2852 3150
2853 3151
2854 3152
2855 3153
2856 3154
2857 3155
2858 3156
2859 3157
2860 3158
2861 3159
2862 3160
2863 3161
2864 3162
2865 3163
2866 3164
2867 3165
2868 3166
2869 3167
2870 3168
2871 3169
2872 3170
2873 3171
2874 3172
2875 3173
2876 3174
2877 3175
2878 3176
2879 3177
2880 3178
2881 3179
2882 3180
2883 3181
2884 3182
2885 3183
2886 3184
2887 3185
2888 3186
2889 3187
2890 3188
2891 3189
2892 3190
2893 3191
2894 3192
2895 3193
2896 3194
2897 3195
2898 3196
2899 3197
2900 3198
2901 3199
2902 3200
2903 3201
2904 3202
2905 3203
2906 3204
2907 3205
2908 3206
2909 3207
2910 3208
2911 3209
2912 3210
2913 3211
2914 3212
2915 3213
2916 3214
2917 3215
2918 3216
2919 3217
2920 3218
2921 3219
2922 3220
2923 3221
2924 3222
2925 3223
2926 3224
2927 3225
2928 3226
2929 3227
2930 3228
2931 3229
2932 3230
2933 3231
2934 3232
2935 3233
2936 3234
2937 3235
2938 3236
2939 3237
2940 3238
2941 3239
2942 3240
2943 3241
2944 3242
2945 3243
2946 3244
2947 3245
2948 3246
2948 3247
2948 3248
2948 3249
2948 3250
2948 3251
2948 3252
2948 3253
2948 3254
2948 3255
2948 3256
2948 3257
2948 3258
2948 3259
2948 3260
2948 3261
2948 3262
2948 3263
2948 3264
2948 3265
2948 3266
2948 3267
2948 3268
2948 3269
2948 3270
2948 3271
2948 3272
2948 3273
2948 3274
2948 3275
2948 3276
2948 3277
2948 3278
2948 3279
2948 3280
2948 3281
2948 3282
2948 3283
2948 3284
2948 3285
2948 3286
2949 3287
2950 3288
2951 3289
2952 3290
2953 3291
2954 3292
2954 3293
2954 3294
2954 3295
2954 3296
2954 3297
2955 3298
2955 3299
2955 3300
2955 3301
2955 3302
2955 3303
2955 3304
2955 3305
2955 3306
2955 3307
2955 3308
2955 3309
2955 3310
2955 3311
2955 3312
2955 3313
2955 3314
2955 3315
2955 3316
2955 3317
2955 3318
2955 3319
2955 3320
2955 3321
2955 3322
2955 3323
2955 3324
2955 3325
2955 3326
2955 3327
2955 3328
2955 3329
2955 3330
2955 3331
2955 3332
2955 3333
2955 3334
2955 3335
2955 3336
2955 3337
2956 3338
2956 3339
2956 3340
2956 3341
2956 3342
2956 3343
2956 3344
2956 3345
2956 3346
2956 3347
2956 3348
2956 3349
2956 3350
2956 3351
2956 3352
2956 3353
2956 3354
2956 3355
2956 3356
2956 3357
2956 3358
2956 3359
2956 3360
2956 3361
2956 3362
2957 3363
2958 3364
2959 3365
2960 3366
2961 3367
2962 3368
2963 3369
2964 3370
2965 3371
2966 3372
2967 3373
2968 3374
2969 3375
2970 3376
2971 3377
2972 3378
2973 3379
2974 3380
2975 3381
2976 3382
2977 3383
2978 3384
2979 3385
2980 3386
2981 3387
2982 3388
2983 3389
2984 3390
2985 3391
2986 3392
2987 3393
2988 3394
2989 3395
2990 3396
2991 3397
2992 3398
2993 3399
2994 3400
2995 3401
2996 3402
2997 3403
2998 3404
2999 3405
3000 3406
3001 3407
3002 3408
3003 3409
3004 3410
3005 3411
3006 3412
3007 3413
3008 3414
3009 3415
3010 3416
3011 3417
3012 3418
3013 3419
3014 3420
3015 3421
3016 3422
3017 3423
3018 3424
3019 3425
3020 3426
3021 3427
3022 3428
3023 3429
3024 3430
3025 3431
3026 3432
3027 3433
3028 3434
3029 3435
3030 3436
3031 3437
3032 3438
3033 3439
3034 3440
3035 3441
3036 3442
3037 3443
3038 3444
3038 3445
3038 3446
3038 3447
3038 3448
3038 3449
3038 3450
3038 3451
3038 3452
3038 3453
3038 3454
3038 3455
3038 3456
3038 3457
3038 3458
3038 3459
3038 3460
3038 3461
3038 3462
3038 3463
3038 3464
3038 3465
3038 3466
3038 3467
3038 3468
3038 3469
3038 3470
3038 3471
3038 3472
3038 3473
3038 3474
3038 3475
3038 3476
3038 3477
3038 3478
3038 3479
3038 3480
3038 3481
3038 3482
3038 3483
3038 3484
3038 3485
3038 3486
3038 3487
3038 3488
3038 3489
3038 3490
3038 3491
3038 3492
3038 3493
3038 3494
3038 3495
3038 3496
3038 3497
3038 3498
3038 3499
3038 3500
3038 3501
3038 3502
3038 3503
3038 3504
3038 3505
3038 3506
3038 3507
3038 3508
3038 3509
3038 3510
3038 3511
3038 3512
3038 3513
3038 3514
3038 3515
3038 3516
3038 3517
3038 3518
3038 3519
3038 3520
3038 3521
3038 3522
3038 3523
3038 3524
3038 3525
3039 3526
3039 3527
3039 3528
3039 3529
3039 3530
3039 3531
3039 3532
3039 3533
3039 3534
3039 3535
3039 3536
3039 3537
3039 3538
3039 3539
3039 3540
3039 3541
3039 3542
3039 3543
3039 3544
3039 3545
3039 3546
3039 3547
3039 3548
3039 3549
3039 3550
3039 3551
3039 3552
3039 3553
3039 3554
3039 3555
3039 3556
3039 3557
3039 3558
3039 3559
3039 3560
3039 3561
3039 3562
3039 3563
3039 3564
3039 3565
3039 3566
3039 3567
3039 3568
3039 3569
3039 3570
3039 3571
3039 3572
3040 3573
3040 3574
3040 3575
3040 3576
3040 3577
3040 3578
3040 3579
3040 3580
3040 3581
3040 3582
3040 3583
3040 3584
3040 3585
3040 3586
3040 3587
3040 3588
3040 3589
3040 3590
3040 3591
3040 3592
3040 3593
3040 3594
3040 3595
3040 3596
3040 3597
3040 3598
3040 3599
3040 3600
3040 3601
3040 3602
3040 3603
3041 3604
3042 3605
3043 3606
3044 3607
3045 3608
3046 3609
3047 3610
3048 3611
3049 3612
3049 3613
3050 3614
3050 3615
3050 3616
3050 3617
3050 3618
3050 3619
3050 3620
3050 3621
3050 3622
3050 3623
3050 3624
3050 3625
3050 3626
3050 3627
3050 3628
3050 3629
3050 3630
3050 3631
3050 3632
3050 3633
3050 3634
3050 3635
3050 3636
3050 3637
3050 3638
3050 3639
3050 3640
3050 3641
3050 3642
3050 3643
3050 3644
3050 3645
3050 3646
3050 3647
3050 3648
3050 3649
3050 3650
3050 3651
3050 3652
3050 3653
3050 3654
3050 3655
3050 3656
3051 3657
3052 3658
3052 3659
3052 3660
3052 3661
3052 3662
3052 3663
3053 3664
3053 3665
3053 3666
3054 3667
3055 3668
3056 3669
3056 3670
3056 3671
3057 3672
3058 3673
3058 3674
3058 3675
3058 3676
3058 3677
3058 3678
3058 3679
3058 3680
3058 3681
3058 3682
3058 3683
3058 3684
3058 3685
3059 3686
3059 3687
3059 3688
3059 3689
3059 3690
3059 3691
3059 3692
3060 3693
3061 3694
3061 3695
3062 3696
3062 3697
3062 3698
3063 3699
3064 3700
3065 3701
3066 3702
3067 3703
3068 3704
3069 3704
3070 3704
3071 3704
3072 3705
3073 3706
3074 3707
3075 3708
3076 3709
3077 3709
3078 3709
3079 3709
3080 3710
3081 3711
3082 3712
3083 3713
3084 3714
3085 3714
3086 3714
3087 3714
3088 3714
3089 3714
3090 3714
3091 3714
3092 3714
3093 3714
3094 3714
3095 3714
3096 3714
3097 3714
3098 3714
3099 3714
3100 3714
3101 3714
3102 3714
3103 3714
3104 3714
3105 3714
3106 3714
3107 3714
3108 3714
3109 3714
3110 3714
3111 3714
3112 3714
3113 3715
3114 3716
3115 3716
3116 3716
3117 3716
3118 3717
3119 3718
3120 3718
3121 3719
3122 3720
3123 3721
3124 3722
3125 3723
3126 3724
3127 3725
3127 3726
3127 3727
3127 3728
3127 3729
3127 3730
3127 3731
3127 3732
3127 3733
3127 3734
3128 3735
3129 3736
3130 3737
3131 3738
3132 3739
3133 3740
3134 3741
3135 3742
3136 3743
3137 3744
3138 3745
3139 3746
3140 3747
3141 3748
3142 3749
3143 3750
3144 3751
3145 3752
3146 3753
3147 3754
3148 3755
3149 3756
3150 3757
3151 3758
3152 3759
3153 3760
3154 3761
3155 3762
3156 3763
3157 3764
3158 3765
3159 3766
3160 3767
3161 3768
3162 3769
3163 3770
3164 3771
3165 3772
3166 3773
3167 3774
3168 3775
3169 3776
3170 3777
3171 3778
3172 3779
3173 3780
3174 3781
3175 3782
3176 3783
3177 3784
3178 3785
3179 3786
3180 3787
3181 3788
3182 3789
3183 3790
3184 3791
3185 3792
3186 3793
3187 3794
3188 3795
3189 3796
3190 3797
3191 3798
3192 3799
3193 3800
3194 3801
3195 3802
3196 3803
3197 3804
3198 3805
3199 3806
3200 3807
3201 3808
3202 3809
3203 3810
3204 3811
3205 3812
3206 3813
3207 3814
3208 3815
3209 3816
3210 3817
3211 3818
3212 3819
3213 3820
3214 3821
3215 3822
3216 3823
3217 3824
3218 3825
3219 3826
3220 3827
3221 3828
3222 3829
3223 3830
3224 3831
3225 3832
3226 3833
3227 3834
3228 3835
3229 3836
3230 3837
3231 3838
3232 3839
3233 3840
3234 3841
3235 3842
3236 3843
3237 3844
3238 3845
3239 3846
3240 3847
3241 3848
3242 3849
3243 3850
3244 3851
3245 3852
3246 3853
3247 3854
3248 3855
3249 3856
3250 3857
3251 3858
3252 3859
3253 3860
3254 3861
3255 3862
3256 3863
3257 3864
3258 3865
3259 3866
3260 3867
3261 3868
3262 3869
3263 3870
3264 3871
3265 3872
3266 3873
3267 3874
3268 3875
3269 3876
3270 3877
3271 3878
3272 3879
3273 3880
3274 3881
3275 3882
3276 3883
3277 3884
3278 3885
3279 3886
3280 3887
3281 3888
3282 3889
3283 3890
3284 3891
3285 3892
3286 3893
3287 3894
3288 3895
3289 3896
3290 3897
3291 3898
3292 3899
3293 3900
3294 3901
3295 3902
3296 3903
3297 3904
3298 3905
3299 3906
3300 3907
3301 3908
3302 3909
3303 3910
3304 3911
3305 3912
3306 3913
3307 3914
3308 3915
3309 3916
3310 3917
3311 3918
3312 3919
3313 3920
3314 3921
3315 3922
3316 3923
3317 3924
3318 3925
3319 3926
3320 3927
3321 3928
3322 3929
3323 3930
3324 3931
3325 3932
3326 3933
3327 3934
3328 3935
3329 3936
3330 3937
3331 3938
3332 3939
3333 3940
3334 3941
3335 3942
3336 3943
3337 3944
3338 3945
3339 3946
3340 3947
3341 3948
3342 3949
3343 3950
3344 3951
3345 3952
3346 3953
3347 3954
3348 3955
3349 3956
3350 3957
3351 3958
3352 3959
3353 3960
3354 3961
3355 3962
3356 3963
3357 3964
3358 3965
3359 3966
3360 3967
3361 3968
3362 3969
3363 3970
3364 3971
3365 3972
3366 3973
3367 3974
3368 3975
3369 3976
3370 3977
3371 3978
3372 3979
3373 3980
3374 3981
3375 3982
3376 3983
3377 3984
3378 3985
3379 3986
3380 3987
3381 3988
3382 3989
3383 3990
3384 3991
3385 3992
3386 3993
3387 3994
3388 3995
3389 3996
3390 3997
3391 3998
3392 3999
3393 4000
3394 4001
3395 4002
3396 4003
3397 4004
3398 4005
3399 4006
3400 4007
3401 4008
3402 4009
3403 4010
3404 4011
3405 4012
3406 4013
3407 4014
3408 4015
3409 4016
3410 4017
3411 4018
3412 4019
3413 4020
3414 4021
3415 4022
3416 4023
3417 4024
3418 4025
3419 4026
3420 4027
3421 4028
3422 4029
3423 4030
3424 4031
3425 4032
3426 4033
3427 4034
3428 4035
3429 4036
3430 4037
3431 4038
3432 4039
3433 4040
3434 4041
3435 4042
3436 4043
3437 4044
3438 4045
3439 4046
3440 4047
3441 4048
3442 4049
3443 4050
3444 4051
3445 4052
3446 4053
3447 4054
3448 4055
3449 4056
3450 4057
3451 4058
3452 4059
3453 4060
3454 4061
3455 4062
3456 4063
3457 4064
3458 4065
3459 4066
3460 4067
3461 4068
3462 4069
3463 4070
3464 4071
3465 4072
3466 4073
3467 4074
3468 4075
3469 4076
3470 4077
3471 4078
3472 4079
3473 4080
3474 4081
3475 4082
3476 4083
3477 4084
3478 4085
3479 4086
3480 4087
3481 4088
3482 4089
3483 4090
3484 4091
3485 4092
3486 4093
3487 4094
3488 4095
3489 4096
3490 4097
3491 4098
3492 4099
3493 4100
3494 4101
3495 4102
3496 4103
3497 4104
3498 4105
3499 4106
3500 4107
3501 4108
3502 4109
3503 4110
3504 4111
3505 4112
3506 4113
3507 4114
3508 4115
3509 4116
3510 4117
3511 4118
3512 4119
3513 4120
3514 4121
3515 4122
3516 4123
3517 4124
3518 4125
3519 4126
3520 4127
3521 4128
3522 4129
3523 4130
3524 4131
3525 4132
3526 4133
3527 4134
3528 4135
3529 4136
3530 4137
3531 4138
3532 4139
3533 4140
3534 4141
3535 4142
3536 4143
3537 4144
3538 4145
3539 4146
3540 4147
3541 4148
3542 4149
3543 4150
3544 4151
3545 4152
3546 4153
3547 4154
3548 4155
3549 4156
3550 4157
3551 4158
3552 4159
3553 4160
3554 4161
3555 4162
3556 4162
3557 4162
3558 4162
3559 4162
3560 4162
3561 4162
3562 4162
3563 4162
3564 4162
3565 4162
3566 4162
3567 4162
3568 4162
3569 4162
3570 4162
3571 4162
3572 4162
3573 4162
3574 4162
3575 4162
3576 4162
3577 4162
3578 4162
3579 4162
3580 4162
3581 4162
3582 4162
3583 4162
3584 4162
3585 4162
3586 4162
3587 4162
3588 4162
3589 4162
3590 4162
3591 4162
3592 4162
3593 4162
3594 4162
3595 4162
3596 4162
3597 4162
3598 4162
3599 4162
3600 4162
3601 4162
3602 4162
3603 4162
3604 4162
3605 4162
3606 4162
3607 4162
3608 4162
3609 4162
3610 4162
3611 4162
3612 4162
3613 4162
3614 4162
3615 4162
3616 4162
3617 4162
3618 4162
3619 4162
3620 4162
3621 4162
3622 4162
3623 4162
3624 4162
3625 4162
3626 4162
3627 4162
3628 4162
3629 4162
3630 4162
3631 4162
3632 4162
3633 4162
3634 4162
3635 4162
3636 4162
3637 4162
3638 4162
3639 4162
3640 4162
3641 4162
3642 4162
3643 4162
3644 4162
3645 4162
3646 4162
3647 4162
3648 4162
3649 4162
3650 4162
3651 4162
3652 4162
3653 4162
3654 4162
3655 4162
3656 4162
3657 4162
3658 4162
3659 4162
3660 4162
3661 4162
3662 4162
3663 4162
3664 4162
3665 4162
3666 4162
3667 4162
3668 4162
3669 4162
3670 4162
3671 4162
3672 4162
3673 4162
3674 4162
3675 4162
3676 4162
3677 4162
3678 4162
3679 4162
3680 4162
3681 4162
3682 4162
3683 4162
3684 4162
3685 4162
3686 4162
3687 4162
3688 4162
3689 4162
3690 4162
3691 4162
3692 4162
3693 4162
3694 4162
3695 4162
3696 4162
3697 4162
3698 4162
3699 4162
3700 4162
3701 4162
3702 4162
3703 4162
3704 4162
3705 4162
3706 4162
3707 4162
3708 4162
3709 4162
3710 4162
3711 4162
3712 4162
3713 4162
3714 4162
3715 4162
3716 4162
3717 4162
3718 4162
3719 4162
3720 4162
3721 4162
3722 4162
3723 4162
3724 4162
3725 4162
3726 4162
3727 4162
3728 4162
3729 4162
3730 4162
3731 4162
3732 4162
3733 4162
3734 4162
3735 4162
3736 4162
3737 4162
3738 4162
3739 4162
3740 4162
3741 4162
3742 4162
3743 4162
3744 4162
3745 4162
3746 4162
3747 4162
3748 4162
3749 4162
3750 4162
3751 4162
3752 4162
3753 4162
3754 4162
3755 4162
3756 4162
3757 4162
3758 4162
3759 4162
3760 4162
3761 4162
3762 4162
3763 4162
3764 4162
3765 4162
3766 4162
3767 4162
3768 4162
3769 4162
3770 4162
3771 4162
3772 4162
3773 4162
3774 4162
3775 4162
3776 4162
3777 4162
3778 4162
3779 4162
3780 4162
3781 4162
3782 4162
3783 4162
3784 4162
3785 4162
3786 4162
3787 4162
3788 4162
3789 4162
3790 4162
3791 4162
3792 4162
3793 4162
3794 4162
3795 4162
3796 4162
3797 4162
3798 4162
3799 4162
3800 4162
3801 4162
3802 4162
3803 4162
3804 4162
3805 4162
3806 4162
3807 4162
3808 4162
3809 4162
3810 4162
3811 4162
3812 4162
3813 4162
3814 4162
3815 4162
3816 4162
3817 4162
3818 4162
3819 4162
3820 4162
3821 4162
3822 4162
3823 4162
3824 4162
3825 4162
3826 4162
3827 4162
3828 4162
3829 4162
3830 4162
3831 4162
3832 4162
3833 4162
3834 4162
3835 4162
3836 4162
3837 4162
3838 4162
3839 4162
3840 4162
3841 4162
3842 4162
3843 4162
3844 4162
3845 4162
3846 4162
3847 4162
3848 4162
3849 4162
3850 4162
3851 4162
3852 4162
3853 4162
3854 4162
3855 4162
3856 4162
3857 4162
3858 4162
3859 4162
3860 4162
3861 4162
3862 4162
3863 4162
3864 4162
3865 4162
3866 4162
3867 4162
3868 4162
3869 4162
3870 4162
3871 4162
3872 4162
3873 4162
3874 4162
3875 4162
3876 4162
3877 4162
3878 4162
3879 4162
3880 4162
3881 4162
3882 4162
3883 4162
3884 4162
3885 4162
3886 4162
3887 4162
3888 4162
3889 4162
3890 4162
3891 4162
3892 4162
3893 4162
3894 4162
3895 4162
3896 4162
3897 4162
3898 4162
3899 4162
3900 4162
3901 4162
3902 4162
3903 4162
3904 4162
3905 4162
3906 4162
3907 4162
3908 4162
3909 4162
3910 4162
3911 4162
3912 4162
3913 4162
3914 4162
3915 4162
3916 4162
3917 4162
3918 4162
3919 4162
3920 4162
3921 4162
3922 4162
3923 4162
3924 4162
3925 4162
3926 4162
3927 4162
3928 4162
3929 4162
3930 4162
3931 4162
3932 4162
3933 4162
3934 4162
3935 4162
3936 4162
3937 4162
3938 4162
3939 4162
3940 4162
3941 4162
3942 4162
3943 4162
3944 4162
3945 4162
3946 4162
3947 4162
3948 4162
3949 4162
3950 4162
3951 4162
3952 4162
3953 4162
3954 4162
3955 4162
3956 4162
3957 4162
3958 4162
3959 4162
3960 4162
3961 4162
3962 4162
3963 4162
3964 4162
3965 4162
3966 4162
3967 4162
3968 4162
3969 4162
3970 4162
3971 4162
3972 4162
3973 4162
3974 4162
3975 4162
3976 4162
3977 4162
3978 4162
3979 4162
3980 4162
3981 4162
3982 4162
3983 4162
3984 4162
3985 4162
3986 4162
3987 4162
3988 4162
3989 4162
3990 4162
3991 4162
3992 4162
3993 4162
3994 4162
3995 4162
3996 4162
3997 4162
3998 4162
3999 4162
4000 4162
4001 4162
4002 4162
4003 4162
4004 4162
4005 4162
4006 4162
4007 4162
4008 4162
4009 4162
4010 4162
4011 4162
4012 4162
4013 4162
4014 4162
4015 4162
4016 4162
4017 4162
4018 4162
4019 4162
4020 4162
4021 4162
4022 4162
4023 4162
4024 4162
4025 4162
4026 4162
4027 4162
4028 4162
4029 4162
4030 4162
4031 4162
4032 4162
4033 4162
4034 4162
4035 4162
4036 4162
4037 4162
4038 4162
4039 4162
4040 4162
4041 4162
4042 4162
4043 4162
4044 4162
4045 4162
4046 4162
4047 4162
4048 4162
4049 4162
4050 4162
4051 4162
4052 4162
4053 4162
4054 4162
4055 4162
4056 4162
4057 4162
4058 4162
4059 4162
4060 4162
4061 4162
4062 4162
4063 4162
4064 4162
4065 4162
4066 4162
4067 4162
4068 4162
4069 4162
4070 4162
4071 4162
4072 4162
4073 4162
4074 4162
4075 4162
4076 4162
4077 4162
4078 4162
4079 4162
4080 4162
4081 4162
4082 4162
4083 4162
4084 4162
4085 4162
4086 4162
4087 4162
4088 4162
4089 4162
4090 4162
4091 4162
4092 4162
4093 4162
4094 4162
4095 4162
4096 4162
4097 4162
4098 4162
4099 4162
4100 4162
4101 4162
4102 4162
4103 4162
4104 4162
4105 4162
4106 4162
4107 4162
4108 4162
4109 4162
4110 4162
4111 4162
4112 4162
4113 4162
4114 4162
4115 4162
4116 4162
4117 4162
4118 4162
4119 4162
4120 4162
4121 4162
4122 4162
4123 4162
4124 4162
4125 4162
4126 4162
4127 4162
4128 4162
4129 4162
4130 4162
4131 4162
4132 4162
4133 4162
4134 4162
4135 4162
4136 4162
4137 4162
4138 4162
4139 4162
4140 4162
4141 4162
4142 4162
4143 4162
4144 4162
4145 4162
4146 4162
4147 4162
4148 4162
4149 4162
4150 4162
4151 4162
4152 4162
4153 4162
4154 4163
4155 4163
4156 4163
4157 4163
4158 4163
4159 4163
4160 4163
4161 4163
4162 4163
4163 4163
4164 4164
4165 4165
4166 4166
4167 4167
4168 4168
4169 4169
4170 4170
4171 4171
4172 4172
4173 4173
4174 4174
4175 4175
4176 4176
4177 4177
4178 4178
4179 4179
4180 4180
4181 4181
4182 4182
4183 4183
4184 4184
4185 4185
4186 4186
4187 4187
4188 4188
4189 4189
4190 4190
4191 4191
4192 4192
4193 4193
4194 4194
4195 4195
4196 4196
4197 4197
4198 4198
4199 4199
4200 4200
4201 4201
4202 4202
4203 4203
4204 4204
4205 4205
4206 4206
4207 4207
4208 4208
4209 4209
4210 4210
4211 4211
4212 4212
4213 4213
4214 4214
4215 4215
4216 4216
4217 4217
4218 4218
4219 4219
4220 4220
4221 4221
4222 4222
4223 4223
4224 4224
4225 4225
4226 4226
4227 4227
4228 4228
4229 4229
4230 4230
4231 4231
4232 4232
4233 4233
4234 4234
4235 4235
4236 4236
4237 4237
4238 4238
4239 4239
4240 4240
4241 4241
4242 4242
4243 4243
4244 4244
4245 4245
4246 4246
4247 4247
4248 4248
4249 4249
4250 4250
4251 4251
4252 4252
4253 4253
4254 4254
4255 4255
4256 4256
4257 4257
4258 4258
4259 4259
4260 4260
4261 4261
4262 4262
4263 4263
4264 4264
4265 4265
4266 4266
4267 4267
4268 4268
4269 4269
4270 4270
4271 4271
4272 4272
4273 4273
4274 4274
4275 4275
4276 4276
4277 4277
4278 4278
4279 4279
4280 4280
4281 4281
4282 4282
4283 4283
4284 4284
4285 4285
4286 4286
4287 4287
4288 4288
4289 4289
4290 4290
4291 4291
4292 4292
4293 4293
4294 4294
4295 4295
4296 4296
4297 4297
4298 4298
4299 4299
4300 4300
4301 4301
4302 4302
4303 4303
4304 4304
4305 4305
4306 4306
4307 4307
4308 4308
4309 4309
4310 4310
4311 4311
4312 4312
4313 4313
4314 4314
4315 4315
4316 4316
4317 4317
4318 4318
4319 4319
4320 4320
4321 4321
4322 4322
4323 4323
4324 4324
4325 4325
4326 4326
4327 4327
4328 4328
4329 4329
4330 4330
4331 4331
4332 4332
4333 4333
4334 4334
4335 4335
4336 4336
4337 4337
4338 4338
4339 4339
4340 4340
4341 4341
4342 4342
4343 4343
4344 4344
4345 4345
4346 4346
4347 4347
4348 4348
4349 4349
4350 4350
4351 4351
4352 4352
4353 4353
4354 4354
4355 4355
4356 4356
4357 4357
4358 4358
4359 4359
4360 4360
4361 4361
4362 4362
4363 4363
4364 4364
4365 4365
4366 4366
4367 4367
4368 4368
4369 4369
4370 4370
4371 4371
4372 4372
4373 4373
4374 4374
4375 4375
4376 4376
4377 4377
4378 4378
4379 4379
4380 4380
4381 4381
4382 4382
4383 4383
4384 4384
4385 4385
4386 4386
4387 4387
4388 4388
4389 4389
4390 4390
4391 4391
4392 4392
4393 4393
4394 4394
4395 4395
4396 4396
4397 4397
4398 4398
4399 4399
4400 4400
4401 4401
4402 4402
4403 4403
4404 4404
4405 4405
4406 4406
4407 4407
4408 4408
4409 4409
4410 4410
4411 4411
4412 4412
4413 4413
4414 4414
4415 4415
4416 4416
4417 4417
4418 4418
4419 4419
4420 4420
4421 4421
4422 4422
4423 4423
4424 4424
4425 4425
4426 4426
4427 4427
4428 4428
4429 4429
4430 4430
4431 4431
4432 4432
4433 4433
4434 4434
4435 4435
4436 4436
4437 4437
4438 4438
4439 4439
4440 4440
4441 4441
4442 4442
4443 4443
4444 4444
4445 4445
4446 4446
4447 4447
4448 4448
4449 4449
4450 4450
4451 4451
4452 4452
4453 4453
4454 4454
4455 4455
4456 4456
4457 4457
4458 4458
4459 4459
4460 4460
4461 4461
4462 4462
4463 4463
4464 4464
4465 4465
4466 4466
4467 4467
4468 4468
4469 4469
4470 4470
4471 4471
4472 4472
4473 4473
4474 4474
4475 4475
4476 4476
4477 4477
4478 4478
4479 4479
4480 4480
4481 4481
4482 4482
4483 4483
4484 4484
4485 4485
4486 4486
4487 4487
4488 4488
4489 4489
4490 4490
4491 4491
4492 4492
4493 4493
4494 4494
4495 4495
4496 4496
4497 4497
4498 4498
4499 4499
4500 4500
4501 4501
4502 4502
4503 4503
4504 4504
4505 4505
4506 4506
4507 4507
4508 4508
4509 4509
4510 4510
4511 4511
4512 4512
4513 4513
4514 4514
4515 4515
4516 4516
4517 4517
4518 4518
4519 4519
4520 4520
4521 4521
4522 4522
4523 4523
4524 4524
4525 4525
4526 4526
4527 4527
4528 4528
4529 4529
4530 4530
4531 4531
4532 4532
4533 4533
4534 4534
4535 4535
4536 4536
4537 4537
4538 4538
4539 4539
4540 4540
4541 4541
4542 4542
4543 4543
4544 4544
4545 4545
4546 4546
4547 4547
4548 4548
4549 4549
4550 4550
4551 4551
4552 4552
4553 4553
4554 4554
4555 4555
4556 4556
4557 4557
4558 4558
4559 4559
4560 4560
4561 4561
4562 4562
4563 4563
4564 4564
4565 4565
4566 4566
4567 4567
4568 4568
4569 4569
4570 4570
4571 4571
4572 4572
4573 4573
4574 4574
4575 4575
4576 4576
4577 4577
4578 4578
4579 4579
4580 4580
4581 4581
4582 4582
4583 4583
4584 4584
4585 4585
4586 4586
4587 4587
4588 4588
4589 4589
4590 4590
4591 4591
4592 4592
4593 4593
4594 4594
4595 4595
4596 4596
4597 4597
4598 4598
4599 4599
4600 4600
4601 4601
4602 4602
4603 4603
4604 4604
4605 4605
4606 4606
4607 4607
4608 4608
4609 4609
4610 4610
4611 4611
4612 4612
4613 4613
4614 4614
4615 4615
4616 4616
4617 4617
4618 4618
4619 4619
4620 4620
4621 4621
4622 4622
4623 4623
4624 4624
4625 4625
4626 4626
4627 4627
4628 4628
4629 4629
4630 4630
4631 4631
4632 4632
4633 4633
4634 4634
4635 4635
4636 4636
4637 4637
4638 4638
4639 4639
4640 4640
4641 4641
4642 4642
4643 4643
4644 4644
4645 4645
4646 4646
4647 4647
4648 4648
4649 4649
4650 4650
4651 4651
4652 4652
4653 4653
4654 4654
4655 4655
4656 4656
4657 4657
4658 4658
4659 4659
4660 4660
4661 4661
4662 4662
4663 4663
4664 4664
4665 4665
4666 4666
4667 4667
4668 4668
4669 4669
4670 4670
4671 4671
4672 4672
4673 4673
4674 4674
4675 4675
4676 4676
4677 4677
4678 4678
4679 4679
4680 4680
4681 4681
4682 4682
4683 4683
4684 4684
4685 4685
4686 4686
4687 4687
4688 4688
4689 4689
4690 4690
4691 4691
4692 4692
4693 4693
4694 4694
4695 4695
4696 4696
4697 4697
4698 4698
4699 4699
4700 4700
4701 4701
4702 4702
4703 4703
4704 4704
4705 4705
4706 4706
4707 4707
4708 4708
4709 4709
4710 4710
4711 4711
4712 4712
4713 4713
4714 4714
4715 4715
4716 4716
4717 4717
4718 4718
4719 4719
4720 4720
4721 4721
4722 4722
4723 4723
4724 4724
4725 4725
4726 4726
4727 4727
4728 4728
4729 4729
4730 4730
4731 4731
4732 4732
4733 4733
4734 4734
4735 4735
4736 4736
4737 4737
4738 4738
4739 4739
4740 4740
4741 4741
4742 4742
4743 4743
4744 4744
4745 4745
4746 4746
4747 4747
4748 4748
4749 4749
4750 4750
4751 4751
4752 4752
4753 4753
4754 4754
4755 4755
4756 4756
4757 4757
4758 4758
4759 4759
4760 4760
4761 4761
4762 4762
4763 4763
4764 4764
4765 4765
4766 4766
4767 4767
4768 4768
4769 4769
4770 4770
4771 4771
4772 4772
4773 4773
4774 4774
4775 4775
4776 4776
4777 4777
4778 4778
4779 4779
4780 4780
4781 4781
4782 4782
4783 4783
4784 4784
4785 4785
4786 4786
4787 4787
4788 4788
4789 4789
4790 4790
4791 4791
4792 4792
4793 4793
4794 4794
4795 4795
4796 4796
4797 4797
4798 4798
4799 4799
4800 4800
4801 4801
4802 4802
4803 4803
4804 4804
4805 4805
4806 4806
4807 4807
4808 4808
4809 4809
4810 4810
4811 4811
4812 4812
4813 4813
4814 4814
4815 4815
4816 4816
4817 4817
4818 4818
4819 4819
4820 4820
4821 4821
4822 4822
4823 4823
4824 4824
4825 4825
4826 4826
4827 4827
4828 4828
4829 4829
4830 4830
4831 4831
4832 4832
4833 4833
4834 4834
4835 4835
4836 4836
4837 4837
4838 4838
4839 4839
4840 4840
4841 4841
4842 4842
4843 4843
4844 4844
4845 4845
4846 4846
4847 4847
4848 4848
4849 4849
4850 4850
4851 4851
4852 4852
4853 4853
4854 4854
4855 4855
4856 4856
4857 4857
4858 4858
4859 4859
4860 4860
4861 4861
4862 4862
4863 4863
4864 4864
4865 4865
4866 4866
4867 4867
4868 4868
4869 4869
4870 4870
4871 4871
4872 4872
4873 4873
4874 4874
4875 4875
4876 4876
4877 4877
4878 4878
4879 4879
4880 4880
4881 4881
4882 4882
4883 4883
4884 4884
4885 4885
4886 4886
4887 4887
4888 4888
4889 4889
4890 4890
4891 4891
4892 4892
4893 4893
4894 4894
4895 4895
4896 4896
4897 4897
4898 4898
4899 4899
4900 4900
4901 4901
4902 4902
4903 4903
4904 4904
4905 4905
4906 4906
4907 4907
4908 4908
4909 4909
4910 4910
4911 4911
4912 4912
4913 4913
4914 4914
4915 4915
4916 4916
4917 4917
4918 4918
4919 4919
4920 4920
4921 4921
4922 4922
4923 4923
4924 4924
4925 4925
4926 4926
4927 4927
4928 4928
4929 4929
4930 4930
4931 4931
4932 4932
4933 4933
4934 4934
4935 4935
4936 4936
4937 4937
4938 4938
4939 4939
4940 4940
4941 4941
4942 4942
4943 4943
4944 4944
4945 4945
4946 4946
4947 4947
4948 4948
4949 4949
4950 4950
4951 4951
4952 4952
4953 4953
4954 4954
4955 4955
4956 4956
4957 4957
4958 4958
4959 4959
4960 4960
4961 4961
4962 4962
4963 4963
4964 4964
4965 4965
4966 4966
4967 4967
4968 4968
4969 4969
4970 4970
4971 4971
4972 4972
4973 4973
4974 4974
4975 4975
4976 4976
4977 4977
4978 4978
4979 4979
4980 4980
4981 4981
4982 4982
4983 4983
4984 4984
4985 4985
4986 4986
4987 4987
4988 4988
4989 4989
4990 4990
4991 4991
4992 4992
4993 4993
4994 4994
4995 4995
4996 4996
4997 4997
4998 4998
4999 4999
