500 500
234 235 257 258
203 204 250 265
109 110 125 132
188 250 437 438
196 199 208 211
243 250 274 281
247 250 234 235
219 226 242 243
187 188 438 500
234 235 297 312
15 16 38 39
187 188 250 281
148 149 125 132
234 235 296 297
94 97 97 98
247 250 250 253
226 227 231 234
243 250 273 274
75 78 70 71
101 102 102 105
164 171 141 148
24 31 0 7
188 203 266 281
125 187 437 438
246 247 239 242
63 78 140 141
235 238 243 246
219 226 250 257
62 63 312 313
106 109 105 106
219 250 344 375
39 42 28 31
187 188 313 375
86 87 63 70
238 239 254 257
55 58 50 51
208 211 215 216
188 219 312 313
243 246 257 258
219 234 266 281
239 242 254 257
67 70 74 75
156 187 281 312
242 243 250 253
59 62 58 59
187 188 312 313
234 235 265 266
188 250 375 437
247 250 261 262
121 122 137 140
211 212 216 219
148 149 149 152
216 219 211 212
187 188 281 312
109 110 171 172
208 211 211 212
235 250 281 296
31 34 34 35
243 246 254 257
203 204 266 281
188 203 265 266
219 234 297 312
234 235 250 257
125 132 163 164
102 105 110 113
180 187 211 212
243 246 258 265
226 227 250 257
188 219 281 312
208 211 208 211
188 219 313 344
50 51 46 47
188 219 344 375
63 125 312 313
62 63 313 375
62 63 250 312
235 242 266 273
86 87 71 74
160 163 159 160
167 168 176 179
125 187 438 500
243 250 265 266
227 234 257 258
0 62 313 375
35 38 50 51
47 54 70 71
0 125 375 500
63 78 125 140
102 105 113 114
67 70 63 66
109 110 132 133
114 117 129 132
70 71 87 94
109 110 141 156
3 4 16 23
63 94 187 188
113 114 128 129
62 63 63 66
121 122 129 132
118 121 128 129
110 117 140 141
235 242 273 274
94 109 172 187
122 125 129 132
15 16 62 63
67 70 54 55
110 117 141 148
114 117 125 128
122 125 133 136
105 106 117 118
63 94 156 187
94 109 156 171
16 19 24 27
109 110 106 109
101 102 78 79
122 125 137 140
102 105 101 102
121 122 133 136
62 63 125 156
118 125 149 156
51 54 39 42
79 86 117 118
117 118 132 133
39 42 51 54
62 63 187 188
83 86 83 86
46 47 62 63
46 47 94 109
42 43 51 54
7 8 15 16
0 31 156 187
15 16 79 94
31 38 0 7
58 59 71 78
55 58 70 71
31 46 109 110
0 7 23 24
0 15 78 79
46 47 110 125
24 31 47 54
50 51 43 46
4 7 11 12
20 23 20 23
7 8 19 20
16 19 15 16
28 31 28 31
7 8 39 46
58 59 70 71
24 27 11 12
12 15 0 3
8 11 7 8
28 31 23 24
15 16 23 24
4 7 0 3
28 31 43 46
122 125 128 129
78 79 94 101
15 16 20 23
51 54 63 66
47 50 55 58
50 51 47 50
31 34 35 38
38 39 16 23
15 16 8 11
47 54 87 94
28 31 42 43
34 35 23 24
235 242 257 258
31 34 24 27
38 39 55 62
42 43 38 39
27 28 23 24
55 62 16 23
54 55 59 62
50 51 62 63
23 24 38 39
46 47 16 23
20 23 34 35
20 23 23 24
46 47 47 50
42 43 46 47
34 35 34 35
12 15 20 23
31 34 47 54
24 27 39 46
0 7 38 39
59 62 51 54
20 23 24 27
39 46 15 16
7 8 16 19
23 24 15 16
34 35 39 42
110 117 133 140
31 38 8 15
43 46 59 62
38 39 51 54
54 55 54 55
12 15 28 31
20 23 0 7
39 42 55 62
31 34 16 19
59 62 47 50
46 47 42 43
0 3 0 3
39 42 38 39
78 79 66 67
110 125 47 62
113 114 121 122
16 19 31 38
110 125 46 47
63 70 46 47
141 148 180 187
63 78 0 15
78 79 62 63
70 71 58 59
4 7 8 11
78 79 0 15
27 28 39 42
63 66 55 58
35 38 28 31
54 55 50 51
24 31 7 8
94 109 46 47
24 27 31 34
90 91 94 97
54 55 78 79
39 46 70 71
54 55 16 23
7 8 7 8
47 50 42 43
114 117 121 122
74 75 74 75
97 98 94 97
55 62 38 39
118 125 101 102
75 78 90 91
16 23 38 39
54 55 70 71
94 125 188 219
101 102 63 70
86 87 78 79
39 42 35 38
23 24 55 62
86 87 70 71
55 58 51 54
91 94 101 102
47 54 23 24
86 87 118 125
78 79 87 90
87 90 71 74
71 78 101 102
141 148 117 118
87 94 110 117
23 24 23 24
102 109 70 71
87 90 97 98
110 113 121 122
110 117 132 133
66 67 62 63
34 35 28 31
59 62 71 74
118 121 122 125
87 90 86 87
71 78 94 101
38 39 47 50
54 55 63 66
219 226 257 258
79 94 46 47
67 70 83 86
4 7 4 7
109 110 47 62
117 118 140 141
31 38 55 62
98 101 113 114
63 66 47 50
55 58 58 59
7 8 38 39
46 47 34 35
122 125 122 125
62 63 188 250
109 110 87 94
47 62 110 125
75 78 86 87
86 87 79 82
78 79 125 140
66 67 66 67
71 74 66 67
70 71 78 79
87 94 70 71
87 90 101 102
55 58 43 46
79 82 66 67
58 59 50 51
122 125 118 121
78 79 141 156
54 55 66 67
54 55 62 63
71 74 67 70
62 63 59 62
188 203 250 265
24 27 19 20
82 83 78 79
78 79 102 109
94 97 102 105
43 46 50 51
90 91 87 90
39 42 46 47
54 55 39 42
102 105 117 118
34 35 31 34
42 43 34 35
82 83 98 101
109 110 102 105
66 67 67 70
90 91 71 78
11 12 4 7
71 74 83 86
101 102 114 117
94 97 98 101
113 114 118 121
78 79 74 75
204 219 266 281
70 71 75 78
83 86 90 91
67 70 66 67
63 66 67 70
55 62 23 24
70 71 67 70
87 90 98 101
87 90 82 83
121 122 113 114
105 106 94 97
51 54 42 43
87 90 75 78
118 121 102 105
38 39 8 15
34 35 47 54
102 105 106 109
19 20 35 38
110 113 94 97
70 71 66 67
31 38 62 63
79 82 90 91
16 19 7 8
47 62 109 110
102 109 79 86
74 75 55 62
47 50 62 63
58 59 67 70
24 27 27 28
75 78 63 66
15 16 12 15
94 97 91 94
75 78 74 75
234 235 281 296
106 109 113 114
114 117 114 117
43 46 43 46
97 98 110 117
24 27 35 38
109 110 114 117
82 83 90 91
8 15 38 39
106 109 102 105
79 82 74 75
31 46 78 79
67 70 58 59
75 78 71 74
7 8 24 31
114 117 118 121
66 67 63 66
31 34 23 24
43 46 34 35
153 156 140 141
35 38 23 24
86 87 54 55
19 20 15 16
70 71 79 82
110 117 79 86
47 50 51 54
62 63 46 47
101 102 132 133
105 106 110 113
121 122 102 109
101 102 94 97
118 121 117 118
121 122 114 117
90 91 91 94
101 102 110 113
63 70 101 102
87 90 94 97
51 54 66 67
97 98 79 86
239 242 250 253
78 79 63 66
12 15 12 15
98 101 101 102
118 121 118 121
94 101 71 78
102 105 97 98
71 74 59 62
66 67 79 86
58 59 55 58
109 110 110 113
24 27 20 23
0 7 39 46
90 91 101 102
109 110 78 79
50 51 58 59
109 110 101 102
79 82 63 66
51 54 46 47
71 74 79 82
67 70 71 74
46 47 63 70
28 31 24 27
16 23 55 62
109 110 118 121
24 27 8 11
71 74 86 87
79 82 70 71
87 94 63 70
105 106 97 98
16 31 79 94
12 15 16 19
23 24 27 28
55 62 31 38
42 43 35 38
51 54 62 63
90 91 78 79
38 39 0 7
79 82 71 74
102 105 109 110
91 94 97 98
28 31 19 20
105 106 118 125
38 39 62 63
70 71 54 55
91 94 82 83
43 46 55 58
78 79 90 91
31 46 110 125
19 20 23 24
87 94 109 110
246 247 253 254
50 51 50 51
109 110 94 97
168 171 175 176
87 94 62 63
91 94 78 79
102 105 87 90
62 63 55 58
47 54 79 86
66 67 54 55
62 63 38 39
62 63 79 86
75 78 78 79
62 63 62 63
19 20 16 19
31 38 63 70
184 187 184 187
187 188 94 125
63 125 313 375
98 101 109 110
87 90 102 109
71 74 82 83
188 219 94 125
149 156 118 125
101 102 79 86
141 156 187 188
58 59 51 54
188 250 0 62
191 192 184 187
35 38 16 23
176 179 164 167
28 31 38 39
105 106 114 117
75 78 75 78
94 97 90 91
188 191 195 196
133 136 122 125
117 118 129 132
239 242 231 234
133 136 149 156
141 148 110 117
203 204 140 141
208 211 207 208
133 136 121 122
125 132 101 102
242 243 230 231
113 114 102 105
31 34 42 43
66 67 78 79
149 156 110 117
141 156 94 109
78 79 55 62
247 250 238 239
122 125 132 133
133 140 109 110
183 184 196 203
35 38 39 42
132 133 102 109
114 117 117 118
219 234 156 171
149 156 172 179
23 24 20 23
3 4 4 7
212 219 195 196
199 200 200 203
125 156 31 62
168 171 168 171
125 132 94 101
200 203 212 215
59 62 50 51
109 110 113 114
156 187 63 94
12 15 7 8
219 250 63 94
216 219 203 204
62 63 78 79
152 153 152 153
78 79 101 102
195 196 196 199
176 179 187 188
243 246 238 239
70 71 102 109
3 4 15 16
141 144 136 137
195 196 171 172
153 156 168 171
70 71 94 101
149 152 160 163
168 171 183 184
67 70 55 58
176 179 180 183
141 144 153 156
203 204 235 250
180 183 167 168
110 113 114 117
234 235 219 222
141 148 172 179
23 24 0 7
216 219 208 211
78 79 91 94
196 199 192 195
16 19 8 11
43 46 47 50
125 128 125 128
28 31 20 23
140 141 94 109
39 46 16 23
63 66 79 86
141 156 79 94
175 176 171 172
163 164 195 196
90 91 102 105
226 227 219 222
176 179 184 187
129 132 141 144
78 79 15 16
171 172 203 204
208 211 222 223
204 207 207 208
222 223 235 242
171 172 195 196
109 110 98 101
117 118 109 110
105 106 101 102
156 163 140 141
176 179 172 175
195 196 199 200
159 160 141 148
171 172 204 219
176 179 183 184
125 187 375 437
63 70 102 109
141 144 125 128
19 20 7 8
74 75 75 78
183 184 192 195
171 172 235 250
156 171 234 235
183 184 179 180
172 179 204 211
187 188 437 438
164 167 175 176
199 200 196 199
78 79 83 86
94 109 47 62
145 148 140 141
204 219 125 140
55 62 78 79
3 4 3 4
82 83 97 98
176 179 167 168
216 219 231 234
175 176 163 164
160 163 160 163
172 179 212 219
50 51 59 62
24 27 15 16
128 129 132 133
163 164 167 168
171 172 219 234
152 153 148 149
94 101 132 133
94 109 141 156
27 28 34 35
86 87 82 83
212 215 196 199
136 137 140 141
152 153 163 164
109 110 172 187
78 79 86 87
172 175 184 187
247 250 257 258
171 172 179 180
86 87 109 110
156 159 171 172
114 117 122 125
203 204 156 171
141 148 171 172
63 66 62 63
148 149 171 172
3 4 0 3
46 47 31 34
62 63 51 54
79 86 118 125
149 156 117 118
35 38 46 47
15 16 24 27
234 235 258 265
74 75 71 74
137 140 140 141
47 50 54 55
11 12 24 31
156 159 152 153
167 168 179 180
113 114 125 128
78 79 67 70
83 86 98 101
208 211 196 199
153 156 141 144
0 15 79 94
74 75 67 70
102 105 98 101
179 180 196 203
39 46 71 78
164 171 187 188
164 167 149 152
219 234 296 297
12 15 24 27
51 54 43 46
136 137 132 133
74 75 82 83
212 215 211 212
159 160 152 153
140 141 132 133
83 86 97 98
31 34 46 47
164 167 159 160
149 152 148 149
196 199 196 199
137 140 128 129
136 137 145 148
16 19 11 12
211 212 204 207
58 59 58 59
78 79 140 141
67 70 67 70
191 192 172 179
144 145 152 153
152 153 144 145
184 187 192 195
31 46 79 94
207 208 222 223
171 172 172 175
149 152 156 159
196 199 200 203
31 34 20 23
167 168 149 156
11 12 8 11
172 175 171 172
187 188 164 171
226 227 223 226
133 140 117 118
117 118 102 105
149 152 153 156
144 145 148 149
47 50 59 62
191 192 195 196
156 159 163 164
78 79 47 54
163 164 172 175
175 176 188 195
38 39 42 43
144 145 140 141
39 42 27 28
23 24 24 27
70 71 62 63
121 122 125 128
140 141 109 110
136 137 128 129
11 12 20 23
153 156 133 140
208 211 223 226
144 145 149 152
110 117 87 94
184 187 200 203
4 7 7 8
87 94 47 54
16 19 27 28
109 110 105 106
118 121 129 132
7 8 11 12
188 195 164 171
79 82 78 79
38 39 54 55
171 172 175 176
97 98 102 105
133 136 145 148
212 215 223 226
86 87 74 75
74 75 79 82
125 128 132 133
200 203 216 219
132 133 129 132
23 24 46 47
156 159 160 163
184 187 176 179
31 34 38 39
125 140 204 219
179 180 167 168
106 109 109 110
163 164 132 133
180 183 196 203
234 235 171 172
171 172 164 167
160 163 152 153
66 67 55 58
94 101 70 71
94 97 105 106
234 235 172 187
149 152 159 160
55 58 47 50
46 47 71 78
160 163 153 156
156 159 145 148
219 234 172 187
171 172 196 203
235 250 187 188
136 137 133 136
222 223 227 230
246 247 242 243
226 227 216 219
4 7 15 16
171 172 180 183
172 175 168 171
163 164 148 149
16 19 23 24
140 141 117 118
75 78 67 70
222 223 212 215
118 121 106 109
46 47 58 59
234 235 246 247
140 141 78 79
136 137 144 145
50 51 54 55
55 62 24 31
70 71 71 74
196 199 203 204
140 141 153 156
238 239 243 246
46 47 46 47
219 250 125 156
63 66 70 71
133 136 148 149
42 43 42 43
90 91 97 98
94 101 117 118
188 191 200 203
176 179 163 164
191 192 200 203
63 66 51 54
196 199 188 191
78 79 78 79
149 152 141 144
168 171 172 175
156 163 196 203
55 58 46 47
110 125 63 78
164 167 156 159
164 167 153 156
156 163 179 180
132 133 136 137
246 247 246 247
216 219 215 216
208 211 199 200
8 11 8 11
172 179 149 156
101 102 87 90
179 180 163 164
140 141 163 164
63 78 110 125
101 102 113 114
79 82 94 101
183 184 164 171
184 187 180 183
133 136 140 141
82 83 63 70
175 176 180 183
195 196 164 171
35 38 42 43
215 216 215 216
156 187 0 31
98 101 91 94
66 67 70 71
20 23 19 20
211 212 203 204
204 207 200 203
153 156 149 152
159 160 148 149
192 195 172 179
54 55 31 38
62 63 39 46
172 175 160 163
243 246 242 243
149 156 171 172
137 140 148 149
192 195 208 211
172 179 211 212
145 148 125 132
19 20 12 15
28 31 34 35
125 128 129 132
132 133 137 140
234 235 223 226
46 47 55 58
168 171 180 183
176 179 175 176
23 24 16 19
125 128 118 121
145 148 156 159
125 128 140 141
47 50 50 51
94 125 0 31
141 144 133 136
212 219 172 179
203 204 179 180
128 129 110 117
156 159 144 145
110 117 148 149
179 180 168 171
227 234 211 212
133 136 132 133
0 3 15 16
152 153 156 159
148 149 132 133
55 62 79 86
125 132 102 109
148 149 160 163
87 90 78 79
171 172 234 235
137 140 144 145
215 216 211 212
160 163 156 159
71 78 31 38
234 235 243 246
216 219 230 231
176 179 191 192
160 163 149 152
164 167 168 171
63 78 109 110
113 114 110 113
180 183 172 175
212 215 203 204
145 148 137 140
132 133 94 101
11 12 0 3
160 163 164 167
175 176 184 187
234 235 211 212
129 132 110 117
246 247 243 246
55 58 62 63
75 78 83 86
163 164 163 164
219 222 230 231
59 62 62 63
54 55 38 39
164 171 195 196
204 219 156 171
242 243 265 266
16 19 12 15
98 101 97 98
7 8 0 3
129 132 125 128
137 140 125 128
163 164 179 180
175 176 175 176
243 250 212 219
172 187 234 235
156 163 180 187
180 183 171 172
137 140 132 133
94 97 101 102
79 94 15 16
171 172 160 163
149 152 164 171
54 55 86 87
180 183 164 167
195 196 191 192
222 223 222 223
148 149 164 171
153 156 145 148
159 160 160 163
125 128 137 140
78 79 54 55
128 129 125 128
167 168 159 160
188 191 188 191
27 28 16 19
54 55 23 24
235 238 231 234
171 172 148 149
188 191 203 204
187 188 212 219
159 160 168 171
184 187 175 176
19 20 11 12
28 31 8 15
172 187 94 109
212 215 200 203
19 20 31 34
140 141 188 203
136 137 137 140
128 129 141 148
176 179 176 179
200 203 215 216
140 141 118 125
231 234 222 223
128 129 118 121
39 42 34 35
7 8 3 4
156 159 148 149
176 179 168 171
117 118 148 149
129 132 122 125
234 235 234 235
200 203 191 192
90 91 82 83
15 16 46 47
113 114 109 110
114 117 102 105
212 219 180 187
203 204 196 199
54 55 24 31
117 118 113 114
230 231 226 227
238 239 227 230
203 204 172 179
204 219 140 141
184 187 164 171
110 113 109 110
133 140 94 101
208 211 188 195
187 188 200 203
79 94 0 15
195 196 156 163
183 184 195 196
212 215 207 208
188 191 199 200
46 47 78 79
113 114 101 102
195 196 187 188
54 55 42 43
200 203 180 187
183 184 183 184
141 144 156 163
188 195 211 212
234 235 212 219
179 180 141 148
243 246 234 235
149 152 137 140
145 148 160 163
234 235 242 243
223 226 230 231
159 160 171 172
153 156 160 163
67 70 47 54
188 203 125 140
125 187 312 313
12 15 27 28
188 203 141 156
199 200 180 187
187 188 141 156
195 196 208 211
117 118 122 125
79 82 67 70
125 128 133 136
50 51 39 42
91 94 102 105
125 156 62 63
140 141 137 140
152 153 160 163
117 118 87 94
215 216 222 223
199 200 188 191
216 219 223 226
179 180 164 167
219 222 204 207
160 163 175 176
55 62 87 94
102 105 90 91
79 94 141 156
39 46 63 70
184 187 191 192
140 141 129 132
204 211 226 227
27 28 20 23
226 227 234 235
204 211 242 243
243 250 204 211
70 71 70 71
20 23 35 38
70 71 59 62
137 140 153 156
179 180 204 211
159 160 159 160
148 149 118 125
226 227 196 203
110 113 113 114
246 247 250 253
200 203 204 207
83 86 86 87
187 188 211 212
141 148 164 171
118 121 109 110
140 141 144 145
180 187 212 219
204 211 179 180
12 15 15 16
171 172 187 188
94 109 140 141
79 86 109 110
141 144 152 153
212 219 243 250
159 160 163 164
140 141 156 163
184 187 183 184
159 160 167 168
140 141 204 219
215 216 204 207
163 164 164 167
219 222 234 235
109 110 140 141
82 83 87 90
0 15 62 63
203 204 188 191
215 216 231 234
62 63 50 51
247 250 247 250
141 144 129 132
109 110 156 171
238 239 239 242
187 188 179 180
183 184 171 172
234 235 238 239
187 188 219 234
200 203 192 195
24 31 54 55
223 226 234 235
0 31 94 125
243 250 211 212
133 136 144 145
192 195 191 192
16 19 4 7
204 207 219 226
175 176 172 175
24 27 38 39
211 212 235 242
51 54 54 55
62 63 47 50
203 204 227 234
106 109 121 122
55 58 55 58
212 215 227 234
86 87 47 54
226 227 212 215
238 239 246 247
247 250 262 265
208 211 195 196
152 153 153 156
226 227 195 196
106 109 98 101
227 234 196 203
243 250 226 227
23 24 28 31
71 74 70 71
247 250 253 254
204 207 208 211
35 38 43 46
24 27 24 27
164 171 188 195
94 97 83 86
94 125 187 188
28 31 35 38
156 187 62 63
0 7 31 38
188 195 171 172
0 31 125 156
38 39 7 8
160 163 148 149
204 207 195 196
38 39 28 31
226 227 243 250
118 121 110 113
187 188 63 94
171 172 167 168
67 70 75 78
66 67 58 59
82 83 74 75
183 184 176 179
149 156 125 132
110 113 118 121
192 195 184 187
231 234 230 231
125 128 117 118
203 204 234 235
211 212 227 234
168 171 160 163
23 24 31 34
42 43 43 46
195 196 192 195
42 43 47 50
212 215 208 211
212 215 226 227
188 195 212 219
133 136 133 136
28 31 15 16
114 117 101 102
215 216 226 227
163 164 160 163
215 216 230 231
128 129 136 137
20 23 16 19
203 204 141 156
227 230 222 223
19 20 34 35
79 82 87 90
227 230 231 234
82 83 91 94
125 132 156 163
63 70 39 46
125 140 203 204
97 98 101 102
160 163 167 168
97 98 86 87
207 208 207 208
200 203 200 203
242 243 243 246
171 172 149 156
180 183 175 176
16 19 19 20
171 172 94 109
211 212 234 235
78 79 82 83
133 136 136 137
110 125 62 63
128 129 140 141
199 200 192 195
132 133 128 129
192 195 183 184
58 59 47 50
152 153 167 168
212 215 204 207
132 133 141 144
238 239 234 235
141 144 137 140
20 23 12 15
235 238 227 230
59 62 54 55
59 62 39 46
176 179 156 163
188 203 140 141
188 195 163 164
118 125 148 149
223 226 223 226
203 204 211 212
203 204 204 207
192 195 204 207
55 58 59 62
15 16 7 8
156 171 219 234
137 140 118 125
196 199 199 200
242 243 242 243
75 78 62 63
0 62 250 312
195 196 180 183
152 153 168 171
226 227 239 242
54 55 67 70
132 133 163 164
140 141 172 187
183 184 180 183
187 188 192 195
105 106 102 105
208 211 219 222
47 62 94 109
152 153 140 141
235 238 230 231
199 200 203 204
86 87 90 91
203 204 219 226
47 50 43 46
239 242 239 242
34 35 27 28
94 101 63 70
70 71 101 102
75 78 79 82
164 167 171 172
211 212 212 215
67 70 70 71
75 78 66 67
3 4 8 11
219 226 188 195
243 246 243 246
102 105 94 97
168 171 167 168
20 23 7 8
132 133 144 145
172 175 180 183
192 195 203 204
83 86 82 83
62 63 109 110
227 230 216 219
144 145 159 160
156 159 172 179
196 203 164 171
184 187 199 200
7 8 20 23
180 183 176 179
98 101 98 101
203 204 191 192
148 149 156 159
230 231 234 235
200 203 195 196
121 122 132 133
16 19 28 31
234 235 187 188
15 16 27 28
156 171 94 109
211 212 172 179
191 192 203 204
195 196 195 196
188 195 226 227
23 24 7 8
167 168 167 168
133 140 110 117
140 141 133 136
35 38 31 34
211 212 243 250
242 243 211 212
35 38 34 35
67 70 78 79
74 75 78 79
46 47 0 15
141 156 109 110
156 159 164 167
78 79 46 47
101 102 118 125
187 188 125 140
223 226 204 211
222 223 204 211
235 238 238 239
196 199 207 208
31 34 39 42
215 216 208 211
179 180 212 219
196 199 183 184
192 195 180 183
117 118 121 122
195 196 227 234
91 94 94 97
0 15 47 62
125 132 109 110
50 51 63 70
90 91 98 101
43 46 35 38
204 207 203 204
132 133 117 118
191 192 199 200
222 223 211 212
199 200 199 200
70 71 47 54
148 149 110 117
62 63 156 187
211 212 200 203
238 239 238 239
230 231 231 234
231 234 246 247
187 188 235 250
243 250 219 226
222 223 230 231
140 141 125 128
149 152 140 141
235 242 204 211
152 153 149 152
204 211 234 235
168 171 171 172
219 222 216 219
226 227 226 227
15 16 19 20
239 242 242 243
200 203 199 200
172 179 148 149
234 235 231 234
121 122 117 118
235 238 242 243
219 226 243 250
42 43 55 62
203 204 216 219
114 117 105 106
207 208 208 211
125 156 0 31
247 250 258 261
140 141 164 171
46 47 23 24
125 132 164 171
216 219 219 222
46 47 109 110
128 129 117 118
191 192 204 211
145 148 152 153
196 203 179 180
70 71 63 66
113 114 106 109
137 140 136 137
137 140 149 152
188 191 192 195
187 188 183 184
15 16 16 19
196 203 226 227
211 212 199 200
91 94 105 106
222 223 234 235
164 167 152 153
195 196 207 208
211 212 226 227
141 144 141 144
203 204 200 203
51 54 38 39
212 219 235 242
234 235 203 204
28 31 27 28
141 144 128 129
191 192 187 188
187 188 188 191
239 242 234 235
140 141 128 129
163 164 156 159
144 145 144 145
62 63 87 94
133 136 129 132
204 207 211 212
128 129 128 129
55 58 63 66
125 140 188 203
75 78 91 94
234 235 239 242
204 207 216 219
114 117 109 110
222 223 216 219
132 133 132 133
207 208 199 200
149 156 180 187
153 156 152 153
23 24 12 15
0 3 11 12
110 113 106 109
168 171 176 179
83 86 75 78
196 203 227 234
102 105 105 106
242 243 239 242
187 188 191 192
208 211 216 219
43 46 38 39
125 156 219 250
39 46 62 63
196 203 156 163
187 188 175 176
149 152 136 137
172 187 109 110
171 172 140 141
141 144 145 148
219 234 171 172
43 46 24 31
230 231 239 242
156 171 109 110
179 180 156 163
51 54 58 59
38 39 15 16
117 118 94 101
86 87 110 117
227 230 242 243
83 86 87 90
106 109 122 125
180 183 191 192
90 91 90 91
227 230 226 227
16 23 39 46
184 187 196 199
15 16 15 16
171 172 171 172
63 66 58 59
62 63 67 70
16 31 63 78
216 219 227 230
28 31 16 19
179 180 184 187
204 219 141 156
59 62 55 58
207 208 188 195
114 117 110 113
230 231 219 222
82 83 75 78
8 11 23 24
62 63 86 87
204 207 199 200
43 46 54 55
242 243 247 250
171 172 188 195
125 140 171 172
230 231 238 239
62 63 94 109
71 74 78 79
219 222 231 234
231 234 243 246
211 212 208 211
132 133 145 148
187 188 187 188
207 208 223 226
192 195 207 208
212 215 212 215
188 195 156 163
168 171 184 187
227 234 195 196
148 149 148 149
113 114 122 125
172 187 219 234
243 246 246 247
219 250 94 125
184 187 188 191
148 149 152 153
208 211 204 207
203 204 203 204
211 212 180 187
149 156 179 180
34 35 16 23
234 235 226 227
235 250 172 187
133 140 156 163
24 27 34 35
235 238 250 257
163 164 125 132
242 243 246 247
28 31 39 42
164 167 167 168
163 164 152 153
172 179 196 203
172 175 172 175
132 133 133 136
211 212 207 208
117 118 106 109
172 175 167 168
231 234 223 226
204 219 250 265
86 87 62 63
203 204 187 188
207 208 211 212
219 234 281 296
144 145 125 132
148 149 137 140
129 132 137 140
62 63 66 67
117 118 125 128
113 114 113 114
235 238 246 247
195 196 188 191
230 231 242 243
175 176 187 188
195 196 172 179
94 101 133 140
203 204 180 187
203 204 212 215
106 109 94 97
79 86 101 102
242 243 204 211
234 235 156 171
12 15 4 7
176 179 171 172
114 117 128 129
62 63 75 78
179 180 179 180
145 148 153 156
140 141 187 188
247 250 246 247
91 94 83 86
199 200 211 212
70 71 74 75
192 195 188 191
227 230 212 215
153 156 148 149
235 238 222 223
136 137 125 128
226 227 230 231
172 175 164 167
71 78 46 47
27 28 27 28
145 148 133 136
179 180 211 212
204 211 187 188
235 238 219 222
15 16 3 4
203 204 207 208
133 140 164 171
227 234 203 204
109 110 121 122
192 195 196 199
188 195 219 226
167 168 163 164
141 156 188 203
223 226 226 227
101 102 105 106
137 140 145 148
159 160 164 167
125 128 113 114
101 102 71 78
204 211 180 187
163 164 176 179
227 230 235 238
231 234 234 235
231 234 235 238
87 90 87 90
223 226 231 234
3 4 7 8
63 66 74 75
90 91 79 82
122 125 121 122
91 94 71 78
226 227 235 238
235 250 156 171
180 183 187 188
195 196 203 204
239 242 219 226
47 50 31 34
51 54 59 62
31 34 19 20
164 167 164 167
98 101 87 90
54 55 71 78
140 141 141 144
200 203 211 212
200 203 208 211
66 67 75 78
39 46 7 8
238 239 219 226
118 121 133 140
90 91 105 106
211 212 187 188
62 63 54 55
219 234 187 188
179 180 187 188
203 204 199 200
101 102 125 132
70 71 83 86
191 192 179 180
125 140 78 79
219 222 211 212
164 171 133 140
242 243 238 239
200 203 188 191
184 187 179 180
172 175 156 159
196 203 219 226
82 83 86 87
226 227 188 195
230 231 223 226
227 230 230 231
200 203 196 199
8 15 39 46
235 250 203 204
132 133 121 122
117 118 79 86
215 216 196 203
188 195 227 234
223 226 212 215
179 180 191 192
38 39 35 38
199 200 191 192
226 227 211 212
207 208 219 222
129 132 140 141
171 172 156 159
216 219 226 227
239 242 238 239
171 172 110 125
42 43 50 51
219 222 215 216
219 222 219 222
196 203 171 172
55 58 39 42
215 216 203 204
71 74 63 66
203 204 265 266
156 163 188 195
180 187 148 149
140 141 136 137
105 106 105 106
216 219 222 223
148 149 145 148
223 226 227 230
199 200 187 188
0 3 16 23
219 222 235 242
141 148 179 180
188 191 172 175
207 208 212 215
234 235 227 230
31 62 125 156
200 203 207 208
148 149 159 160
183 184 184 187
71 78 39 46
191 192 191 192
180 183 188 191
110 125 172 187
187 188 184 187
212 219 242 243
242 243 231 234
132 133 122 125
235 242 211 212
19 20 19 20
50 51 38 39
160 163 172 175
208 211 200 203
235 238 234 235
227 230 239 242
195 196 204 207
187 188 203 204
243 246 230 231
156 171 235 250
195 196 211 212
187 188 163 164
62 63 16 31
231 234 238 239
222 223 219 222
46 47 54 55
8 11 12 15
156 159 141 144
31 38 15 16
164 171 125 132
239 242 235 238
231 234 231 234
117 118 118 121
141 144 148 149
117 118 101 102
207 208 203 204
46 47 35 38
243 246 239 242
247 250 242 243
109 110 122 125
234 235 235 238
180 187 204 211
204 207 191 192
207 208 196 199
215 216 212 215
91 94 91 94
128 129 122 125
188 191 204 211
74 75 83 86
187 188 180 183
179 180 195 196
79 82 91 94
227 230 243 250
136 137 141 144
137 140 141 144
11 12 3 4
54 55 51 54
187 188 171 172
164 167 176 179
187 188 204 211
375 500 0 125
375 437 125 187
149 152 144 145
438 500 125 187
83 86 79 82
39 46 8 15
281 312 156 187
250 257 226 227
250 253 238 239
266 281 204 219
250 265 204 219
261 262 243 250
63 70 86 87
140 141 79 94
250 281 187 188
250 253 242 243
258 265 242 243
257 258 235 242
254 257 246 247
281 296 234 235
312 313 187 188
35 38 27 28
257 258 246 247
250 265 188 203
273 274 243 250
98 101 102 105
208 211 212 215
312 313 62 63
212 219 234 235
313 344 188 219
313 375 187 188
313 375 125 187
133 136 128 129
281 296 219 234
110 113 105 106
312 313 219 250
386 387 375 378
321 324 333 336
430 433 429 430
66 67 74 75
445 446 437 438
270 273 262 265
159 160 172 179
430 437 462 469
386 387 394 395
488 489 488 489
421 422 425 426
476 477 485 488
246 247 257 258
429 430 413 414
477 484 461 462
438 441 426 429
239 242 253 254
153 156 153 156
485 492 461 462
128 129 133 136
129 132 132 133
399 402 390 391
462 465 453 454
481 484 497 500
375 406 250 281
477 480 492 493
457 458 457 458
382 383 382 383
140 141 149 152
466 469 457 458
109 110 109 110
441 442 437 438
163 164 168 171
493 496 489 492
476 477 473 476
62 63 110 125
144 145 136 137
449 450 461 462
348 351 340 341
168 171 179 180
87 90 83 86
71 78 38 39
265 266 281 288
226 227 203 204
461 462 492 493
94 97 82 83
54 55 79 86
433 434 421 422
394 395 399 402
485 488 476 477
285 288 274 277
118 121 105 106
437 438 450 453
63 70 38 39
410 413 409 410
469 484 421 422
453 454 484 485
457 458 445 446
496 497 484 485
453 454 454 457
24 27 16 19
438 445 461 462
265 266 219 234
466 469 473 476
8 11 0 3
59 62 66 67
450 453 461 462
450 453 441 442
261 262 253 254
219 250 313 344
304 305 281 288
426 429 417 418
489 492 481 484
316 317 305 308
47 54 78 79
253 254 243 246
496 497 497 500
461 462 485 492
473 476 489 492
324 325 313 316
409 410 409 410
118 121 125 128
144 145 133 136
458 461 453 454
312 313 309 312
391 394 394 395
406 437 250 281
437 438 441 442
336 337 344 347
336 337 341 344
308 309 297 300
472 473 465 466
106 109 101 102
196 199 212 219
421 422 390 391
242 243 235 238
172 187 125 140
390 391 390 391
152 153 145 148
481 484 472 473
383 390 359 360
410 413 391 398
449 450 457 458
403 406 398 399
446 449 454 457
149 152 133 136
375 390 329 344
441 442 450 453
12 15 23 24
101 102 117 118
403 406 414 417
219 226 196 203
481 484 477 480
430 433 442 445
391 398 421 422
403 406 394 395
300 301 301 304
284 285 266 273
239 242 243 246
469 472 454 457
281 296 359 360
102 109 86 87
453 454 476 477
477 484 438 445
445 446 430 433
472 473 484 485
187 188 0 62
462 469 492 493
386 387 390 391
421 422 344 359
466 469 462 465
46 47 70 71
484 485 476 477
372 375 383 386
341 344 329 332
39 42 31 34
39 42 42 43
253 254 242 243
434 437 414 421
496 497 492 493
110 117 86 87
417 418 418 421
422 429 391 398
59 62 74 75
413 414 417 418
19 20 8 11
458 461 449 450
480 481 462 469
469 500 313 344
87 94 118 125
477 484 445 446
347 348 355 356
469 472 461 462
300 301 288 289
375 382 413 414
211 212 222 223
421 422 360 375
285 288 266 273
141 156 63 78
180 183 183 184
484 485 496 497
242 243 227 230
398 399 391 394
422 429 446 453
445 446 433 434
454 457 462 465
301 304 281 288
20 23 27 28
489 492 469 476
121 122 109 110
469 472 485 492
254 257 269 270
144 145 132 133
101 102 101 102
426 429 406 413
422 429 399 406
145 148 144 145
433 434 441 442
406 421 484 485
47 50 34 35
462 465 473 476
63 66 66 67
462 465 461 462
359 360 372 375
270 273 257 258
473 476 473 476
47 50 35 38
489 492 488 489
445 446 449 450
473 476 477 480
230 231 243 250
441 442 449 450
461 462 462 465
11 12 15 16
395 398 394 395
476 477 438 445
337 344 313 320
458 461 465 466
83 86 94 97
281 288 313 320
421 422 438 445
215 216 216 219
293 296 285 288
313 316 297 300
97 98 98 101
230 231 222 223
238 239 231 234
421 422 454 469
230 231 227 230
386 387 391 394
454 461 493 500
472 473 469 472
489 492 496 497
43 46 42 43
106 109 114 117
476 477 453 454
438 500 250 312
465 466 469 472
399 402 398 399
265 266 262 265
395 398 409 410
442 445 434 437
473 476 461 462
465 466 446 453
257 258 262 265
281 312 375 406
145 148 149 152
488 489 485 488
86 87 102 109
421 422 422 425
446 449 438 441
258 265 227 234
164 171 196 203
454 457 445 446
476 477 484 485
450 453 438 441
110 113 97 98
453 454 449 450
382 383 379 382
234 235 266 281
0 3 12 15
378 379 375 378
31 34 27 28
462 465 466 469
461 462 458 461
457 458 450 453
297 304 337 344
140 141 203 204
446 449 457 458
266 273 242 243
136 137 136 137
469 472 458 461
445 446 462 469
497 500 485 488
254 257 266 269
457 458 446 449
450 453 430 437
399 402 413 414
38 39 39 42
406 409 417 418
492 493 497 500
258 261 246 247
125 156 250 281
359 360 367 368
16 31 62 63
328 329 332 333
450 453 457 458
144 145 156 159
461 462 465 466
188 203 234 235
269 270 277 278
421 422 410 413
493 500 462 469
462 465 458 461
179 180 183 184
410 413 425 426
438 441 422 425
382 383 378 379
382 383 352 359
430 433 426 429
144 145 153 156
430 437 398 399
454 457 438 441
473 476 484 485
121 122 122 125
235 238 226 227
489 492 492 493
257 258 250 253
449 450 437 438
38 39 38 39
398 399 368 375
387 390 383 386
20 23 28 31
454 457 461 462
328 329 305 312
234 235 230 231
465 466 481 484
477 480 472 473
235 238 247 250
426 429 413 414
219 222 207 208
469 472 484 485
465 466 476 477
188 191 175 176
450 453 462 465
394 395 390 391
395 398 386 387
231 234 227 230
426 429 421 422
83 86 71 74
390 391 398 399
476 477 472 473
54 55 47 50
195 196 200 203
466 469 454 457
38 39 34 35
227 234 188 195
250 257 273 274
379 382 382 383
429 430 442 445
473 476 454 461
492 493 488 489
238 239 247 250
359 360 360 363
465 466 461 462
386 387 398 399
122 125 110 113
301 304 288 289
462 465 462 465
390 391 375 378
328 329 313 316
38 39 63 70
386 387 382 383
351 352 329 336
466 469 453 454
344 375 188 219
403 406 417 418
445 446 406 413
312 313 324 325
454 461 437 438
472 473 476 477
132 133 156 163
422 425 418 421
195 196 212 219
442 445 429 430
391 406 329 344
105 106 113 114
352 355 340 341
11 12 23 24
367 368 383 390
442 445 454 457
426 429 418 421
250 265 296 297
15 16 31 38
485 500 453 454
481 484 488 489
446 449 442 445
344 359 421 422
406 409 421 422
445 446 458 461
437 438 454 461
312 313 304 305
442 445 433 434
426 429 422 425
461 462 493 500
265 266 235 242
79 86 102 109
445 446 461 462
465 466 477 480
320 321 352 359
493 500 454 461
429 430 453 454
410 413 410 413
391 398 368 375
79 94 140 141
23 24 47 54
324 325 336 337
398 399 403 406
434 437 426 429
164 167 180 187
413 414 390 391
438 445 477 484
8 11 15 16
375 382 359 360
171 172 159 160
363 364 352 355
402 403 417 418
418 421 409 410
226 227 222 223
461 462 446 449
368 371 356 359
477 480 473 476
320 321 316 317
398 399 394 395
438 453 375 390
462 469 445 446
118 125 79 86
437 438 375 390
171 172 184 187
313 320 296 297
285 288 289 292
489 492 484 485
391 394 406 413
75 78 82 83
454 457 449 450
472 473 473 476
125 140 79 94
250 281 156 187
413 414 437 438
458 461 445 446
149 152 145 148
328 329 317 320
329 332 337 340
469 476 445 446
406 413 375 382
59 62 75 78
133 140 101 102
450 453 450 453
391 394 395 398
20 23 11 12
325 328 340 341
297 300 301 304
445 446 450 453
175 176 164 167
413 414 375 382
27 28 19 20
445 446 446 449
446 449 461 462
266 273 288 289
484 485 485 488
409 410 391 398
274 277 265 266
450 453 442 445
91 94 98 101
441 442 446 449
437 438 485 500
429 430 422 425
47 50 46 47
442 445 438 441
168 171 149 156
277 278 285 288
473 476 462 465
485 492 454 461
363 364 360 363
437 438 422 425
191 192 183 184
379 382 386 387
333 336 324 325
375 390 421 422
391 406 359 360
242 243 274 281
481 484 469 472
488 489 489 492
250 253 246 247
469 472 480 481
140 141 110 117
145 148 141 144
391 394 386 387
430 437 454 461
462 469 422 429
413 414 421 422
63 125 250 312
352 355 348 351
137 140 129 132
254 257 242 243
466 469 481 484
149 152 163 164
125 128 141 148
446 453 414 421
222 223 226 227
355 356 359 360
368 375 390 391
476 477 465 466
465 466 480 481
86 87 117 118
469 472 477 480
148 149 172 179
391 398 360 367
98 101 114 117
489 492 476 477
378 379 391 398
101 102 133 140
281 312 125 156
171 172 176 179
172 187 235 250
305 312 288 289
446 453 429 430
497 500 492 493
390 391 383 386
386 387 383 386
78 79 109 110
391 394 403 406
7 8 8 11
418 421 413 414
4 7 20 23
399 402 394 395
337 340 324 325
488 489 496 497
118 125 87 94
31 38 71 78
390 391 386 387
382 383 399 406
132 133 110 117
433 434 430 433
175 176 179 180
434 437 449 450
188 219 63 94
8 11 24 31
485 488 493 496
359 360 368 371
450 453 446 449
94 101 78 79
484 485 461 462
54 55 43 46
438 441 445 446
274 277 261 262
8 11 11 12
442 445 453 454
453 454 406 421
449 450 454 457
454 457 469 476
15 16 0 3
296 297 273 274
43 46 39 42
136 137 118 125
488 489 493 496
442 445 446 449
352 359 320 321
438 453 484 485
187 188 196 199
430 433 445 446
493 496 484 485
458 461 462 465
449 450 430 437
481 484 493 496
47 50 58 59
329 344 265 266
472 473 480 481
453 454 446 449
23 24 11 12
31 34 31 34
164 171 132 133
379 382 390 391
359 360 347 348
235 250 297 312
184 187 187 188
172 175 179 180
466 469 480 481
378 379 378 379
442 445 441 442
118 121 132 133
58 59 59 62
429 430 438 441
188 191 187 188
167 168 156 159
493 496 496 497
351 352 359 360
145 148 136 137
442 445 430 433
446 449 446 449
156 159 156 159
394 395 398 399
413 414 399 402
462 465 450 453
387 390 379 382
437 438 390 391
458 461 446 449
167 168 160 163
438 445 469 476
454 457 450 453
434 437 433 434
82 83 71 74
175 176 156 163
496 497 489 492
94 97 79 82
398 399 383 386
445 446 457 458
196 199 180 183
227 230 223 226
476 477 466 469
296 297 359 360
454 457 441 442
403 406 413 414
433 434 422 425
289 296 320 321
438 453 391 406
172 187 140 141
204 207 188 191
445 446 445 446
454 457 454 457
90 91 83 86
453 454 442 445
375 378 383 386
371 372 372 375
450 453 465 466
266 273 305 312
453 454 375 390
406 413 382 383
458 461 458 461
110 113 125 132
469 472 473 476
321 328 352 359
125 128 136 137
446 449 434 437
86 87 101 102
105 106 87 94
262 265 250 253
266 281 219 234
82 83 83 86
454 461 477 484
442 445 445 446
466 469 477 480
466 469 446 453
152 153 133 140
340 341 336 337
485 488 497 500
97 98 90 91
410 413 403 406
347 348 356 359
254 257 247 250
383 390 367 368
227 234 258 265
446 449 462 469
413 414 430 437
472 473 462 465
163 164 188 195
387 390 390 391
469 472 462 465
336 337 352 359
344 359 312 313
421 422 430 433
94 125 219 250
375 378 364 367
281 284 281 284
403 406 409 410
472 473 477 480
382 383 387 390
379 382 383 386
247 250 243 246
462 465 449 450
110 113 102 105
156 187 31 62
285 288 277 278
403 406 395 398
430 433 446 453
462 469 485 492
378 379 386 387
457 458 458 461
438 469 313 344
50 51 51 54
473 476 480 481
406 409 403 406
281 284 284 285
97 98 106 109
493 496 492 493
281 288 312 313
458 461 457 458
16 19 20 23
453 454 458 461
172 175 159 160
375 378 371 372
461 462 430 437
446 453 469 476
235 250 171 172
454 461 485 492
250 265 328 329
421 422 429 430
34 35 43 46
461 462 429 430
38 39 24 27
437 438 426 429
163 164 159 160
144 145 141 144
476 477 477 480
329 344 250 265
156 159 153 156
418 421 425 426
454 461 422 429
86 87 98 101
481 484 485 488
265 266 258 261
227 234 204 211
461 462 466 469
438 445 414 421
466 469 469 472
472 473 481 484
375 378 375 378
94 97 94 97
39 42 24 27
413 414 422 425
492 493 492 493
292 293 281 284
168 171 159 160
461 462 453 454
247 250 227 234
469 476 438 445
227 230 219 222
461 462 438 445
480 481 492 493
203 204 208 211
383 386 375 378
453 454 422 429
301 304 317 320
437 438 453 454
207 208 215 216
481 484 480 481
188 191 176 179
347 348 336 337
12 15 8 11
453 454 445 446
97 98 105 106
28 31 31 34
78 79 75 78
348 351 356 359
469 472 465 466
379 382 368 371
222 223 215 216
453 454 465 466
437 438 429 430
180 187 163 164
207 208 195 196
422 425 406 409
74 75 87 94
11 12 7 8
473 476 469 472
216 219 216 219
144 145 145 148
429 430 462 469
453 454 390 391
265 266 203 204
441 442 441 442
71 78 47 54
266 281 313 328
98 101 94 97
187 188 195 196
441 442 442 445
355 356 344 347
110 125 156 171
351 352 320 321
8 11 20 23
296 297 313 320
469 484 406 421
258 261 270 273
454 469 421 422
390 391 387 390
188 191 184 187
183 184 187 188
438 445 476 477
110 125 78 79
94 109 171 172
90 91 86 87
352 359 382 383
402 403 391 394
333 336 321 324
297 312 344 359
196 199 195 196
492 493 462 469
454 469 391 406
35 38 35 38
484 485 489 492
254 257 262 265
212 215 219 222
466 469 476 477
421 422 484 485
149 152 149 152
391 394 382 383
453 454 421 422
394 395 391 394
352 359 328 329
253 254 253 254
454 461 429 430
352 355 341 344
235 242 258 265
422 425 410 413
333 336 336 337
454 461 492 493
312 313 63 125
458 461 469 472
402 403 402 403
281 288 258 265
481 484 492 493
375 390 328 329
382 383 413 414
125 140 63 78
383 390 352 359
449 450 450 453
406 413 445 446
308 309 304 305
332 333 313 320
140 141 152 153
425 426 417 418
184 187 171 172
453 454 429 430
67 70 82 83
406 409 418 421
421 422 453 454
493 496 481 484
176 179 188 191
204 207 196 199
484 485 492 493
497 500 484 485
458 461 461 462
386 387 386 387
203 204 171 172
15 16 47 62
426 429 442 445
203 204 215 216
446 449 449 450
79 86 110 117
367 368 390 391
223 226 235 238
0 62 187 188
438 445 413 414
406 437 313 344
449 450 446 449
484 485 437 438
425 426 413 414
492 493 489 492
390 391 403 406
191 192 196 199
304 305 329 336
473 476 488 489
320 321 336 337
163 164 171 172
417 418 399 406
257 258 281 288
337 344 304 305
296 297 296 297
446 453 422 429
469 484 437 438
250 312 438 500
196 199 184 187
406 409 409 410
375 382 414 421
317 320 321 324
238 239 230 231
360 363 356 359
266 273 296 297
429 430 437 438
446 449 430 433
476 477 480 481
187 188 375 437
79 82 82 83
438 445 406 413
305 312 337 344
328 329 325 328
16 23 47 54
454 461 476 477
4 7 3 4
356 359 372 375
446 449 441 442
317 320 305 308
485 488 477 480
160 163 176 179
284 285 292 293
442 445 442 445
387 390 395 398
300 301 304 305
461 462 449 450
425 426 429 430
261 262 265 266
422 437 344 359
429 430 418 421
70 71 82 83
402 403 418 421
446 449 458 461
191 192 180 183
227 230 215 216
367 368 382 383
454 457 442 445
458 461 466 469
434 437 442 445
321 324 321 324
375 378 386 387
497 500 496 497
409 410 410 413
489 492 493 496
394 395 402 403
145 148 145 148
496 497 488 489
413 414 391 398
110 113 117 118
121 122 110 113
492 493 461 462
492 493 484 485
480 481 480 481
364 367 363 364
242 243 254 257
438 445 421 422
86 87 87 90
489 492 497 500
413 414 398 399
171 172 163 164
273 274 242 243
406 409 406 409
175 176 167 168
336 337 336 337
453 454 391 406
437 438 462 469
391 398 414 421
118 125 94 101
278 281 265 266
488 489 477 480
226 227 257 258
97 98 97 98
171 172 168 171
328 329 297 304
204 207 204 207
481 484 462 469
196 199 211 212
328 329 336 337
340 341 355 356
67 70 59 62
148 149 140 141
461 462 445 446
106 109 118 121
391 394 378 379
16 31 78 79
27 28 24 27
325 328 316 317
348 351 364 367
458 461 450 453
19 20 27 28
417 418 422 425
445 446 476 477
208 211 203 204
469 472 457 458
325 328 321 324
86 87 97 98
445 446 441 442
426 429 438 441
105 106 106 109
485 500 421 422
484 485 488 489
473 476 485 488
383 386 368 371
402 403 394 395
469 484 422 437
484 485 422 437
296 297 265 266
359 360 391 406
175 176 176 179
266 281 329 344
485 488 496 497
433 434 437 438
485 488 481 484
344 347 355 356
398 399 413 414
453 454 469 476
250 253 247 250
425 426 426 429
476 477 492 493
395 398 410 413
47 54 16 23
137 140 152 153
409 410 417 418
418 421 433 434
413 414 438 445
192 195 187 188
422 425 425 426
445 446 422 429
399 402 391 394
429 430 429 430
410 413 399 402
473 476 466 469
414 421 382 383
437 438 391 406
461 462 472 473
27 28 15 16
344 359 297 312
31 34 43 46
98 101 86 87
429 430 421 422
20 23 31 34
79 94 31 46
114 117 113 114
421 422 414 417
183 184 191 192
372 375 372 375
360 367 399 406
305 308 289 292
425 426 414 417
422 425 417 418
192 195 199 200
445 446 453 454
312 313 360 375
102 105 91 94
46 47 15 16
398 399 410 413
477 480 485 488
493 496 488 489
305 308 293 296
313 320 281 288
378 379 371 372
462 469 438 445
484 485 453 454
367 368 344 351
312 313 0 62
434 437 445 446
226 227 215 216
462 469 484 485
382 383 406 413
421 422 426 429
433 434 445 446
140 141 171 172
360 367 398 399
118 121 121 122
261 262 274 281
472 473 485 492
418 421 410 413
183 184 188 191
223 226 222 223
382 383 375 378
434 437 429 430
4 7 12 15
437 438 313 344
422 425 413 414
87 90 90 91
344 375 469 500
390 391 394 395
429 430 414 417
387 390 375 378
426 429 433 434
42 43 31 34
277 278 289 292
31 46 94 109
391 394 383 386
59 62 63 66
485 488 489 492
243 246 235 238
414 417 413 414
484 485 484 485
234 235 222 223
477 480 465 466
457 458 438 445
196 203 163 164
422 429 454 461
79 86 54 55
414 421 375 382
417 418 425 426
91 94 79 82
141 144 132 133
430 433 434 437
418 421 430 433
446 453 413 414
320 321 313 316
118 121 113 114
413 414 406 409
378 379 390 391
425 426 418 421
360 375 422 437
453 454 462 465
497 500 489 492
212 219 179 180
86 87 83 86
297 300 288 289
98 101 110 113
46 47 38 39
38 39 71 78
199 200 195 196
238 239 242 243
410 413 406 409
438 453 485 500
425 426 425 426
363 364 363 364
454 457 453 454
473 476 472 473
23 24 19 20
289 292 305 312
434 437 421 422
261 262 269 270
395 398 387 390
83 86 74 75
133 140 163 164
417 418 429 430
12 15 19 20
7 8 12 15
200 203 203 204
472 473 466 469
433 434 429 430
16 23 54 55
98 101 90 91
153 156 156 159
278 281 269 270
122 125 114 117
413 414 414 417
462 465 476 477
399 402 403 406
414 417 406 409
387 390 398 399
394 395 395 398
359 360 422 437
394 395 375 382
410 413 414 417
292 293 304 305
199 200 208 211
441 442 422 429
446 453 476 477
383 386 399 406
437 438 449 450
391 398 422 429
399 402 402 403
409 410 403 406
367 368 351 352
121 122 121 122
71 78 54 55
312 313 125 187
406 409 410 413
79 86 55 62
288 289 266 273
438 441 450 453
27 28 35 38
472 473 472 473
375 378 387 390
421 422 445 446
476 477 445 446
191 192 192 195
250 257 234 235
457 458 453 454
395 398 398 399
437 438 250 312
422 437 360 375
454 457 446 449
97 98 87 90
493 496 493 496
421 422 399 406
4 7 16 19
413 414 403 406
79 86 62 63
399 402 406 409
250 265 203 204
425 426 430 433
375 378 363 364
399 406 429 430
148 149 117 118
313 328 391 406
414 421 445 446
122 125 113 114
398 399 367 368
441 442 429 430
180 183 195 196
297 300 304 305
485 488 472 473
434 437 422 425
106 109 117 118
438 441 446 449
430 433 441 442
16 19 16 19
297 304 273 274
379 382 367 368
441 442 454 461
360 375 328 329
453 454 438 441
430 437 406 413
477 480 488 489
403 406 402 403
406 413 438 445
417 418 417 418
301 304 300 301
164 171 140 141
403 406 410 413
79 82 83 86
430 433 437 438
215 216 207 208
258 265 226 227
390 391 360 367
328 329 351 352
462 465 454 457
125 128 128 129
480 481 477 480
372 375 367 368
363 364 379 382
477 480 477 480
219 222 223 226
484 485 438 453
449 450 449 450
183 184 172 175
461 462 454 457
289 296 265 266
484 485 472 473
462 465 469 472
231 234 247 250
367 368 364 367
238 239 235 238
410 413 426 429
46 47 51 54
458 461 472 473
320 321 305 308
454 469 406 421
406 413 383 390
406 437 312 313
38 39 46 47
413 414 425 426
320 321 309 312
382 383 398 399
281 288 321 328
398 399 375 382
20 23 15 16
375 378 382 383
430 437 399 406
426 429 426 429
121 122 128 129
421 422 421 422
477 480 476 477
372 375 371 372
78 79 110 125
348 351 344 347
469 472 466 469
429 430 406 413
292 293 274 281
273 274 289 296
78 79 31 46
309 312 316 317
215 216 227 230
390 391 413 414
453 454 450 453
485 488 484 485
378 379 379 382
422 425 433 434
66 67 71 74
481 484 496 497
262 265 269 270
293 296 289 292
24 31 55 62
375 390 437 438
375 390 438 453
3 4 11 12
417 418 430 437
128 129 137 140
403 406 406 409
297 300 296 297
477 480 462 465
403 406 391 394
183 184 175 176
390 391 368 375
203 204 192 195
438 441 454 461
413 414 426 429
391 394 387 390
304 305 308 309
480 481 481 484
133 136 118 121
410 413 418 421
406 409 402 403
270 273 284 285
414 417 429 430
216 219 207 208
480 481 489 492
454 461 484 485
24 27 23 24
101 102 70 71
34 35 38 39
406 413 430 437
414 417 409 410
317 320 325 328
477 480 466 469
301 304 292 293
488 489 492 493
466 469 458 461
24 27 12 15
289 292 274 277
254 257 235 242
414 421 438 445
472 473 461 462
273 274 296 297
250 253 266 273
433 434 425 426
398 399 382 383
43 46 46 47
82 83 82 83
438 441 449 450
417 418 406 409
70 71 46 47
493 496 497 500
270 273 266 269
414 417 421 422
296 297 292 293
406 409 391 394
375 382 406 413
383 386 398 399
399 406 382 383
387 390 399 402
344 347 336 337
434 437 438 441
341 344 337 340
79 82 79 82
484 485 421 422
172 175 175 176
364 367 356 359
253 254 261 262
413 414 429 430
258 261 247 250
477 480 469 472
379 382 391 394
386 387 378 379
417 418 410 413
288 289 305 312
429 430 417 418
414 421 383 390
484 485 469 472
250 257 219 226
445 446 421 422
461 462 476 477
254 257 243 246
437 438 438 441
445 446 469 476
125 132 148 149
476 477 461 462
274 277 262 265
421 422 418 421
97 98 91 94
437 438 406 413
391 398 413 414
156 187 250 281
391 406 313 328
266 273 243 250
406 421 454 469
493 500 469 476
484 485 497 500
254 257 257 258
203 204 195 196
429 430 434 437
437 438 125 187
266 281 234 235
457 458 466 469
457 458 472 473
204 211 235 242
398 399 414 421
312 313 281 288
371 372 371 372
476 477 489 492
242 243 266 273
230 231 212 219
422 425 426 429
265 266 234 235
429 430 461 462
402 403 403 406
465 466 462 465
390 391 453 454
386 387 399 406
383 386 390 391
297 312 219 234
148 149 133 136
406 409 414 417
395 398 402 403
257 258 254 257
87 94 55 62
469 472 481 484
391 394 375 378
368 371 371 372
466 469 465 466
383 390 406 413
94 101 125 132
390 391 391 394
484 485 493 496
341 344 352 355
200 203 187 188
203 204 125 140
296 297 281 284
58 59 62 63
434 437 437 438
425 426 406 413
109 110 86 87
266 273 235 242
433 434 438 441
414 417 402 403
450 453 466 469
114 117 94 101
399 406 368 375
167 168 175 176
477 480 493 500
15 16 63 78
399 406 360 367
391 398 367 368
445 446 429 430
31 38 54 55
347 348 340 341
364 367 359 360
375 406 281 312
430 437 461 462
480 481 472 473
433 434 434 437
273 274 265 266
476 477 488 489
328 329 391 406
426 429 429 430
156 159 168 171
390 391 414 421
63 78 141 156
395 398 383 386
445 446 454 457
63 70 94 101
308 309 321 328
387 390 387 390
403 406 383 390
485 500 406 421
450 453 449 450
429 430 426 429
312 313 288 289
403 406 399 402
79 86 47 54
489 492 477 480
414 421 390 391
313 316 305 308
492 493 485 488
368 371 364 367
442 445 437 438
277 278 288 289
266 281 312 313
136 137 148 149
406 421 344 359
382 383 395 398
54 55 46 47
430 433 425 426
340 341 329 332
421 422 391 398
422 429 398 399
466 469 466 469
101 102 91 94
387 390 403 406
20 23 8 11
253 254 254 257
484 485 480 481
395 398 403 406
160 163 141 148
313 344 219 250
493 496 480 481
289 292 304 305
164 171 148 149
39 46 23 24
414 417 399 402
340 341 347 348
340 341 333 336
212 215 215 216
409 410 413 414
488 489 469 476
242 243 258 265
274 277 270 273
465 466 457 458
406 413 446 453
79 82 86 87
399 402 399 402
98 101 105 106
421 422 446 453
27 28 28 31
488 489 480 481
289 292 288 289
382 383 390 391
429 430 433 434
188 250 438 500
382 383 414 421
360 375 297 312
149 156 132 133
372 375 375 378
497 500 477 484
109 110 46 47
179 180 172 175
441 442 445 446
242 243 212 219
441 442 438 441
304 305 309 312
297 304 328 329
409 410 422 429
344 351 320 321
320 321 297 304
79 94 125 140
293 296 297 300
110 117 149 156
429 430 430 433
489 492 480 481
16 19 0 3
492 493 476 477
417 418 414 417
179 180 192 195
379 382 387 390
398 399 360 367
333 336 328 329
422 425 438 445
422 425 430 433
355 356 337 344
461 462 422 429
437 438 421 422
390 391 402 403
87 94 54 55
476 477 469 472
24 31 46 47
406 409 399 402
469 476 446 453
258 261 258 261
402 403 390 391
394 395 410 413
418 421 418 421
121 122 136 137
66 67 59 62
336 337 304 305
246 247 247 250
426 429 434 437
102 109 63 70
351 352 364 367
422 437 375 390
430 433 417 418
414 417 422 425
329 336 367 368
313 320 337 344
312 313 297 300
413 414 382 383
51 54 31 38
133 136 141 144
274 277 285 288
153 156 144 145
398 399 387 390
144 145 160 163
391 394 379 382
223 226 219 222
55 58 42 43
398 399 422 429
421 422 359 360
461 462 473 476
458 461 473 476
337 340 332 333
23 24 35 38
383 390 360 367
485 488 480 481
341 344 355 356
308 309 300 301
129 132 145 148
305 312 336 337
47 50 63 70
402 403 409 410
390 391 328 329
375 378 391 398
453 454 485 500
102 109 133 140
461 462 484 485
391 406 437 438
480 481 484 485
141 156 204 219
382 383 394 395
434 437 425 426
450 453 458 461
480 481 469 472
497 500 488 489
196 199 187 188
101 102 90 91
281 284 285 288
445 446 414 421
359 360 337 344
163 164 187 188
273 274 270 273
250 312 62 63
395 398 391 394
359 360 359 360
172 175 183 184
235 242 212 219
368 375 351 352
395 398 375 382
179 180 188 191
360 363 351 352
15 16 4 7
254 257 258 261
453 454 437 438
296 297 288 289
488 489 481 484
297 312 359 360
308 309 296 297
164 167 163 164
438 441 441 442
317 320 333 336
51 54 47 50
422 425 414 417
253 254 235 242
422 425 434 437
476 477 454 461
402 403 398 399
481 484 476 477
414 417 417 418
216 219 204 207
266 269 273 274
462 465 472 473
219 222 212 215
410 413 417 418
188 203 235 250
274 277 278 281
348 351 355 356
340 341 341 344
387 390 391 394
413 414 402 403
422 425 409 410
94 97 106 109
324 325 317 320
414 421 437 438
172 175 188 195
375 406 312 313
417 418 413 414
399 406 430 437
398 399 402 403
493 496 477 480
58 59 39 46
23 24 54 55
485 488 469 472
227 234 250 257
383 390 414 421
156 159 149 152
329 336 297 304
387 390 382 383
351 352 383 390
410 413 413 414
59 62 46 47
409 410 399 402
418 421 422 425
378 379 382 383
333 336 325 328
421 422 413 414
422 425 422 425
360 363 360 363
71 74 55 58
390 391 422 437
476 477 462 465
253 254 257 258
481 484 473 476
110 125 31 46
492 493 480 481
414 417 426 429
402 403 410 413
179 180 175 176
394 395 394 395
437 438 437 438
253 254 247 250
375 378 379 382
246 247 235 238
192 195 200 203
328 329 281 296
11 12 19 20
344 375 219 250
406 409 413 414
488 489 484 485
480 481 493 500
375 378 378 379
133 136 137 140
391 394 402 403
329 332 324 325
289 292 301 304
309 312 296 297
109 110 31 46
453 454 457 458
425 426 438 445
480 481 473 476
70 71 38 39
453 454 466 469
403 406 390 391
179 180 149 156
292 293 301 304
117 118 117 118
438 441 434 437
223 226 216 219
469 500 375 406
63 66 63 66
250 253 262 265
289 292 292 293
79 94 16 31
394 395 383 386
211 212 196 199
341 344 332 333
493 496 485 488
403 406 403 406
160 163 168 171
406 421 453 454
367 368 367 368
484 485 481 484
87 90 91 94
418 421 429 430
8 11 19 20
391 398 429 430
204 207 192 195
454 457 466 469
308 309 301 304
242 243 257 258
257 258 243 246
74 75 63 66
148 149 179 180
274 277 269 270
383 386 391 394
457 458 465 466
313 375 0 62
219 234 265 266
496 497 496 497
281 284 269 270
317 320 329 332
406 409 395 398
176 179 192 195
492 493 481 484
332 333 328 329
375 378 390 391
418 421 417 418
250 265 312 313
11 12 11 12
462 465 446 449
438 500 188 250
329 332 336 337
406 413 429 430
375 437 188 250
429 430 441 442
258 265 219 226
390 391 421 422
450 453 437 438
24 27 28 31
449 450 441 442
461 462 457 458
101 102 109 110
375 390 422 437
55 58 71 78
484 485 406 421
270 273 285 288
430 433 421 422
312 313 438 500
437 438 413 414
399 402 414 421
457 458 469 472
110 113 110 113
403 406 418 421
348 351 351 352
481 484 489 492
265 266 273 274
398 399 430 437
191 192 188 191
387 390 386 387
226 227 204 211
317 320 309 312
63 94 188 219
211 212 223 226
372 375 360 363
47 54 86 87
429 430 399 406
437 438 484 485
156 159 167 168
409 410 398 399
378 379 387 390
402 403 406 409
101 102 106 109
83 86 91 94
414 417 425 426
216 219 212 215
288 289 278 281
421 422 434 437
289 296 258 265
441 442 453 454
235 250 188 203
417 418 421 422
398 399 409 410
437 438 461 462
175 176 168 171
199 200 204 207
461 462 450 453
438 441 430 433
395 398 406 409
141 148 118 125
273 274 235 242
437 438 425 426
0 7 24 31
159 160 149 152
301 304 289 292
336 337 305 312
113 114 114 117
148 149 153 156
394 395 409 410
446 449 437 438
421 422 398 399
390 391 454 469
122 125 117 118
145 148 159 160
386 387 395 398
336 337 347 348
281 288 265 266
296 297 285 288
414 421 398 399
313 328 390 391
434 437 450 453
288 289 289 292
461 462 469 472
156 163 132 133
258 265 235 242
188 191 191 192
496 497 493 496
441 442 433 434
296 297 284 285
188 191 179 180
129 132 136 137
445 446 434 437
391 394 399 402
414 417 410 413
284 285 277 278
355 356 348 351
360 363 352 355
484 485 477 480
34 35 46 47
313 316 329 336
46 47 43 46
390 391 379 382
383 386 382 383
461 462 461 462
289 296 313 320
496 497 485 488
305 308 309 312
70 71 39 46
410 413 421 422
91 94 90 91
383 386 383 386
159 160 153 156
409 410 406 409
493 500 476 477
458 461 454 457
359 360 281 296
153 156 164 167
347 348 329 336
445 446 438 441
292 293 289 292
457 458 454 457
344 359 391 406
75 78 87 90
413 414 383 390
441 442 430 433
430 433 422 425
367 368 372 375
414 417 403 406
211 212 215 216
360 367 337 344
359 360 421 422
422 437 485 500
421 422 437 438
196 199 204 207
418 421 421 422
321 324 316 317
360 375 313 328
394 395 382 383
212 219 188 195
132 133 125 128
422 429 445 446
391 398 430 437
321 328 296 297
235 250 296 297
296 297 329 344
469 476 492 493
413 414 445 446
269 270 250 257
199 200 212 219
333 336 340 341
492 493 469 476
457 458 473 476
410 413 402 403
328 329 340 341
58 59 63 66
86 87 75 78
344 351 375 382
437 438 469 484
325 328 325 328
434 437 430 433
398 399 399 402
434 437 441 442
313 375 62 63
462 469 493 500
454 457 458 461
43 46 58 59
288 289 284 285
156 163 195 196
39 42 50 51
171 172 183 184
462 469 437 438
289 296 273 274
253 254 258 261
293 296 293 296
454 457 465 466
379 382 394 395
223 226 239 242
313 316 324 325
429 430 445 446
421 422 485 500
433 434 414 421
402 403 395 398
305 308 305 308
265 266 261 262
449 450 438 441
414 417 430 437
395 398 382 383
462 469 430 437
429 430 454 461
402 403 413 414
360 367 391 398
122 125 109 110
375 382 399 406
391 394 391 394
184 187 195 196
421 422 406 409
485 492 462 469
199 200 207 208
390 391 438 453
375 382 398 399
383 386 387 390
55 62 86 87
278 281 288 289
446 449 450 453
312 313 337 344
378 379 367 368
117 118 86 87
438 441 438 441
402 403 383 390
204 219 265 266
141 144 149 152
337 340 344 347
442 445 450 453
383 386 394 395
129 132 133 136
317 320 324 325
110 113 122 125
433 434 433 434
352 355 344 347
386 387 379 382
422 437 484 485
390 391 329 344
42 43 24 31
160 163 163 164
497 500 493 496
12 15 11 12
94 97 110 117
257 258 253 254
359 360 355 356
242 243 234 235
399 402 395 398
473 476 465 466
398 399 390 391
117 118 105 106
329 344 390 391
387 390 378 379
391 406 453 454
113 114 94 101
430 433 438 441
105 106 109 110
449 450 445 446
454 469 375 390
171 172 109 110
212 215 222 223
409 410 418 421
359 360 375 382
144 145 137 140
216 219 196 203
442 445 422 429
360 367 383 390
375 390 453 454
261 262 258 261
16 19 3 4
114 117 106 109
446 449 445 446
382 383 383 386
387 390 394 395
442 445 457 458
399 406 375 382
406 413 437 438
132 133 149 156
382 383 351 352
246 247 234 235
485 500 422 437
472 473 454 461
281 284 296 297
442 445 458 461
390 391 313 328
437 438 433 434
47 62 0 15
321 324 312 313
383 390 344 351
372 375 352 359
242 243 219 226
312 313 406 437
387 390 402 403
454 457 457 458
145 148 132 133
422 437 359 360
391 394 390 391
39 42 39 42
304 305 301 304
371 372 382 383
426 429 414 417
117 118 110 113
375 382 344 351
141 156 203 204
38 39 27 28
406 421 360 375
398 399 429 430
356 359 364 367
156 163 187 188
163 164 149 152
430 433 414 417
293 296 308 309
453 454 477 484
363 364 351 352
321 328 344 351
309 312 321 324
409 410 421 422
477 484 453 454
312 313 321 324
360 375 312 313
273 274 257 258
379 382 360 367
422 429 453 454
390 391 359 360
43 46 51 54
426 429 425 426
180 183 192 195
320 321 281 288
476 477 481 484
62 63 71 74
277 278 292 293
378 379 360 367
469 472 469 472
180 183 180 183
288 289 313 320
438 445 462 469
266 281 203 204
449 450 453 454
485 488 473 476
395 398 390 391
488 489 497 500
364 367 378 379
375 382 352 359
340 341 351 352
433 434 426 429
383 386 371 372
38 39 23 24
133 140 102 109
466 469 472 473
261 262 254 257
367 368 356 359
211 212 219 222
383 386 372 375
390 391 378 379
172 179 203 204
219 222 227 230
462 465 457 458
273 274 277 278
305 308 313 316
360 363 372 375
469 472 472 473
378 379 372 375
284 285 285 288
102 109 125 132
496 497 477 484
485 488 492 493
484 485 473 476
109 110 117 118
270 273 269 270
426 429 430 433
383 390 351 352
341 344 336 337
453 454 461 462
238 239 253 254
409 410 402 403
102 105 114 117
461 462 477 484
368 375 336 337
325 328 305 312
250 257 289 296
422 425 421 422
390 391 367 368
66 67 47 54
313 316 317 320
304 305 289 292
425 426 422 425
409 410 414 417
461 462 437 438
406 437 281 312
320 321 351 352
379 382 371 372
450 453 454 457
235 238 239 242
375 378 360 363
226 227 258 265
262 265 258 261
63 70 31 38
153 156 163 164
243 246 231 234
141 156 78 79
406 409 394 395
188 191 180 183
437 438 430 433
253 254 246 247
429 430 391 398
163 164 140 141
394 395 406 409
47 54 71 78
489 492 489 492
359 360 348 351
446 449 433 434
281 284 273 274
110 113 101 102
304 305 274 281
406 421 359 360
19 20 24 27
70 71 31 38
234 235 247 250
391 406 328 329
386 387 368 375
387 390 368 375
398 399 406 409
477 484 446 453
430 437 391 398
413 414 446 453
46 47 59 62
418 421 399 406
341 344 356 359
379 382 372 375
425 426 421 422
398 399 421 422
438 500 312 313
368 371 363 364
469 500 344 375
492 493 477 480
378 379 368 371
399 402 386 387
195 196 219 226
297 312 234 235
204 211 172 179
399 406 367 368
250 312 0 62
309 312 313 316
425 426 433 434
42 43 54 55
368 371 367 368
390 391 406 413
313 344 469 500
159 160 156 159
430 433 430 433
414 421 446 453
274 281 235 242
437 438 312 313
437 438 344 375
250 257 281 288
316 317 316 317
262 265 254 257
375 378 367 368
312 313 359 360
344 359 422 437
312 313 325 328
321 328 289 296
63 66 78 79
288 289 296 297
288 289 257 258
445 446 413 414
312 313 313 316
351 352 340 341
152 153 164 167
328 329 265 266
70 71 55 58
453 454 441 442
364 367 344 351
312 313 320 321
348 351 359 360
312 313 317 320
242 243 253 254
98 101 106 109
312 313 265 266
312 313 301 304
382 383 386 387
324 325 312 313
101 102 97 98
187 188 156 163
324 325 325 328
125 156 281 312
102 109 132 133
364 367 371 372
219 250 312 313
292 293 285 288
258 265 234 235
477 484 454 461
367 368 352 355
390 391 344 359
308 309 320 321
94 97 109 110
368 371 355 356
277 278 278 281
305 308 321 328
433 434 442 445
304 305 297 300
313 316 304 305
273 274 250 257
305 308 292 293
300 301 300 301
305 308 300 301
71 74 71 74
180 187 156 163
347 348 359 360
203 204 226 227
316 317 320 321
430 433 433 434
312 313 296 297
278 281 289 292
348 351 341 344
325 328 312 313
38 39 43 46
266 269 257 258
23 24 34 35
430 437 413 414
250 257 274 281
325 328 333 336
195 196 163 164
317 320 308 309
278 281 266 269
430 433 418 421
364 367 351 352
337 344 368 375
368 371 372 375
67 70 62 63
192 195 179 180
230 231 230 231
352 355 351 352
239 242 226 227
324 325 332 333
356 359 371 372
223 226 211 212
277 278 284 285
281 284 266 269
117 118 141 148
317 320 312 313
356 359 360 363
352 355 364 367
313 316 309 312
250 257 288 289
153 156 159 160
332 333 332 333
46 47 79 94
351 352 313 320
288 289 288 289
360 367 336 337
278 281 258 265
371 372 360 363
363 364 359 360
341 344 344 347
341 344 351 352
363 364 355 356
337 344 305 312
281 288 304 305
284 285 278 281
348 351 360 363
58 59 46 47
16 23 46 47
292 293 297 300
372 375 364 367
394 395 403 406
261 262 270 273
227 230 227 230
390 391 399 402
367 368 368 371
398 399 395 398
367 368 363 364
148 149 141 144
337 340 337 340
379 382 379 382
383 386 378 379
355 356 368 375
74 75 86 87
226 227 227 230
247 250 239 242
355 356 351 352
304 305 288 289
356 359 351 352
321 324 317 320
164 167 160 163
341 344 333 336
8 11 16 19
235 238 223 226
266 269 266 269
250 281 375 406
270 273 270 273
118 121 114 117
375 406 469 500
265 266 250 253
305 308 297 300
328 329 341 344
62 63 70 71
325 328 341 344
47 50 38 39
321 328 281 288
297 300 300 301
367 368 371 372
125 132 149 156
333 336 344 347
265 266 296 297
321 328 351 352
328 329 359 360
429 430 446 453
257 258 265 266
328 329 304 305
7 8 4 7
148 149 144 145
328 329 316 317
313 320 288 289
192 195 195 196
223 226 215 216
355 356 367 368
313 316 325 328
351 352 321 328
316 317 325 328
71 74 75 78
204 219 171 172
344 347 340 341
231 234 226 227
296 297 328 329
316 317 312 313
15 16 28 31
399 402 387 390
320 321 332 333
23 24 8 11
258 261 243 246
413 414 413 414
292 293 292 293
347 348 344 347
227 230 238 239
359 360 344 347
364 367 368 371
125 128 114 117
204 207 212 215
258 261 254 257
0 3 8 11
19 20 20 23
344 347 347 348
364 367 372 375
363 364 368 371
438 441 437 438
313 328 360 375
71 78 102 109
340 341 321 328
163 164 133 140
288 289 273 274
425 426 434 437
462 469 429 430
344 347 341 344
74 75 66 67
87 90 79 82
336 337 333 336
320 321 320 321
344 351 321 328
359 360 297 312
140 141 140 141
371 372 367 368
332 333 333 336
352 355 363 364
0 3 3 4
313 316 320 321
336 337 325 328
367 368 359 360
269 270 285 288
215 216 223 226
55 58 54 55
50 51 31 38
152 153 159 160
300 301 289 292
226 227 242 243
262 265 270 273
278 281 270 273
367 368 336 337
489 492 485 488
336 337 348 351
359 360 371 372
270 273 250 257
179 180 203 204
352 355 359 360
413 414 409 410
266 269 254 257
317 320 332 333
281 284 293 296
329 344 296 297
383 386 379 382
418 421 434 437
257 258 234 235
274 277 266 269
337 344 367 368
43 46 31 34
356 359 355 356
337 344 359 360
23 24 39 46
320 321 321 324
78 79 71 74
344 375 250 281
288 289 285 288
477 480 489 492
321 324 305 308
167 168 180 187
301 304 301 304
348 351 347 348
340 341 328 329
278 281 293 296
367 368 375 378
19 20 0 7
171 172 141 148
348 351 363 364
332 333 324 325
226 227 238 239
94 109 31 46
399 406 422 429
289 296 312 313
321 324 329 332
406 409 422 429
257 258 226 227
54 55 55 58
368 371 360 363
274 277 274 277
296 297 266 273
219 222 222 223
313 328 250 265
313 320 289 296
187 188 199 200
324 325 333 336
273 274 285 288
62 63 74 75
337 340 321 324
75 78 55 62
262 265 261 262
476 477 493 500
390 391 395 398
351 352 336 337
305 308 316 317
46 47 39 42
340 341 340 341
313 344 437 438
308 309 309 312
243 246 250 253
163 164 180 187
296 297 293 296
0 15 63 78
351 352 348 351
109 110 62 63
434 437 434 437
351 352 351 352
168 171 164 167
257 258 257 258
8 15 31 38
333 336 347 348
344 351 313 320
337 340 329 332
485 500 437 438
265 266 278 281
270 273 274 277
351 352 368 375
284 285 284 285
312 313 266 281
442 445 449 450
356 359 367 368
180 183 184 187
359 360 328 329
351 352 375 382
328 329 312 313
359 360 351 352
336 337 340 341
378 379 383 386
417 418 426 429
352 355 355 356
320 321 304 305
368 371 359 360
172 175 176 179
122 125 125 128
422 425 429 430
332 333 341 344
351 352 356 359
347 348 352 355
449 450 462 469
278 281 284 285
274 281 242 243
352 355 367 368
257 258 247 250
312 313 329 336
406 413 390 391
352 355 347 348
235 238 235 238
258 261 262 265
356 359 368 371
0 15 46 47
333 336 320 321
239 242 247 250
352 359 321 328
367 368 337 344
356 359 359 360
281 288 250 257
368 375 344 351
351 352 382 383
359 360 313 328
106 109 87 94
363 364 367 368
316 317 313 316
382 383 371 372
304 305 312 313
360 363 371 372
38 39 70 71
54 55 87 94
261 262 261 262
156 171 110 125
347 348 351 352
344 347 348 351
296 297 297 300
355 356 356 359
321 324 337 344
121 122 118 121
284 285 296 297
273 274 261 262
360 363 355 356
179 180 180 183
351 352 352 355
359 360 356 359
325 328 332 333
277 278 293 296
360 363 347 348
148 149 163 164
340 341 337 340
118 125 86 87
293 296 296 297
250 281 125 156
141 148 163 164
364 367 360 363
485 488 485 488
382 383 359 360
265 266 242 243
94 97 86 87
333 336 332 333
27 28 43 46
320 321 329 332
324 325 329 332
132 133 118 121
375 378 372 375
328 329 328 329
347 348 337 340
337 344 312 313
320 321 325 328
243 246 227 230
269 270 258 261
351 352 363 364
430 437 453 454
344 347 359 360
258 261 257 258
324 325 324 325
109 110 79 86
313 328 266 281
344 359 296 297
83 86 63 70
292 293 293 296
74 75 62 63
344 351 367 368
289 292 285 288
312 313 289 296
204 211 227 234
391 406 454 469
333 336 333 336
313 320 336 337
141 144 144 145
351 352 344 347
140 141 148 149
269 270 273 274
433 434 446 453
341 344 348 351
239 242 246 247
465 466 453 454
288 289 258 265
371 372 359 360
325 328 317 320
337 344 297 304
316 317 309 312
312 313 316 317
333 336 341 344
156 171 204 219
340 341 332 333
375 382 351 352
325 328 336 337
0 3 7 8
196 203 172 179
301 304 313 316
484 485 462 469
383 390 413 414
402 403 399 402
329 332 317 320
305 308 320 321
167 168 171 172
402 403 414 417
363 364 378 379
63 66 71 74
47 50 47 50
458 461 438 445
336 337 337 340
329 332 313 316
348 351 336 337
341 344 321 328
309 312 308 309
348 351 348 351
171 172 125 140
320 321 288 289
352 355 360 363
406 409 398 399
284 285 297 304
359 360 352 355
117 118 128 129
117 118 149 156
132 133 164 171
348 351 337 340
375 378 368 371
297 304 321 328
372 375 382 383
285 288 273 274
359 360 329 336
11 12 12 15
86 87 86 87
196 199 191 192
328 329 321 324
289 292 293 296
71 74 58 59
367 368 355 356
344 347 337 340
266 269 258 261
187 188 234 235
367 368 329 336
360 363 363 364
239 242 230 231
180 187 203 204
352 355 356 359
324 325 305 312
344 347 360 367
320 321 328 329
227 230 234 235
368 371 378 379
297 300 297 300
312 313 328 329
421 422 417 418
328 329 360 375
258 265 281 288
317 320 297 304
313 316 312 313
363 364 344 351
320 321 317 320
347 348 348 351
187 188 176 179
269 270 266 269
309 312 305 308
296 297 234 235
414 417 414 417
281 284 277 278
141 144 140 141
367 368 378 379
422 425 437 438
320 321 333 336
297 300 284 285
337 340 351 352
363 364 375 378
289 292 289 292
316 317 304 305
329 336 360 367
328 329 333 336
285 288 281 284
351 352 328 329
304 305 300 301
360 363 368 371
281 296 328 329
382 383 391 394
265 266 329 344
97 98 109 110
446 453 406 413
356 359 356 359
300 301 312 313
35 38 38 39
360 367 329 336
156 159 159 160
94 97 87 90
359 360 363 364
122 125 136 137
258 261 261 262
293 296 288 289
87 90 74 75
212 215 199 200
265 266 312 313
465 466 472 473
355 356 355 356
341 344 340 341
39 46 0 7
27 28 31 34
328 329 250 265
62 63 58 59
195 196 184 187
344 351 328 329
269 270 257 258
293 296 305 308
277 278 274 277
94 109 62 63
0 62 312 313
476 477 446 453
300 301 296 297
63 94 219 250
63 70 87 94
360 363 364 367
313 316 300 301
71 74 74 75
316 317 317 320
304 305 316 317
317 320 328 329
211 212 179 180
265 266 288 289
372 375 359 360
336 337 297 304
296 297 309 312
38 39 50 51
337 344 320 321
31 38 7 8
395 398 399 402
304 305 296 297
329 336 312 313
445 446 477 484
348 351 329 336
269 270 270 273
172 175 163 164
125 128 122 125
273 274 278 281
51 54 50 51
231 234 219 222
269 270 265 266
356 359 347 348
273 274 305 312
328 329 324 325
168 171 156 159
337 340 328 329
175 176 183 184
51 54 55 58
281 284 288 289
288 289 265 266
257 258 289 296
313 316 321 324
231 234 242 243
493 500 461 462
364 367 364 367
106 109 106 109
132 133 140 141
325 328 313 316
179 180 148 149
258 261 274 281
329 336 368 375
211 212 195 196
164 167 179 180
437 438 445 446
356 359 363 364
329 336 352 359
360 363 359 360
34 35 42 43
351 352 337 340
313 320 351 352
336 337 328 329
50 51 55 58
421 422 469 484
265 266 188 203
359 360 364 367
109 110 97 98
399 406 421 422
465 466 454 457
277 278 265 266
336 337 313 320
110 125 171 172
434 437 446 449
281 312 188 219
63 66 50 51
332 333 344 347
363 364 356 359
320 321 324 325
78 79 16 31
145 148 148 149
344 347 333 336
168 171 163 164
313 328 265 266
47 50 39 42
321 324 313 316
355 356 347 348
266 269 265 266
344 359 281 296
329 332 328 329
261 262 273 274
454 469 390 391
351 352 367 368
180 187 149 156
422 437 390 391
329 332 320 321
63 66 59 62
341 344 347 348
297 300 293 296
153 156 167 168
316 317 297 304
313 344 438 469
257 258 227 234
473 476 476 477
371 372 368 371
86 87 55 62
336 337 368 375
301 304 309 312
172 187 110 125
180 183 168 171
289 296 266 273
265 266 274 277
289 292 284 285
222 223 223 226
336 337 312 313
332 333 336 337
149 152 152 153
337 340 340 341
231 234 212 219
368 371 368 371
47 54 24 31
336 337 321 324
243 246 247 250
462 465 465 466
312 313 312 313
324 325 321 324
332 333 340 341
292 293 296 297
382 383 368 371
352 359 375 382
341 344 341 344
372 375 368 371
167 168 172 175
336 337 329 332
422 429 461 462
316 317 329 336
117 118 133 140
492 493 496 497
340 341 356 359
368 375 398 399
187 188 172 175
59 62 70 71
265 266 204 219
337 340 352 359
74 75 70 71
360 363 367 368
274 277 289 296
321 328 304 305
38 39 31 34
367 368 360 363
347 348 347 348
266 273 304 305
333 336 313 320
352 355 352 355
62 63 31 38
192 195 192 195
262 265 274 277
83 86 70 71
336 337 359 360
337 340 341 344
312 313 250 265
212 219 187 188
304 305 292 293
356 359 348 351
219 226 258 265
148 149 136 137
476 477 476 477
390 391 437 438
262 265 262 265
94 101 118 125
164 167 172 175
329 332 332 333
332 333 321 324
316 317 324 325
15 16 78 79
312 313 344 359
309 312 324 325
336 337 332 333
269 270 278 281
313 320 344 351
469 476 493 500
274 277 284 285
258 265 289 296
277 278 281 284
59 62 59 62
485 500 438 453
332 333 329 332
305 308 296 297
288 289 300 301
359 360 296 297
336 337 360 367
347 348 360 367
261 262 262 265
329 336 351 352
324 325 316 317
132 133 101 102
352 355 337 340
320 321 337 344
328 329 337 340
336 337 320 321
125 140 187 188
266 269 278 281
78 79 79 82
219 222 208 211
406 421 469 484
332 333 348 351
391 406 344 359
325 328 324 325
176 179 179 180
356 359 352 355
312 313 305 308
63 66 75 78
129 132 144 145
317 320 317 320
429 430 425 426
340 341 352 355
344 351 368 375
297 300 289 292
344 347 351 352
316 317 321 324
258 261 265 266
446 453 421 422
324 325 337 344
156 163 133 140
180 183 179 180
325 328 320 321
51 54 51 54
265 266 269 270
351 352 347 348
329 332 321 324
238 239 226 227
399 402 409 410
371 372 363 364
336 337 324 325
355 356 363 364
250 253 258 261
364 367 355 356
344 347 356 359
355 356 364 367
289 292 277 278
132 133 109 110
296 297 274 281
90 91 106 109
364 367 352 355
325 328 328 329
62 63 15 16
285 288 301 304
438 441 429 430
414 421 391 398
258 265 288 289
356 359 344 347
351 352 355 356
332 333 325 328
352 359 336 337
321 324 320 321
117 118 114 117
328 329 320 321
118 125 140 141
429 430 398 399
281 312 187 188
321 324 324 325
238 239 250 253
281 296 329 344
390 391 382 383
437 438 442 445
372 375 387 390
308 309 313 316
304 305 320 321
317 320 320 321
328 329 352 359
46 47 50 51
266 281 188 203
359 360 336 337
250 253 250 253
363 364 372 375
332 333 347 348
188 250 62 63
368 375 329 336
344 347 344 347
300 301 293 296
101 102 86 87
321 324 336 337
137 140 133 136
172 179 195 196
312 313 336 337
368 375 337 344
329 336 304 305
110 113 98 101
309 312 312 313
473 476 481 484
344 347 352 355
363 364 364 367
332 333 320 321
359 360 312 313
333 336 348 351
360 363 348 351
39 42 47 50
309 312 317 320
337 340 336 337
31 62 156 187
355 356 352 355
125 187 313 375
133 136 125 128
481 484 481 484
355 356 360 363
292 293 300 301
406 421 485 500
254 257 254 257
320 321 289 296
371 372 364 367
230 231 235 238
368 371 352 355
329 344 281 296
59 62 67 70
246 247 238 239
8 11 3 4
129 132 129 132
317 320 313 316
375 437 187 188
336 337 351 352
246 247 261 262
328 329 344 351
285 288 284 285
277 278 266 269
371 372 352 359
316 317 328 329
492 493 493 496
329 332 333 336
364 367 379 382
337 344 360 367
301 304 297 300
58 59 54 55
305 308 308 309
289 296 321 328
262 265 243 250
163 164 141 148
348 351 352 355
325 328 329 332
118 125 141 148
62 63 0 15
288 289 304 305
281 284 270 273
274 277 288 289
324 325 320 321
148 149 180 187
284 285 289 292
269 270 261 262
273 274 297 304
347 348 341 344
179 180 176 179
253 254 266 273
63 66 54 55
356 359 337 344
231 234 239 242
301 304 308 309
246 247 258 261
296 297 235 250
320 321 344 351
344 359 406 421
113 114 105 106
180 187 141 148
137 140 137 140
320 321 296 297
82 83 70 71
105 106 98 101
293 296 281 284
437 438 446 449
313 316 313 316
313 328 359 360
304 305 266 273
305 312 273 274
437 438 434 437
301 304 316 317
321 328 297 304
86 87 94 97
325 328 337 340
277 278 277 278
222 223 231 234
125 128 121 122
281 284 297 304
313 316 308 309
344 375 438 469
285 288 293 296
313 316 328 329
383 386 395 398
465 466 466 469
281 288 320 321
301 304 312 313
128 129 129 132
163 164 175 176
477 480 484 485
320 321 308 309
480 481 488 489
281 288 257 258
242 243 273 274
239 242 227 230
485 488 488 489
316 317 308 309
167 168 168 171
317 320 304 305
438 500 187 188
292 293 284 285
285 288 297 300
258 261 250 253
184 187 172 175
426 429 441 442
312 313 300 301
340 341 348 351
363 364 371 372
102 109 71 78
284 285 273 274
371 372 379 382
328 329 266 281
329 344 266 281
360 375 296 297
257 258 273 274
296 297 305 308
261 262 250 253
337 340 333 336
204 211 243 250
328 329 329 332
78 79 70 71
453 454 430 437
293 296 274 281
421 422 433 434
274 281 250 257
39 42 43 46
35 38 51 54
313 316 301 304
300 301 308 309
297 300 292 293
129 132 121 122
465 466 465 466
270 273 278 281
11 12 16 19
413 414 418 421
262 265 266 269
304 305 273 274
101 102 98 101
136 137 129 132
273 274 266 269
27 28 8 15
82 83 79 82
446 453 477 484
257 258 258 261
250 253 253 254
395 398 395 398
300 301 297 300
270 273 261 262
453 454 453 454
372 375 379 382
293 296 309 312
329 332 344 351
132 133 148 149
398 399 398 399
304 305 313 316
152 153 141 144
329 332 340 341
250 253 261 262
15 16 39 46
250 253 235 238
309 312 297 300
254 257 253 254
301 304 296 297
441 442 434 437
288 289 281 284
163 164 196 203
211 212 211 212
102 109 78 79
480 481 485 488
300 301 313 320
289 292 297 300
0 62 188 250
219 226 203 204
274 277 258 261
98 101 79 86
304 305 304 305
262 265 257 258
167 168 164 167
250 312 63 125
266 269 261 262
274 277 277 278
281 284 278 281
462 465 477 484
438 441 453 454
297 300 285 288
438 441 433 434
305 312 281 288
297 300 309 312
42 43 39 42
212 215 216 219
274 281 257 258
4 7 19 20
368 371 383 390
297 300 305 308
270 273 258 261
223 226 238 239
288 289 250 257
266 269 262 265
321 324 309 312
262 265 265 266
304 305 305 308
450 453 445 446
309 312 325 328
257 258 274 281
296 297 344 359
497 500 497 500
313 316 316 317
289 296 257 258
91 94 106 109
297 304 274 281
293 296 292 293
207 208 216 219
269 270 274 277
422 437 469 484
337 340 348 351
329 332 325 328
265 266 254 257
300 301 309 312
266 273 289 296
266 269 250 253
469 476 453 454
281 296 235 250
265 266 313 328
437 438 188 250
398 399 386 387
281 296 360 375
288 289 293 296
125 128 110 113
297 300 281 284
293 296 301 304
293 296 300 301
54 55 58 59
383 386 386 387
352 359 313 320
305 308 312 313
278 281 292 293
55 58 67 70
31 38 70 71
296 297 219 234
308 309 305 308
246 247 254 257
288 289 277 278
296 297 360 375
285 288 285 288
457 458 462 465
301 304 304 305
296 297 308 309
257 258 266 269
284 285 281 284
71 74 62 63
492 493 454 461
288 289 297 300
285 288 300 301
300 301 281 288
309 312 309 312
86 87 91 94
449 450 442 445
297 312 360 375
379 382 395 398
266 281 328 329
12 15 3 4
292 293 305 312
308 309 316 317
438 441 425 426
281 284 292 293
394 395 386 387
253 254 262 265
265 266 243 250
274 281 305 312
304 305 337 344
309 312 301 304
309 312 304 305
421 422 409 410
257 258 270 273
308 309 289 296
480 481 476 477
274 281 304 305
113 114 117 118
288 289 292 293
292 293 288 289
278 281 274 277
109 110 133 140
188 191 183 184
304 305 321 328
360 375 406 421
360 375 281 296
321 324 328 329
273 274 281 284
277 278 270 273
296 297 321 328
337 340 347 348
3 4 12 15
379 382 375 378
297 304 336 337
63 78 15 16
83 86 78 79
128 129 121 122
305 308 301 304
284 285 293 296
266 269 269 270
265 266 266 269
426 429 437 438
297 304 329 336
254 257 265 266
333 336 337 340
274 281 243 250
266 269 281 288
297 304 266 273
250 253 243 246
382 383 372 375
296 297 301 304
305 312 274 281
273 274 288 289
34 35 35 38
207 208 204 207
414 417 418 421
304 305 293 296
341 344 328 329
265 266 253 254
156 163 125 132
281 288 305 312
234 235 204 211
382 383 344 351
296 297 300 301
274 277 281 284
242 243 226 227
285 288 278 281
250 253 239 242
454 461 430 437
297 312 265 266
351 352 341 344
391 406 438 453
344 347 332 333
300 301 292 293
488 489 476 477
421 422 375 390
261 262 257 258
368 371 379 382
265 266 270 273
293 296 284 285
278 281 273 274
270 273 265 266
257 258 261 262
262 265 273 274
379 382 378 379
308 309 312 313
250 281 406 437
394 395 387 390
273 274 273 274
270 273 273 274
273 274 284 285
262 265 277 278
371 372 383 386
55 58 66 67
308 309 308 309
106 109 110 113
261 262 266 269
265 266 297 312
253 254 250 253
172 175 187 188
481 484 484 485
257 258 219 226
219 226 195 196
278 281 277 278
140 141 63 78
477 480 480 481
269 270 262 265
277 278 269 270
265 266 277 278
304 305 317 320
195 196 179 180
266 269 274 277
288 289 274 277
438 469 344 375
313 328 375 390
15 16 11 12
293 296 304 305
312 313 188 219
417 418 409 410
288 289 301 304
211 212 242 243
382 383 367 368
270 273 281 284
277 278 258 265
457 458 449 450
337 340 325 328
250 253 257 258
465 466 458 461
305 308 304 305
289 292 281 284
273 274 262 265
265 266 265 266
273 274 269 270
247 250 254 257
87 94 117 118
71 74 87 94
187 188 140 141
250 253 254 257
321 324 325 328
277 278 273 274
301 304 305 308
234 235 188 203
301 304 293 296
27 28 42 43
285 288 288 289
257 258 269 270
258 261 269 270
82 83 94 97
27 28 38 39
265 266 289 296
254 257 261 262
273 274 258 261
187 188 62 63
477 480 481 484
262 265 278 281
375 390 313 328
265 266 257 258
160 163 171 172
258 261 273 274
288 289 320 321
270 273 277 278
19 20 28 31
422 429 462 469
273 274 274 277
250 257 227 234
250 265 297 312
438 441 442 445
274 277 273 274
204 207 215 216
289 292 300 301
297 312 250 265
136 137 149 156
289 296 250 257
109 110 63 78
91 94 87 90
465 466 473 476
312 313 308 309
367 368 379 382
257 258 288 289
278 281 285 288
281 284 274 277
257 258 242 243
129 132 128 129
317 320 316 317
413 414 410 413
274 281 297 304
273 274 304 305
437 438 414 421
250 265 329 344
288 289 312 313
304 305 336 337
281 296 344 359
285 288 292 293
39 42 54 55
372 375 378 379
172 179 141 148
250 253 265 266
281 284 289 292
46 47 24 31
297 300 308 309
269 270 281 284
391 394 398 399
305 312 329 336
7 8 23 24
265 266 328 329
122 125 102 109
129 132 117 118
450 453 453 454
278 281 281 284
79 82 75 78
309 312 320 321
296 297 289 292
288 289 321 328
35 38 24 27
0 3 4 7
250 281 344 375
247 250 235 238
305 308 317 320
188 191 196 199
47 62 15 16
304 305 328 329
296 297 320 321
266 269 270 273
418 421 414 417
289 292 278 281
51 54 67 70
278 281 278 281
305 312 328 329
308 309 317 320
360 363 375 382
296 297 312 313
246 247 227 234
410 413 422 425
253 254 265 266
235 242 265 266
195 196 183 184
297 300 312 313
91 94 86 87
195 196 226 227
340 341 344 347
364 367 367 368
246 247 262 265
250 312 437 438
269 270 269 270
34 35 24 27
179 180 171 172
372 375 363 364
437 438 187 188
163 164 153 156
8 11 4 7
321 324 332 333
309 312 289 296
67 70 79 82
297 312 235 250
457 458 461 462
297 300 313 320
410 413 398 399
313 344 406 437
235 242 274 281
284 285 274 277
102 105 118 125
367 368 399 406
125 140 172 187
336 337 367 368
266 269 277 278
102 105 102 105
352 359 329 336
371 372 378 379
399 402 410 413
367 368 391 398
312 313 437 438
266 269 253 254
207 208 200 203
219 222 226 227
368 375 391 398
360 375 421 422
399 402 383 386
352 359 383 390
446 449 453 454
344 351 382 383
50 51 42 43
360 367 390 391
113 114 129 132
371 372 375 378
484 485 454 461
329 332 329 332
438 453 390 391
445 446 442 445
328 329 390 391
372 375 386 387
254 257 270 273
329 332 316 317
35 38 47 50
70 71 86 87
329 336 359 360
333 336 329 332
243 246 253 254
140 141 145 148
321 324 308 309
386 387 387 390
284 285 288 289
274 281 296 297
466 469 461 462
367 368 398 399
281 312 406 437
418 421 426 429
360 367 382 383
382 383 360 367
329 344 391 406
129 132 118 121
352 355 368 375
31 34 28 31
254 257 250 253
368 371 375 378
296 297 304 305
58 59 66 67
63 78 16 31
469 472 476 477
329 344 375 390
262 265 253 254
418 421 406 409
332 333 337 340
215 216 219 222
309 312 300 301
320 321 312 313
266 273 297 304
313 320 352 359
324 325 328 329
250 265 313 328
344 351 383 390
269 270 284 285
344 359 390 391
359 360 382 383
351 352 360 363
359 360 390 391
156 171 203 204
305 312 266 273
359 360 406 421
7 8 31 38
359 360 383 390
425 426 437 438
344 375 437 438
285 288 296 297
289 292 296 297
211 212 188 195
364 367 375 378
344 347 329 332
106 109 97 98
258 261 253 254
321 328 288 289
329 336 305 312
300 301 305 308
360 363 344 347
328 329 296 297
368 371 382 383
328 329 375 390
243 250 266 273
449 450 458 461
297 304 320 321
258 261 266 269
313 375 63 125
371 372 386 387
375 390 454 469
296 297 250 265
368 375 399 406
312 313 375 406
329 332 341 344
371 372 387 390

