0 0
0 1
0 2
0 3
0 4
0 5
0 6
0 7
0 8
0 9
0 10
0 11
0 12
0 13
0 14
0 15
0 16
0 17
0 18
0 19
0 20
0 21
0 22
0 23
0 24
0 25
0 26
0 27
0 28
0 29
0 30
0 31
0 32
0 33
0 34
0 35
0 36
1 37
1 38
2 39
2 40
2 41
3 42
3 43
4 44
4 45
4 46
5 47
5 48
6 49
6 50
7 51
7 52
8 53
8 54
8 55
9 56
10 57
10 58
10 59
11 60
12 61
12 62
13 63
14 64
14 65
15 66
15 67
15 68
16 69
17 70
17 71
18 72
18 73
19 74
20 75
20 76
20 77
21 78
21 79
22 80
22 81
23 82
23 83
23 84
24 85
24 86
25 87
26 88
26 89
26 90
27 91
27 92
28 93
28 94
29 95
29 96
30 97
30 98
31 99
31 100
32 101
33 102
33 103
34 104
34 105
35 106
36 107
36 108
36 109
37 110
37 111
38 112
38 113
39 114
39 115
39 116
40 117
40 118
41 119
41 120
42 121
43 122
43 123
44 124
44 125
45 126
45 127
46 128
46 129
47 130
47 131
48 132
48 133
48 134
49 135
49 136
49 137
50 138
50 139
51 140
52 141
52 142
53 143
53 144
53 145
54 146
54 147
55 148
55 149
56 150
56 151
57 152
57 153
58 154
58 155
59 156
60 157
60 158
61 159
61 160
62 161
62 162
63 163
63 164
64 165
65 166
65 167
66 168
66 169
67 170
67 171
68 172
69 173
70 174
70 175
71 176
71 177
71 178
72 179
72 180
73 181
73 182
74 183
74 184
75 185
75 186
76 187
76 188
77 189
77 190
78 191
78 192
78 193
79 194
79 195
79 196
80 197
80 198
81 199
81 200
81 201
82 202
82 203
83 204
83 205
84 206
84 207
84 208
85 209
85 210
86 211
86 212
87 213
87 214
87 215
88 216
88 217
88 218
89 219
89 220
90 221
91 222
91 223
92 224
92 225
93 226
93 227
94 228
94 229
95 230
95 231
96 232
96 233
96 234
97 235
97 236
97 237
98 238
98 239
99 240
99 241
100 242
100 243
100 244
101 245
102 246
102 247
103 248
103 249
104 250
104 251
104 252
105 253
105 254
106 255
107 256
107 257
107 258
108 259
108 260
109 261
110 262
110 263
111 264
111 265
112 266
113 267
113 268
114 269
115 270
115 271
115 272
116 273
117 274
117 275
118 276
119 277
119 278
119 279
120 280
120 281
121 282
121 283
122 284
122 285
123 286
123 287
123 288
124 289
124 290
125 291
125 292
126 293
126 294
127 295
127 296
128 297
128 298
129 299
129 300
130 301
130 302
131 303
131 304
132 305
132 306
133 307
133 308
134 309
134 310
134 311
135 312
135 313
136 314
136 315
137 316
137 317
138 318
138 319
139 320
140 321
140 322
140 323
141 324
142 325
142 326
143 327
143 328
143 329
144 330
144 331
145 332
145 333
146 334
146 335
147 336
147 337
147 338
148 339
148 340
149 341
149 342
150 343
150 344
151 345
151 346
152 347
152 348
153 349
153 350
154 351
155 352
155 353
156 354
156 355
157 356
157 357
158 358
159 359
159 360
159 361
160 362
160 363
161 364
161 365
161 366
162 367
162 368
163 369
163 370
164 371
165 372
165 373
166 374
166 375
167 376
167 377
168 378
168 379
169 380
169 381
170 382
171 383
171 384
172 385
172 386
173 387
173 388
173 389
174 390
174 391
175 392
176 393
176 394
177 395
177 396
178 397
178 398
179 399
179 400
180 401
180 402
181 403
181 404
182 405
183 406
183 407
184 408
184 409
185 410
185 411
186 412
186 413
186 414
187 415
188 416
188 417
188 418
189 419
189 420
190 421
190 422
191 423
191 424
192 425
192 426
193 427
193 428
193 429
194 430
195 431
195 432
196 433
196 434
197 435
197 436
198 437
198 438
199 439
199 440
200 441
200 442
201 443
201 444
201 445
202 446
202 447
202 448
203 449
203 450
204 451
204 452
204 453
205 454
205 455
206 456
206 457
207 458
207 459
208 460
208 461
209 462
209 463
210 464
211 465
211 466
211 467
212 468
212 469
213 470
213 471
214 472
215 473
215 474
216 475
216 476
217 477
218 478
218 479
218 480
219 481
219 482
220 483
221 484
221 485
222 486
222 487
223 488
223 489
224 490
224 491
225 492
225 493
226 494
226 495
227 496
227 497
228 498
228 499
229 500
229 501
230 502
230 503
231 504
231 505
232 506
232 507
233 508
234 509
234 510
235 511
236 512
236 513
237 514
237 515
237 516
238 517
238 518
239 519
240 520
240 521
241 522
241 523
242 524
242 525
242 526
243 527
243 528
244 529
244 530
245 531
245 532
246 533
246 534
247 535
247 536
247 537
248 538
248 539
249 540
249 541
249 542
250 543
251 544
252 545
252 546
253 547
253 548
253 549
254 550
254 551
255 552
255 553
256 554
256 555
257 556
257 557
258 558
258 559
259 560
259 561
260 562
260 563
261 564
261 565
262 566
262 567
263 568
264 569
264 570
265 571
265 572
266 573
266 574
267 575
267 576
268 577
268 578
269 579
269 580
270 581
270 582
271 583
271 584
272 585
272 586
273 587
273 588
274 589
275 590
275 591
275 592
276 593
276 594
276 595
277 596
277 597
278 598
278 599
278 600
279 601
279 602
280 603
281 604
281 605
282 606
282 607
283 608
283 609
284 610
284 611
285 612
285 613
286 614
286 615
287 616
287 617
288 618
288 619
289 620
289 621
290 622
291 623
291 624
292 625
292 626
292 627
293 628
293 629
294 630
295 631
295 632
296 633
296 634
296 635
297 636
297 637
298 638
298 639
299 640
300 641
300 642
300 643
301 644
301 645
302 646
302 647
303 648
303 649
303 650
304 651
304 652
305 653
305 654
306 655
306 656
306 657
307 658
307 659
307 660
308 661
308 662
309 663
309 664
310 665
310 666
311 667
311 668
312 669
312 670
313 671
314 672
314 673
315 674
316 675
316 676
317 677
317 678
317 679
318 680
319 681
319 682
320 683
320 684
320 685
321 686
321 687
322 688
322 689
323 690
323 691
324 692
325 693
325 694
326 695
327 696
327 697
328 698
329 699
329 700
330 701
330 702
330 703
331 704
332 705
332 706
333 707
333 708
333 709
334 710
334 711
335 712
335 713
336 714
336 715
337 716
337 717
338 718
338 719
339 720
339 721
340 722
341 723
341 724
341 725
342 726
342 727
343 728
343 729
344 730
344 731
345 732
345 733
346 734
347 735
347 736
348 737
348 738
349 739
349 740
349 741
350 742
350 743
351 744
351 745
352 746
352 747
353 748
353 749
353 750
354 751
354 752
354 753
355 754
356 755
356 756
356 757
357 758
357 759
358 760
359 761
359 762
360 763
360 764
360 765
361 766
362 767
362 768
363 769
363 770
363 771
364 772
365 773
365 774
366 775
366 776
367 777
367 778
368 779
368 780
369 781
369 782
370 783
370 784
371 785
371 786
371 787
371 788
372 789
372 790
373 791
373 792
373 793
374 794
374 795
375 796
375 797
376 798
377 799
377 800
378 801
378 802
378 803
379 804
380 805
380 806
381 807
381 808
382 809
382 810
383 811
383 812
384 813
384 814
384 815
385 816
385 817
386 818
386 819
386 820
386 821
387 822
387 823
388 824
388 825
389 826
390 827
390 828
390 829
391 830
391 831
391 832
392 833
392 834
393 835
393 836
394 837
394 838
395 839
395 840
396 841
396 842
397 843
397 844
398 845
399 846
399 847
400 848
400 849
400 850
401 851
401 852
402 853
402 854
403 855
403 856
404 857
405 858
405 859
405 860
406 861
406 862
407 863
408 864
409 865
409 866
409 867
410 868
410 869
411 870
411 871
412 872
412 873
412 874
413 875
413 876
414 877
414 878
415 879
415 880
416 881
416 882
417 883
417 884
418 885
418 886
419 887
419 888
420 889
421 890
421 891
422 892
422 893
422 894
423 895
424 896
424 897
425 898
425 899
425 900
426 901
426 902
427 903
427 904
428 905
428 906
429 907
429 908
430 909
431 910
431 911
431 912
432 913
432 914
433 915
434 916
434 917
435 918
436 919
436 920
437 921
437 922
438 923
439 924
439 925
439 926
440 927
440 928
441 929
441 930
442 931
443 932
443 933
444 934
445 935
445 936
446 937
446 938
447 939
448 940
449 941
449 942
449 943
450 944
451 945
451 946
452 947
452 948
453 949
453 950
453 951
454 952
454 953
454 954
455 955
455 956
455 957
456 958
457 959
457 960
457 961
458 962
458 963
459 964
459 965
460 966
460 967
461 968
461 969
462 970
462 971
463 972
463 973
464 974
464 975
465 976
465 977
465 978
466 979
466 980
467 981
468 982
468 983
469 984
469 985
469 986
470 987
470 988
471 989
471 990
472 991
473 992
473 993
474 994
474 995
475 996
476 997
476 998
477 999
477 1000
477 1001
477 1002
478 1003
478 1004
479 1005
479 1006
480 1007
480 1008
480 1009
481 1010
481 1011
482 1012
483 1013
483 1014
483 1015
484 1016
484 1017
485 1018
485 1019
486 1020
486 1021
487 1022
487 1023
488 1024
488 1025
489 1026
489 1027
490 1028
490 1029
491 1030
491 1031
492 1032
492 1033
493 1034
493 1035
494 1036
494 1037
495 1038
495 1039
496 1040
496 1041
497 1042
498 1043
498 1044
498 1045
499 1046
499 1047
500 1048
501 1049
501 1050
502 1051
502 1052
503 1053
503 1054
504 1055
504 1056
505 1057
505 1058
506 1059
506 1060
506 1061
506 1062
507 1063
507 1064
508 1065
508 1066
509 1067
509 1068
510 1069
510 1070
511 1071
511 1072
512 1073
512 1074
513 1075
514 1076
514 1077
514 1078
515 1079
516 1080
516 1081
517 1082
517 1083
518 1084
518 1085
519 1086
519 1087
520 1088
521 1089
521 1090
522 1091
522 1092
523 1093
523 1094
524 1095
524 1096
525 1097
525 1098
526 1099
526 1100
527 1101
527 1102
528 1103
528 1104
528 1105
529 1106
529 1107
530 1108
530 1109
531 1110
531 1111
532 1112
532 1113
533 1114
533 1115
534 1116
535 1117
535 1118
535 1119
536 1120
537 1121
537 1122
538 1123
539 1124
539 1125
540 1126
540 1127
541 1128
541 1129
542 1130
542 1131
543 1132
543 1133
544 1134
544 1135
545 1136
545 1137
546 1138
547 1139
547 1140
548 1141
548 1142
549 1143
550 1144
550 1145
551 1146
551 1147
552 1148
552 1149
553 1150
554 1151
554 1152
555 1153
555 1154
556 1155
556 1156
557 1157
557 1158
558 1159
559 1160
559 1161
560 1162
560 1163
561 1164
561 1165
562 1166
562 1167
563 1168
563 1169
564 1170
564 1171
564 1172
565 1173
565 1174
566 1175
566 1176
566 1177
567 1178
567 1179
568 1180
568 1181
569 1182
569 1183
570 1184
570 1185
571 1186
571 1187
572 1188
572 1189
572 1190
573 1191
573 1192
573 1193
574 1194
575 1195
575 1196
576 1197
576 1198
576 1199
577 1200
578 1201
578 1202
579 1203
579 1204
580 1205
580 1206
581 1207
581 1208
582 1209
582 1210
582 1211
583 1212
584 1213
584 1214
585 1215
585 1216
586 1217
587 1218
587 1219
587 1220
588 1221
588 1222
589 1223
589 1224
589 1225
590 1226
590 1227
591 1228
591 1229
592 1230
593 1231
593 1232
594 1233
594 1234
595 1235
596 1236
596 1237
596 1238
597 1239
597 1240
598 1241
598 1242
599 1243
599 1244
600 1245
601 1246
601 1247
601 1248
602 1249
603 1250
603 1251
603 1252
604 1253
604 1254
605 1255
605 1256
606 1257
606 1258
607 1259
607 1260
608 1261
608 1262
609 1263
609 1264
610 1265
610 1266
611 1267
611 1268
612 1269
612 1270
613 1271
613 1272
614 1273
614 1274
614 1275
615 1276
616 1277
616 1278
617 1279
618 1280
618 1281
619 1282
619 1283
619 1284
620 1285
620 1286
621 1287
621 1288
622 1289
623 1290
623 1291
624 1292
624 1293
624 1294
625 1295
625 1296
626 1297
626 1298
626 1299
627 1300
627 1301
628 1302
628 1303
629 1304
630 1305
630 1306
631 1307
631 1308
632 1309
632 1310
633 1311
633 1312
634 1313
634 1314
635 1315
636 1316
636 1317
636 1318
637 1319
637 1320
638 1321
638 1322
639 1323
639 1324
640 1325
640 1326
641 1327
641 1328
641 1329
642 1330
643 1331
643 1332
643 1333
644 1334
645 1335
645 1336
646 1337
647 1338
647 1339
648 1340
648 1341
649 1342
649 1343
650 1344
650 1345
651 1346
651 1347
652 1348
652 1349
652 1350
653 1351
653 1352
654 1353
655 1354
655 1355
655 1356
656 1357
656 1358
656 1359
657 1360
657 1361
658 1362
658 1363
659 1364
659 1365
660 1366
661 1367
661 1368
662 1369
663 1370
663 1371
664 1372
664 1373
665 1374
665 1375
666 1376
667 1377
667 1378
667 1379
668 1380
668 1381
669 1382
670 1383
671 1384
671 1385
672 1386
672 1387
673 1388
673 1389
674 1390
674 1391
674 1392
675 1393
675 1394
676 1395
676 1396
677 1397
677 1398
678 1399
678 1400
679 1401
680 1402
680 1403
681 1404
681 1405
682 1406
682 1407
683 1408
683 1409
684 1410
684 1411
684 1412
685 1413
685 1414
686 1415
686 1416
687 1417
688 1418
688 1419
689 1420
690 1421
690 1422
690 1423
691 1424
691 1425
692 1426
692 1427
693 1428
694 1429
694 1430
695 1431
695 1432
696 1433
696 1434
697 1435
697 1436
698 1437
698 1438
698 1439
699 1440
700 1441
700 1442
700 1443
701 1444
701 1445
702 1446
703 1447
703 1448
704 1449
704 1450
705 1451
705 1452
706 1453
707 1454
707 1455
707 1456
708 1457
709 1458
709 1459
710 1460
710 1461
711 1462
711 1463
712 1464
712 1465
713 1466
713 1467
713 1468
714 1469
715 1470
715 1471
716 1472
716 1473
717 1474
717 1475
718 1476
719 1477
719 1478
720 1479
721 1480
721 1481
722 1482
722 1483
723 1484
723 1485
724 1486
724 1487
725 1488
725 1489
726 1490
726 1491
727 1492
727 1493
728 1494
729 1495
729 1496
729 1497
730 1498
730 1499
731 1500
731 1501
732 1502
732 1503
733 1504
733 1505
734 1506
734 1507
735 1508
735 1509
736 1510
736 1511
736 1512
737 1513
737 1514
737 1515
738 1516
739 1517
740 1518
740 1519
741 1520
741 1521
742 1522
742 1523
742 1524
743 1525
744 1526
744 1527
745 1528
745 1529
746 1530
746 1531
747 1532
748 1533
748 1534
748 1535
749 1536
750 1537
750 1538
751 1539
751 1540
752 1541
753 1542
753 1543
753 1544
754 1545
754 1546
755 1547
756 1548
756 1549
757 1550
757 1551
758 1552
758 1553
759 1554
759 1555
760 1556
760 1557
760 1558
761 1559
762 1560
762 1561
762 1562
763 1563
763 1564
764 1565
764 1566
764 1567
765 1568
765 1569
766 1570
766 1571
767 1572
767 1573
768 1574
768 1575
769 1576
769 1577
770 1578
771 1579
771 1580
772 1581
772 1582
773 1583
774 1584
774 1585
774 1586
775 1587
776 1588
776 1589
776 1590
777 1591
777 1592
778 1593
779 1594
779 1595
779 1596
780 1597
781 1598
782 1599
782 1600
782 1601
783 1602
783 1603
784 1604
784 1605
785 1606
785 1607
785 1608
786 1609
786 1610
787 1611
787 1612
787 1613
788 1614
788 1615
789 1616
789 1617
790 1618
790 1619
791 1620
792 1621
792 1622
793 1623
793 1624
794 1625
794 1626
795 1627
795 1628
796 1629
796 1630
796 1631
797 1632
798 1633
798 1634
799 1635
799 1636
799 1637
800 1638
800 1639
801 1640
802 1641
802 1642
803 1643
803 1644
804 1645
804 1646
804 1647
805 1648
805 1649
806 1650
806 1651
807 1652
807 1653
808 1654
808 1655
809 1656
809 1657
810 1658
810 1659
811 1660
812 1661
812 1662
812 1663
813 1664
813 1665
814 1666
815 1667
815 1668
816 1669
816 1670
817 1671
817 1672
818 1673
819 1674
819 1675
820 1676
820 1677
821 1678
821 1679
822 1680
823 1681
823 1682
824 1683
824 1684
824 1685
825 1686
826 1687
826 1688
827 1689
827 1690
828 1691
828 1692
829 1693
830 1694
830 1695
831 1696
831 1697
831 1698
832 1699
833 1700
833 1701
834 1702
834 1703
835 1704
836 1705
836 1706
837 1707
837 1708
838 1709
838 1710
839 1711
839 1712
839 1713
840 1714
840 1715
841 1716
841 1717
842 1718
842 1719
843 1720
844 1721
844 1722
844 1723
844 1724
845 1725
845 1726
846 1727
846 1728
846 1729
847 1730
847 1731
848 1732
848 1733
849 1734
850 1735
851 1736
851 1737
852 1738
852 1739
853 1740
854 1741
854 1742
855 1743
855 1744
856 1745
856 1746
857 1747
858 1748
858 1749
859 1750
860 1751
860 1752
861 1753
861 1754
862 1755
863 1756
863 1757
864 1758
864 1759
865 1760
866 1761
866 1762
867 1763
868 1764
868 1765
869 1766
870 1767
870 1768
871 1769
871 1770
872 1771
872 1772
872 1773
873 1774
873 1775
874 1776
874 1777
875 1778
875 1779
876 1780
876 1781
876 1782
877 1783
877 1784
878 1785
878 1786
879 1787
879 1788
880 1789
881 1790
881 1791
881 1792
882 1793
883 1794
883 1795
884 1796
884 1797
885 1798
885 1799
885 1800
886 1801
886 1802
887 1803
887 1804
888 1805
888 1806
889 1807
889 1808
889 1809
890 1810
891 1811
891 1812
892 1813
892 1814
893 1815
893 1816
894 1817
894 1818
894 1819
895 1820
896 1821
897 1822
897 1823
898 1824
898 1825
899 1826
899 1827
900 1828
900 1829
900 1830
901 1831
902 1832
902 1833
903 1834
904 1835
904 1836
905 1837
905 1838
906 1839
906 1840
907 1841
907 1842
908 1843
908 1844
909 1845
909 1846
909 1847
910 1848
910 1849
910 1850
911 1851
911 1852
912 1853
912 1854
913 1855
914 1856
914 1857
914 1858
915 1859
915 1860
916 1861
916 1862
917 1863
917 1864
917 1865
918 1866
919 1867
920 1868
920 1869
921 1870
921 1871
922 1872
922 1873
923 1874
923 1875
924 1876
924 1877
924 1878
925 1879
925 1880
926 1881
926 1882
926 1883
927 1884
927 1885
928 1886
928 1887
928 1888
929 1889
930 1890
930 1891
931 1892
932 1893
932 1894
933 1895
933 1896
934 1897
934 1898
935 1899
935 1900
935 1901
936 1902
936 1903
937 1904
937 1905
938 1906
939 1907
939 1908
940 1909
940 1910
941 1911
941 1912
942 1913
942 1914
943 1915
944 1916
944 1917
945 1918
945 1919
946 1920
946 1921
947 1922
947 1923
948 1924
948 1925
948 1926
949 1927
949 1928
950 1929
950 1930
951 1931
951 1932
951 1933
952 1934
952 1935
953 1936
954 1937
954 1938
955 1939
955 1940
956 1941
957 1942
957 1943
958 1944
959 1945
959 1946
960 1947
960 1948
960 1949
961 1950
961 1951
962 1952
962 1953
963 1954
963 1955
964 1956
964 1957
964 1958
965 1959
965 1960
965 1961
966 1962
966 1963
967 1964
967 1965
968 1966
968 1967
968 1968
969 1969
970 1970
970 1971
971 1972
971 1973
972 1974
972 1975
973 1976
973 1977
974 1978
974 1979
975 1980
975 1981
975 1982
976 1983
976 1984
976 1985
977 1986
978 1987
978 1988
979 1989
979 1990
980 1991
980 1992
981 1993
982 1994
982 1995
982 1996
983 1997
983 1998
983 1999
984 2000
984 2001
985 2002
985 2003
986 2004
986 2005
987 2006
988 2007
988 2008
989 2009
989 2010
989 2011
990 2012
990 2013
991 2014
991 2015
992 2016
993 2017
993 2018
994 2019
994 2020
995 2021
996 2022
996 2023
996 2024
997 2025
997 2026
998 2027
999 2028
999 2029
1000 2030
1000 2031
1001 2032
1001 2033
1002 2034
1002 2035
1003 2036
1004 2037
1004 2038
1004 2039
1005 2040
1005 2041
1006 2042
1006 2043
1007 2044
1007 2045
1008 2046
1008 2047
1009 2048
1010 2049
1010 2050
1011 2051
1012 2052
1012 2053
1012 2054
1013 2055
1013 2056
1014 2057
1014 2058
1015 2059
1016 2060
1016 2061
1017 2062
1018 2063
1018 2064
1019 2065
1019 2066
1020 2067
1020 2068
1021 2069
1021 2070
1022 2071
1022 2072
1023 2073
1023 2074
1024 2075
1024 2076
1025 2077
1026 2078
1026 2079
1026 2080
1027 2081
1028 2082
1029 2083
1029 2084
1030 2085
1030 2086
1031 2087
1032 2088
1032 2089
1033 2090
1033 2091
1034 2092
1034 2093
1035 2094
1035 2095
1036 2096
1036 2097
1037 2098
1037 2099
1037 2100
1038 2101
1039 2102
1039 2103
1040 2104
1040 2105
1040 2106
1041 2107
1041 2108
1041 2109
1042 2110
1042 2111
1043 2112
1043 2113
1044 2114
1044 2115
1045 2116
1045 2117
1046 2118
1046 2119
1047 2120
1047 2121
1048 2122
1049 2123
1050 2124
1050 2125
1051 2126
1051 2127
1051 2128
1052 2129
1052 2130
1053 2131
1053 2132
1054 2133
1054 2134
1054 2135
1055 2136
1055 2137
1055 2138
1056 2139
1057 2140
1057 2141
1057 2142
1058 2143
1058 2144
1059 2145
1060 2146
1060 2147
1061 2148
1061 2149
1061 2150
1062 2151
1062 2152
1063 2153
1063 2154
1064 2155
1065 2156
1065 2157
1065 2158
1066 2159
1067 2160
1067 2161
1068 2162
1068 2163
1069 2164
1069 2165
1070 2166
1070 2167
1070 2168
1071 2169
1071 2170
1072 2171
1072 2172
1073 2173
1073 2174
1074 2175
1075 2176
1075 2177
1076 2178
1076 2179
1077 2180
1078 2181
1078 2182
1079 2183
1079 2184
1080 2185
1080 2186
1080 2187
1081 2188
1081 2189
1082 2190
1082 2191
1082 2192
1083 2193
1084 2194
1085 2195
1085 2196
1086 2197
1086 2198
1087 2199
1087 2200
1087 2201
1088 2202
1088 2203
1089 2204
1090 2205
1090 2206
1091 2207
1092 2208
1092 2209
1093 2210
1093 2211
1094 2212
1094 2213
1095 2214
1096 2215
1096 2216
1097 2217
1098 2218
1099 2219
1099 2220
1100 2221
1100 2222
1100 2223
1101 2224
1101 2225
1102 2226
1102 2227
1103 2228
1103 2229
1104 2230
1105 2231
1105 2232
1106 2233
1106 2234
1107 2235
1107 2236
1107 2237
1108 2238
1109 2239
1110 2240
1110 2241
1111 2242
1111 2243
1112 2244
1112 2245
1113 2246
1113 2247
1114 2248
1114 2249
1115 2250
1115 2251
1116 2252
1117 2253
1117 2254
1117 2255
1118 2256
1118 2257
1119 2258
1119 2259
1120 2260
1120 2261
1121 2262
1121 2263
1122 2264
1122 2265
1123 2266
1123 2267
1124 2268
1125 2269
1125 2270
1126 2271
1126 2272
1127 2273
1127 2274
1128 2275
1129 2276
1130 2277
1130 2278
1131 2279
1131 2280
1131 2281
1132 2282
1133 2283
1133 2284
1133 2285
1134 2286
1134 2287
1134 2288
1135 2289
1135 2290
1136 2291
1136 2292
1137 2293
1137 2294
1137 2295
1138 2296
1139 2297
1139 2298
1140 2299
1141 2300
1141 2301
1142 2302
1142 2303
1143 2304
1143 2305
1143 2306
1144 2307
1144 2308
1145 2309
1145 2310
1146 2311
1146 2312
1146 2313
1147 2314
1147 2315
1148 2316
1148 2317
1149 2318
1149 2319
1150 2320
1150 2321
1150 2322
1151 2323
1151 2324
1152 2325
1152 2326
1153 2327
1153 2328
1154 2329
1155 2330
1155 2331
1156 2332
1156 2333
1157 2334
1158 2335
1158 2336
1159 2337
1159 2338
1160 2339
1160 2340
1161 2341
1161 2342
1161 2343
1162 2344
1163 2345
1163 2346
1164 2347
1164 2348
1165 2349
1166 2350
1166 2351
1167 2352
1168 2353
1168 2354
1169 2355
1169 2356
1170 2357
1170 2358
1170 2359
1171 2360
1171 2361
1172 2362
1172 2363
1173 2364
1174 2365
1174 2366
1174 2367
1175 2368
1176 2369
1176 2370
1177 2371
1178 2372
1178 2373
1178 2374
1178 2375
1179 2376
1179 2377
1180 2378
1181 2379
1181 2380
1182 2381
1182 2382
1183 2383
1183 2384
1184 2385
1184 2386
1185 2387
1185 2388
1186 2389
1187 2390
1187 2391
1188 2392
1189 2393
1189 2394
1190 2395
1190 2396
1190 2397
1191 2398
1192 2399
1192 2400
1192 2401
1193 2402
1193 2403
1194 2404
1194 2405
1195 2406
1195 2407
1195 2408
1196 2409
1197 2410
1197 2411
1198 2412
1198 2413
1199 2414
1199 2415
1200 2416
1200 2417
1200 2418
1201 2419
1201 2420
1202 2421
1202 2422
1203 2423
1203 2424
1203 2425
1204 2426
1204 2427
1205 2428
1205 2429
1206 2430
1206 2431
1207 2432
1208 2433
1208 2434
1209 2435
1210 2436
1210 2437
1211 2438
1211 2439
1212 2440
1212 2441
1213 2442
1213 2443
1214 2444
1215 2445
1215 2446
1215 2447
1216 2448
1216 2449
1217 2450
1217 2451
1217 2452
1218 2453
1219 2454
1219 2455
1219 2456
1220 2457
1221 2458
1221 2459
1221 2460
1222 2461
1222 2462
1223 2463
1223 2464
1224 2465
1224 2466
1225 2467
1225 2468
1226 2469
1226 2470
1227 2471
1228 2472
1228 2473
1229 2474
1229 2475
1230 2476
1230 2477
1231 2478
1231 2479
1232 2480
1232 2481
1232 2482
1233 2483
1234 2484
1234 2485
1234 2486
1235 2487
1235 2488
1235 2489
1236 2490
1237 2491
1237 2492
1238 2493
1239 2494
1240 2495
1240 2496
1240 2497
1240 2498
1241 2499
1241 2500
1242 2501
1243 2502
1243 2503
1244 2504
1244 2505
1245 2506
1245 2507
1246 2508
1246 2509
1247 2510
1247 2511
1247 2512
1248 2513
1249 2514
1249 2515
1250 2516
1251 2517
1252 2518
1252 2519
1253 2520
1253 2521
1254 2522
1254 2523
1255 2524
1255 2525
1256 2526
1256 2527
1257 2528
1257 2529
1258 2530
1258 2531
1259 2532
1260 2533
1260 2534
1261 2535
1262 2536
1262 2537
1263 2538
1263 2539
1264 2540
1264 2541
1264 2542
1265 2543
1265 2544
1266 2545
1266 2546
1267 2547
1267 2548
1268 2549
1268 2550
1269 2551
1269 2552
1269 2553
1270 2554
1271 2555
1271 2556
1272 2557
1272 2558
1273 2559
1274 2560
1274 2561
1274 2562
1275 2563
1276 2564
1276 2565
1277 2566
1277 2567
1278 2568
1278 2569
1279 2570
1279 2571
1280 2572
1280 2573
1280 2574
1281 2575
1281 2576
1282 2577
1282 2578
1283 2579
1283 2580
1284 2581
1284 2582
1285 2583
1285 2584
1285 2585
1286 2586
1286 2587
1287 2588
1287 2589
1287 2590
1288 2591
1288 2592
1289 2593
1289 2594
1290 2595
1290 2596
1291 2597
1291 2598
1292 2599
1292 2600
1293 2601
1294 2602
1294 2603
1295 2604
1295 2605
1296 2606
1297 2607
1297 2608
1298 2609
1298 2610
1299 2611
1299 2612
1300 2613
1300 2614
1301 2615
1301 2616
1302 2617
1302 2618
1303 2619
1303 2620
1303 2621
1304 2622
1304 2623
1305 2624
1305 2625
1305 2626
1306 2627
1307 2628
1307 2629
1308 2630
1308 2631
1308 2632
1309 2633
1309 2634
1310 2635
1310 2636
1310 2637
1311 2638
1311 2639
1312 2640
1312 2641
1313 2642
1313 2643
1314 2644
1314 2645
1315 2646
1315 2647
1316 2648
1316 2649
1317 2650
1317 2651
1318 2652
1318 2653
1319 2654
1320 2655
1320 2656
1320 2657
1321 2658
1321 2659
1322 2660
1322 2661
1323 2662
1323 2663
1323 2664
1324 2665
1324 2666
1325 2667
1325 2668
1326 2669
1326 2670
1326 2671
1327 2672
1328 2673
1328 2674
1329 2675
1330 2676
1330 2677
1330 2678
1330 2679
1331 2680
1331 2681
1332 2682
1332 2683
1332 2684
1333 2685
1333 2686
1333 2687
1334 2688
1334 2689
1334 2690
1335 2691
1335 2692
1335 2693
1336 2694
1336 2695
1337 2696
1338 2697
1338 2698
1339 2699
1339 2700
1339 2701
1340 2702
1340 2703
1341 2704
1341 2705
1342 2706
1342 2707
1342 2708
1343 2709
1343 2710
1344 2711
1344 2712
1345 2713
1345 2714
1346 2715
1346 2716
1347 2717
1348 2718
1348 2719
1348 2720
1349 2721
1349 2722
1349 2723
1350 2724
1351 2725
1352 2726
1352 2727
1353 2728
1353 2729
1353 2730
1354 2731
1354 2732
1355 2733
1355 2734
1356 2735
1356 2736
1357 2737
1357 2738
1358 2739
1359 2740
1359 2741
1360 2742
1360 2743
1361 2744
1361 2745
1362 2746
1362 2747
1363 2748
1363 2749
1364 2750
1364 2751
1365 2752
1365 2753
1365 2754
1366 2755
1367 2756
1367 2757
1368 2758
1368 2759
1368 2760
1369 2761
1369 2762
1370 2763
1370 2764
1370 2765
1371 2766
1371 2767
1372 2768
1372 2769
1373 2770
1374 2771
1374 2772
1374 2773
1375 2774
1375 2775
1376 2776
1377 2777
1377 2778
1378 2779
1378 2780
1379 2781
1380 2782
1380 2783
1381 2784
1381 2785
1382 2786
1382 2787
1383 2788
1383 2789
1384 2790
1384 2791
1385 2792
1385 2793
1386 2794
1386 2795
1387 2796
1388 2797
1389 2798
1389 2799
1390 2800
1390 2801
1390 2802
1391 2803
1391 2804
1392 2805
1392 2806
1392 2807
1393 2808
1393 2809
1394 2810
1394 2811
1395 2812
1395 2813
1395 2814
1396 2815
1396 2816
1397 2817
1397 2818
1398 2819
1398 2820
1398 2821
1399 2822
1399 2823
1400 2824
1400 2825
1401 2826
1401 2827
1402 2828
1402 2829
1403 2830
1403 2831
1403 2832
1404 2833
1404 2834
1405 2835
1405 2836
1406 2837
1406 2838
1407 2839
1408 2840
1408 2841
1408 2842
1409 2843
1409 2844
1410 2845
1411 2846
1411 2847
1412 2848
1412 2849
1413 2850
1413 2851
1413 2852
1414 2853
1414 2854
1415 2855
1416 2856
1416 2857
1417 2858
1417 2859
1418 2860
1418 2861
1418 2862
1419 2863
1419 2864
1420 2865
1421 2866
1421 2867
1422 2868
1422 2869
1423 2870
1424 2871
1424 2872
1424 2873
1425 2874
1425 2875
1426 2876
1427 2877
1427 2878
1428 2879
1428 2880
1429 2881
1429 2882
1429 2883
1430 2884
1430 2885
1431 2886
1431 2887
1432 2888
1432 2889
1432 2890
1433 2891
1434 2892
1434 2893
1435 2894
1435 2895
1436 2896
1437 2897
1437 2898
1437 2899
1438 2900
1438 2901
1438 2902
1439 2903
1439 2904
1440 2905
1440 2906
1441 2907
1441 2908
1442 2909
1442 2910
1442 2911
1443 2912
1444 2913
1444 2914
1445 2915
1446 2916
1446 2917
1446 2918
1447 2919
1447 2920
1447 2921
1448 2922
1449 2923
1449 2924
1449 2925
1450 2926
1451 2927
1451 2928
1451 2929
1452 2930
1453 2931
1453 2932
1454 2933
1454 2934
1454 2935
1455 2936
1455 2937
1456 2938
1456 2939
1457 2940
1457 2941
1458 2942
1458 2943
1459 2944
1459 2945
1459 2946
1460 2947
1461 2948
1461 2949
1462 2950
1462 2951
1463 2952
1464 2953
1464 2954
1465 2955
1466 2956
1466 2957
1467 2958
1467 2959
1468 2960
1468 2961
1469 2962
1469 2963
1470 2964
1471 2965
1471 2966
1471 2967
1472 2968
1472 2969
1472 2970
1473 2971
1473 2972
1474 2973
1474 2974
1475 2975
1475 2976
1476 2977
1477 2978
1477 2979
1478 2980
1479 2981
1479 2982
1480 2983
1480 2984
1480 2985
1481 2986
1481 2987
1481 2988
1482 2989
1482 2990
1483 2991
1483 2992
1483 2993
1484 2994
1484 2995
1485 2996
1485 2997
1485 2998
1486 2999
1486 3000
1487 3001
1487 3002
1488 3003
1488 3004
1489 3005
1489 3006
1490 3007
1490 3008
1490 3009
1491 3010
1492 3011
1492 3012
1493 3013
1494 3014
1494 3015
1495 3016
1495 3017
1496 3018
1496 3019
1497 3020
1497 3021
1497 3022
1498 3023
1498 3024
1499 3025
1499 3026
1500 3027
1500 3028
1500 3029
1501 3030
1501 3031
1502 3032
1502 3033
1503 3034
1504 3035
1504 3036
1504 3037
1505 3038
1505 3039
1506 3040
1507 3041
1508 3042
1508 3043
1508 3044
1509 3045
1509 3046
1510 3047
1510 3048
1510 3049
1511 3050
1511 3051
1512 3052
1512 3053
1512 3054
1513 3055
1513 3056
1514 3057
1514 3058
1514 3059
1515 3060
1516 3061
1516 3062
1517 3063
1517 3064
1517 3065
1518 3066
1518 3067
1519 3068
1519 3069
1520 3070
1520 3071
1521 3072
1522 3073
1522 3074
1523 3075
1523 3076
1524 3077
1524 3078
1525 3079
1525 3080
1526 3081
1527 3082
1527 3083
1528 3084
1528 3085
1528 3086
1529 3087
1529 3088
1529 3089
1530 3090
1531 3091
1531 3092
1532 3093
1532 3094
1533 3095
1533 3096
1534 3097
1534 3098
1535 3099
1535 3100
1536 3101
1536 3102
1537 3103
1537 3104
1538 3105
1539 3106
1539 3107
1540 3108
1540 3109
1541 3110
1541 3111
1542 3112
1543 3113
1544 3114
1544 3115
1544 3116
1545 3117
1545 3118
1546 3119
1546 3120
1547 3121
1547 3122
1547 3123
1548 3124
1548 3125
1548 3126
1549 3127
1549 3128
1550 3129
1550 3130
1551 3131
1551 3132
1551 3133
1552 3134
1552 3135
1552 3136
1553 3137
1554 3138
1554 3139
1555 3140
1555 3141
1555 3142
1556 3143
1556 3144
1557 3145
1557 3146
1558 3147
1558 3148
1558 3149
1559 3150
1559 3151
1560 3152
1560 3153
1561 3154
1562 3155
1563 3156
1563 3157
1564 3158
1564 3159
1565 3160
1566 3161
1566 3162
1566 3163
1567 3164
1567 3165
1568 3166
1568 3167
1569 3168
1570 3169
1570 3170
1571 3171
1572 3172
1572 3173
1573 3174
1573 3175
1573 3176
1574 3177
1574 3178
1575 3179
1575 3180
1575 3181
1576 3182
1576 3183
1577 3184
1577 3185
1578 3186
1578 3187
1578 3188
1579 3189
1579 3190
1580 3191
1580 3192
1581 3193
1582 3194
1582 3195
1582 3196
1583 3197
1583 3198
1584 3199
1584 3200
1585 3201
1585 3202
1586 3203
1587 3204
1587 3205
1588 3206
1588 3207
1589 3208
1589 3209
1589 3210
1590 3211
1590 3212
1591 3213
1591 3214
1592 3215
1592 3216
1593 3217
1593 3218
1593 3219
1594 3220
1595 3221
1595 3222
1596 3223
1596 3224
1597 3225
1597 3226
1598 3227
1598 3228
1599 3229
1599 3230
1599 3231
1600 3232
1600 3233
1601 3234
1602 3235
1602 3236
1603 3237
1603 3238
1604 3239
1604 3240
1604 3241
1605 3242
1605 3243
1606 3244
1606 3245
1607 3246
1607 3247
1608 3248
1608 3249
1608 3250
1609 3251
1609 3252
1610 3253
1610 3254
1611 3255
1611 3256
1612 3257
1612 3258
1613 3259
1614 3260
1614 3261
1615 3262
1615 3263
1616 3264
1616 3265
1616 3266
1617 3267
1617 3268
1618 3269
1618 3270
1619 3271
1620 3272
1621 3273
1622 3274
1623 3275
1624 3276
1625 3277
1626 3278
1627 3279
1628 3280
1629 3281
1630 3282
1631 3283
1632 3284
1633 3285
1634 3286
1635 3287
1636 3288
1637 3289
1638 3290
1639 3291
1640 3292
1641 3293
1642 3294
1643 3295
1644 3296
1645 3297
1646 3298
1647 3299
1648 3300
1649 3301
1650 3302
1651 3303
1652 3304
1653 3305
1654 3306
1655 3307
1656 3308
1657 3309
1658 3310
1659 3311
1660 3312
1661 3313
1662 3314
1663 3315
1664 3316
1665 3317
1666 3318
1667 3319
1668 3320
1669 3321
1670 3322
1671 3323
1672 3324
1673 3325
1674 3326
1675 3327
1676 3328
1677 3329
1678 3330
1679 3331
1680 3332
1681 3333
1682 3334
1683 3334
1684 3335
1685 3335
1686 3336
1687 3336
1688 3337
1689 3338
1690 3338
1691 3339
1692 3339
1693 3339
1694 3340
1695 3341
1696 3341
1697 3342
1698 3342
1699 3342
1700 3343
1701 3343
1702 3344
1703 3344
1704 3345
1705 3345
1706 3346
1707 3346
1708 3347
1709 3347
1710 3348
1711 3348
1712 3349
1713 3349
1714 3350
1715 3351
1716 3351
1717 3352
1718 3352
1719 3353
1720 3353
1721 3354
1722 3354
1723 3355
1724 3355
1725 3355
1726 3356
1727 3356
1728 3357
1729 3358
1730 3358
1731 3358
1732 3359
1733 3359
1734 3360
1735 3360
1736 3361
1737 3361
1738 3362
1739 3362
1740 3362
1741 3363
1742 3364
1743 3365
1744 3365
1745 3366
1746 3366
1747 3366
1748 3367
1749 3367
1750 3368
1751 3368
1752 3369
1753 3369
1754 3369
1755 3370
1756 3370
1757 3371
1758 3371
1759 3372
1760 3372
1761 3372
1762 3373
1763 3373
1764 3374
1765 3374
1766 3375
1767 3375
1768 3376
1769 3376
1770 3377
1771 3377
1772 3378
1773 3379
1774 3380
1775 3380
1776 3380
1777 3381
1778 3382
1779 3382
1780 3383
1781 3383
1782 3384
1783 3384
1784 3384
1785 3385
1786 3386
1787 3387
1788 3387
1789 3387
1790 3388
1791 3389
1792 3389
1793 3390
1794 3390
1795 3391
1796 3391
1797 3392
1798 3392
1799 3392
1800 3393
1801 3393
1802 3394
1803 3394
1804 3395
1805 3396
1806 3397
1807 3397
1808 3398
1809 3398
1810 3399
1811 3399
1812 3400
1813 3401
1814 3401
1815 3401
1816 3402
1817 3403
1818 3403
1819 3404
1820 3404
1821 3405
1822 3405
1823 3406
1824 3406
1825 3407
1826 3408
1827 3408
1828 3409
1829 3409
1830 3410
1831 3410
1832 3410
1833 3411
1834 3411
1835 3412
1836 3413
1837 3413
1838 3414
1839 3414
1840 3415
1841 3416
1842 3416
1843 3417
1844 3418
1845 3418
1846 3419
1847 3419
1848 3420
1849 3421
1850 3421
1851 3422
1852 3423
1853 3423
1854 3423
1855 3424
1856 3425
1857 3425
1858 3426
1859 3426
1860 3427
1861 3428
1862 3429
1863 3429
1864 3430
1865 3431
1866 3432
1867 3432
1868 3433
1869 3434
1870 3434
1871 3435
1872 3435
1873 3436
1874 3437
1875 3437
1876 3438
1877 3438
1878 3439
1879 3439
1880 3439
1881 3440
1882 3440
1883 3441
1884 3441
1885 3441
1886 3442
1887 3442
1888 3443
1889 3443
1890 3443
1891 3444
1892 3445
1893 3445
1894 3445
1895 3446
1896 3446
1897 3447
1898 3447
1899 3447
1900 3448
1901 3448
1902 3449
1903 3449
1904 3450
1905 3450
1906 3451
1907 3451
1908 3451
1909 3452
1910 3452
1911 3453
1912 3454
1913 3454
1914 3455
1915 3455
1916 3455
1917 3456
1918 3456
1919 3457
1920 3457
1921 3457
1922 3458
1923 3458
1924 3458
1925 3459
1926 3460
1927 3460
1928 3461
1929 3462
1930 3462
1931 3463
1932 3463
1933 3463
1934 3464
1935 3464
1936 3465
1937 3465
1938 3466
1939 3467
1940 3467
1941 3467
1942 3468
1943 3469
1944 3469
1945 3470
1946 3470
1947 3470
1948 3471
1949 3471
1950 3472
1951 3472
1952 3473
1953 3473
1954 3474
1955 3474
1956 3475
1957 3475
1958 3476
1959 3476
1960 3476
1961 3477
1962 3477
1963 3477
1964 3478
1965 3478
1966 3478
1967 3479
1968 3479
1969 3480
1970 3481
1971 3481
1972 3482
1973 3483
1974 3483
1975 3484
1976 3484
1977 3485
1978 3485
1979 3485
1980 3486
1981 3487
1982 3487
1983 3488
1984 3488
1985 3488
1986 3489
1987 3489
1988 3490
1989 3490
1990 3491
1991 3492
1992 3492
1993 3492
1994 3493
1995 3494
1996 3494
1997 3495
1998 3495
1999 3496
2000 3496
2001 3496
2002 3497
2003 3498
2004 3498
2005 3498
2006 3499
2007 3499
2008 3500
2009 3500
2010 3501
2011 3501
2012 3501
2013 3502
2014 3502
2015 3503
2016 3503
2017 3504
2018 3505
2019 3505
2020 3506
2021 3506
2022 3506
2023 3507
2024 3507
2025 3508
2026 3508
2027 3509
2028 3509
2029 3509
2030 3510
2031 3510
2032 3511
2033 3511
2034 3512
2035 3513
2036 3513
2037 3513
2038 3514
2039 3514
2040 3515
2041 3516
2042 3516
2043 3516
2044 3517
2045 3518
2046 3518
2047 3519
2048 3519
2049 3519
2050 3520
2051 3520
2052 3520
2053 3521
2054 3521
2055 3521
2056 3522
2057 3523
2058 3523
2059 3523
2060 3524
2061 3524
2062 3525
2063 3525
2064 3525
2065 3526
2066 3526
2067 3526
2068 3527
2069 3528
2070 3528
2071 3529
2072 3529
2073 3530
2074 3530
2075 3531
2076 3531
2077 3532
2078 3532
2079 3533
2080 3533
2081 3534
2082 3534
2083 3535
2084 3535
2085 3536
2086 3536
2087 3537
2088 3537
2089 3537
2090 3538
2091 3538
2092 3539
2093 3539
2094 3540
2095 3540
2096 3541
2097 3541
2098 3542
2099 3542
2100 3543
2101 3543
2102 3543
2103 3544
2104 3544
2105 3545
2106 3545
2107 3546
2108 3546
2109 3547
2110 3547
2111 3548
2112 3548
2113 3548
2114 3549
2115 3550
2116 3550
2117 3551
2118 3551
2119 3551
2120 3552
2121 3552
2122 3553
2123 3553
2124 3554
2125 3554
2126 3555
2127 3556
2128 3556
2129 3556
2130 3557
2131 3557
2132 3558
2133 3558
2134 3559
2135 3560
2136 3560
2137 3561
2138 3561
2139 3562
2140 3562
2141 3562
2142 3563
2143 3563
2144 3564
2145 3564
2146 3565
2147 3565
2148 3566
2149 3566
2150 3567
2151 3567
2152 3568
2153 3569
2154 3569
2155 3570
2156 3570
2157 3571
2158 3571
2159 3572
2160 3572
2161 3573
2162 3573
2163 3573
2164 3574
2165 3574
2166 3575
2167 3575
2168 3576
2169 3576
2170 3576
2171 3577
2172 3577
2173 3578
2174 3578
2175 3579
2176 3580
2177 3580
2178 3581
2179 3581
2180 3582
2181 3582
2182 3583
2183 3583
2184 3583
2185 3584
2186 3584
2187 3585
2188 3586
2189 3586
2190 3587
2191 3588
2192 3588
2193 3589
2194 3589
2195 3589
2196 3590
2197 3590
2198 3591
2199 3592
2200 3592
2201 3593
2202 3593
2203 3594
2204 3594
2205 3595
2206 3596
2207 3597
2208 3597
2209 3598
2210 3599
2211 3599
2212 3599
2213 3600
2214 3600
2215 3601
2216 3602
2217 3602
2218 3603
2219 3603
2220 3604
2221 3605
2222 3605
2223 3606
2224 3606
2225 3606
2226 3607
2227 3607
2228 3608
2229 3608
2230 3609
2231 3609
2232 3610
2233 3610
2234 3611
2235 3611
2236 3612
2237 3612
2238 3613
2239 3613
2240 3614
2241 3615
2242 3615
2243 3615
2244 3616
2245 3617
2246 3617
2247 3617
2248 3618
2249 3618
2250 3619
2251 3619
2252 3620
2253 3620
2254 3621
2255 3621
2256 3622
2257 3622
2258 3622
2259 3623
2260 3623
2261 3624
2262 3624
2263 3625
2264 3626
2265 3627
2266 3627
2267 3627
2268 3628
2269 3628
2270 3629
2271 3629
2272 3630
2273 3631
2274 3631
2275 3632
2276 3633
2277 3633
2278 3634
2279 3634
2280 3635
2281 3635
2282 3635
2283 3636
2284 3636
2285 3636
2286 3637
2287 3637
2288 3638
2289 3638
2290 3638
2291 3639
2292 3639
2293 3640
2294 3640
2295 3640
2296 3641
2297 3641
2298 3642
2299 3642
2300 3643
2301 3643
2302 3644
2303 3644
2304 3645
2305 3645
2306 3646
2307 3647
2308 3647
2309 3648
2310 3648
2311 3649
2312 3650
2313 3650
2314 3651
2315 3651
2316 3651
2317 3652
2318 3653
2319 3653
2320 3654
2321 3654
2322 3655
2323 3656
2324 3656
2325 3656
2326 3657
2327 3657
2328 3658
2329 3658
2330 3659
2331 3659
2332 3659
2333 3660
2334 3660
2335 3661
2336 3661
2337 3662
2338 3662
2339 3663
2340 3663
2341 3664
2342 3664
2343 3665
2344 3665
2345 3666
2346 3666
2347 3667
2348 3667
2349 3667
2350 3668
2351 3668
2352 3668
2353 3669
2354 3670
2355 3670
2356 3671
2357 3671
2358 3671
2359 3672
2360 3673
2361 3673
2362 3674
2363 3674
2364 3675
2365 3675
2366 3676
2367 3676
2368 3677
2369 3677
2370 3678
2371 3679
2372 3679
2373 3679
2374 3680
2375 3680
2376 3681
2377 3682
2378 3682
2379 3682
2380 3683
2381 3683
2382 3683
2383 3684
2384 3685
2385 3686
2386 3686
2387 3687
2388 3687
2389 3688
2390 3688
2391 3688
2392 3689
2393 3689
2394 3689
2395 3690
2396 3690
2397 3690
2398 3691
2399 3691
2400 3691
2401 3692
2402 3692
2403 3693
2404 3693
2405 3694
2406 3694
2407 3695
2408 3695
2409 3695
2410 3696
2411 3696
2412 3697
2413 3697
2414 3697
2415 3698
2416 3699
2417 3699
2418 3700
2419 3700
2420 3701
2421 3702
2422 3702
2423 3702
2424 3703
2425 3703
2426 3704
2427 3704
2428 3705
2429 3705
2430 3706
2431 3706
2432 3707
2433 3708
2434 3708
2435 3708
2436 3709
2437 3709
2438 3710
2439 3710
2440 3711
2441 3711
2442 3711
2443 3712
2444 3712
2445 3713
2446 3713
2447 3714
2448 3714
2449 3715
2450 3715
2451 3716
2452 3716
2453 3717
2454 3717
2455 3718
2456 3718
2457 3719
2458 3719
2459 3720
2460 3720
2461 3721
2462 3721
2463 3722
2464 3722
2465 3723
2466 3723
2467 3724
2468 3725
2469 3725
2470 3725
2471 3726
2472 3726
2473 3726
2474 3727
2475 3728
2476 3728
2477 3729
2478 3729
2479 3729
2480 3730
2481 3730
2482 3731
2483 3731
2484 3732
2485 3733
2486 3734
2487 3734
2488 3735
2489 3735
2490 3736
2491 3737
2492 3738
2493 3738
2494 3739
2495 3739
2496 3740
2497 3740
2498 3741
2499 3742
2500 3742
2501 3742
2502 3743
2503 3744
2504 3744
2505 3744
2506 3745
2507 3745
2508 3746
2509 3746
2510 3747
2511 3747
2512 3748
2513 3748
2514 3748
2515 3749
2516 3750
2517 3750
2518 3751
2519 3752
2520 3753
2521 3753
2522 3754
2523 3754
2524 3754
2525 3755
2526 3755
2527 3756
2528 3756
2529 3756
2530 3757
2531 3757
2532 3758
2533 3759
2534 3759
2535 3759
2536 3760
2537 3760
2538 3761
2539 3762
2540 3763
2541 3763
2542 3764
2543 3765
2544 3765
2545 3766
2546 3766
2547 3767
2548 3767
2549 3768
2550 3768
2551 3769
2552 3770
2553 3770
2554 3771
2555 3771
2556 3772
2557 3772
2558 3772
2559 3772
2560 3773
2561 3773
2562 3774
2563 3774
2564 3774
2565 3775
2566 3775
2567 3775
2568 3776
2569 3776
2570 3776
2571 3777
2572 3778
2573 3778
2574 3779
2575 3779
2576 3780
2577 3781
2578 3781
2579 3781
2580 3782
2581 3782
2582 3783
2583 3784
2584 3784
2585 3785
2586 3785
2587 3786
2588 3786
2589 3786
2590 3787
2591 3787
2592 3788
2593 3788
2594 3788
2595 3789
2596 3790
2597 3790
2598 3790
2599 3791
2600 3791
2601 3792
2602 3792
2603 3792
2604 3793
2605 3794
2606 3794
2607 3795
2608 3795
2609 3795
2610 3796
2611 3796
2612 3797
2613 3797
2614 3798
2615 3798
2616 3798
2617 3799
2618 3799
2619 3800
2620 3800
2621 3801
2622 3801
2623 3801
2624 3802
2625 3803
2626 3803
2627 3803
2628 3804
2629 3805
2630 3805
2631 3805
2632 3805
2633 3806
2634 3806
2635 3807
2636 3807
2637 3808
2638 3808
2639 3809
2640 3809
2641 3810
2642 3810
2643 3810
2644 3811
2645 3812
2646 3813
2647 3813
2648 3814
2649 3814
2650 3815
2651 3815
2652 3815
2653 3816
2654 3817
2655 3817
2656 3818
2657 3818
2658 3819
2659 3820
2660 3820
2661 3821
2662 3821
2663 3821
2664 3822
2665 3823
2666 3823
2667 3824
2668 3825
2669 3825
2670 3825
2671 3826
2672 3826
2673 3827
2674 3828
2675 3829
2676 3829
2677 3829
2678 3830
2679 3830
2680 3830
2681 3831
2682 3831
2683 3832
2684 3832
2685 3833
2686 3834
2687 3834
2688 3835
2689 3835
2690 3835
2691 3836
2692 3837
2693 3838
2694 3838
2695 3839
2696 3839
2697 3839
2698 3840
2699 3841
2700 3841
2701 3842
2702 3842
2703 3843
2704 3843
2705 3843
2706 3844
2707 3844
2708 3845
2709 3845
2710 3845
2711 3846
2712 3846
2713 3847
2714 3847
2715 3848
2716 3848
2717 3849
2718 3850
2719 3851
2720 3851
2721 3852
2722 3852
2723 3853
2724 3853
2725 3853
2726 3854
2727 3854
2728 3855
2729 3855
2730 3856
2731 3856
2732 3857
2733 3858
2734 3859
2735 3860
2736 3860
2737 3861
2738 3862
2739 3862
2740 3863
2741 3863
2742 3864
2743 3865
2744 3865
2745 3866
2746 3866
2747 3866
2748 3867
2749 3867
2750 3867
2751 3867
2752 3868
2753 3869
2754 3869
2755 3870
2756 3870
2757 3871
2758 3872
2759 3872
2760 3872
2761 3873
2762 3873
2763 3873
2764 3874
2765 3875
2766 3875
2767 3876
2768 3876
2769 3876
2770 3877
2771 3877
2772 3877
2773 3878
2774 3878
2775 3878
2776 3879
2777 3879
2778 3880
2779 3880
2780 3880
2781 3881
2782 3881
2783 3882
2784 3883
2785 3883
2786 3883
2787 3884
2788 3884
2789 3885
2790 3885
2791 3886
2792 3886
2793 3887
2794 3887
2795 3888
2796 3889
2797 3889
2798 3890
2799 3890
2800 3891
2801 3891
2802 3892
2803 3892
2804 3893
2805 3893
2806 3893
2807 3894
2808 3895
2809 3895
2810 3896
2811 3896
2812 3896
2813 3897
2814 3897
2815 3898
2816 3898
2817 3899
2818 3899
2819 3900
2820 3900
2821 3901
2822 3901
2823 3902
2824 3902
2825 3903
2826 3903
2827 3904
2828 3904
2829 3905
2830 3905
2831 3906
2832 3907
2833 3908
2834 3908
2835 3908
2836 3909
2837 3909
2838 3910
2839 3910
2840 3911
2841 3911
2842 3911
2843 3912
2844 3912
2845 3913
2846 3913
2847 3913
2848 3914
2849 3914
2850 3915
2851 3915
2852 3916
2853 3916
2854 3917
2855 3917
2856 3918
2857 3919
2858 3919
2859 3920
2860 3921
2861 3922
2862 3922
2863 3923
2864 3923
2865 3924
2866 3925
2867 3925
2868 3926
2869 3926
2870 3927
2871 3927
2872 3928
2873 3928
2874 3929
2875 3930
2876 3930
2877 3931
2878 3931
2879 3931
2880 3932
2881 3932
2882 3933
2883 3933
2884 3934
2885 3934
2886 3935
2887 3935
2888 3935
2889 3936
2890 3937
2891 3937
2892 3938
2893 3938
2894 3939
2895 3939
2896 3940
2897 3940
2898 3941
2899 3941
2900 3942
2901 3942
2902 3943
2903 3943
2904 3943
2905 3944
2906 3944
2907 3945
2908 3945
2909 3945
2910 3946
2911 3946
2912 3947
2913 3947
2914 3947
2915 3948
2916 3949
2917 3949
2918 3950
2919 3950
2920 3951
2921 3951
2922 3952
2923 3952
2924 3953
2925 3953
2926 3954
2927 3955
2928 3955
2929 3956
2930 3956
2931 3957
2932 3957
2933 3958
2934 3958
2935 3959
2936 3959
2937 3960
2938 3960
2939 3961
2940 3962
2941 3962
2942 3962
2943 3962
2944 3963
2945 3963
2946 3964
2947 3965
2948 3965
2949 3966
2950 3966
2951 3967
2952 3967
2953 3968
2954 3968
2955 3969
2956 3969
2957 3970
2958 3970
2959 3971
2960 3971
2961 3972
2962 3972
2963 3973
2964 3973
2965 3973
2966 3974
2967 3974
2968 3975
2969 3975
2970 3976
2971 3976
2972 3977
2973 3977
2974 3978
2975 3978
2976 3979
2977 3979
2978 3979
2979 3980
2980 3981
2981 3981
2982 3981
2983 3982
2984 3983
2985 3983
2986 3984
2987 3984
2988 3985
2989 3986
2990 3986
2991 3987
2992 3987
2993 3987
2994 3988
2995 3988
2996 3989
2997 3989
2998 3989
2999 3990
3000 3990
3001 3991
3002 3991
3003 3992
3004 3992
3005 3993
3006 3993
3007 3994
3008 3995
3009 3995
3010 3996
3011 3996
3012 3997
3013 3997
3014 3997
3015 3998
3016 3999
3017 3999
3018 3999
3019 4000
3020 4000
3021 4000
3022 4001
3023 4001
3024 4002
3025 4002
3026 4003
3027 4003
3028 4004
3029 4004
3030 4005
3031 4005
3032 4006
3033 4006
3034 4007
3035 4007
3036 4007
3037 4008
3038 4008
3039 4009
3040 4009
3041 4010
3042 4010
3043 4011
3044 4011
3045 4011
3046 4012
3047 4012
3048 4013
3049 4013
3050 4014
3051 4015
3052 4015
3053 4016
3054 4017
3055 4017
3056 4018
3057 4018
3058 4019
3059 4019
3060 4020
3061 4020
3062 4020
3063 4021
3064 4021
3065 4022
3066 4023
3067 4023
3068 4023
3069 4024
3070 4025
3071 4025
3072 4026
3073 4026
3074 4027
3075 4027
3076 4028
3077 4028
3078 4029
3079 4029
3080 4030
3081 4030
3082 4031
3083 4032
3084 4032
3085 4033
3086 4034
3087 4034
3088 4035
3089 4035
3090 4036
3091 4036
3092 4037
3093 4037
3094 4038
3095 4038
3096 4038
3097 4039
3098 4039
3099 4040
3100 4041
3101 4042
3102 4042
3103 4042
3104 4043
3105 4044
3106 4045
3107 4045
3108 4046
3109 4046
3110 4046
3111 4047
3112 4047
3113 4048
3114 4048
3115 4049
3116 4049
3117 4050
3118 4050
3119 4051
3120 4051
3121 4052
3122 4052
3123 4053
3124 4053
3125 4053
3126 4054
3127 4054
3128 4055
3129 4055
3130 4055
3131 4056
3132 4056
3133 4057
3134 4058
3135 4058
3136 4059
3137 4060
3138 4060
3139 4061
3140 4061
3141 4061
3142 4062
3143 4063
3144 4063
3145 4064
3146 4064
3147 4065
3148 4066
3149 4066
3150 4067
3151 4067
3152 4068
3153 4068
3154 4069
3155 4069
3156 4070
3157 4070
3158 4071
3159 4072
3160 4073
3161 4073
3162 4074
3163 4075
3164 4075
3165 4076
3166 4077
3167 4077
3168 4077
3169 4078
3170 4078
3171 4079
3172 4079
3173 4080
3174 4080
3175 4080
3176 4081
3177 4081
3178 4082
3179 4082
3180 4083
3181 4083
3182 4084
3183 4085
3184 4085
3185 4086
3186 4087
3187 4087
3188 4088
3189 4088
3190 4088
3191 4089
3192 4089
3193 4090
3194 4090
3195 4091
3196 4091
3197 4092
3198 4092
3199 4093
3200 4093
3201 4093
3202 4094
3203 4094
3204 4095
3205 4095
3206 4095
3207 4096
3208 4097
3209 4097
3210 4098
3211 4098
3212 4098
3213 4099
3214 4099
3215 4100
3216 4101
3217 4102
3218 4102
3219 4102
3220 4103
3221 4104
3222 4104
3223 4104
3224 4105
3225 4105
3226 4105
3227 4106
3228 4107
3229 4107
3230 4108
3231 4108
3232 4108
3233 4109
3234 4109
3235 4110
3236 4111
3237 4111
3238 4112
3239 4112
3240 4113
3241 4113
3242 4113
3243 4114
3244 4114
3245 4114
3246 4115
3247 4115
3248 4115
3249 4116
3250 4117
3251 4118
3252 4118
3253 4118
3254 4119
3255 4120
3256 4120
3257 4121
3258 4121
3259 4122
3260 4122
3261 4123
3262 4123
3263 4124
3264 4124
3265 4124
3266 4125
3267 4125
3268 4126
3269 4126
3270 4126
3271 4127
3272 4127
3273 4128
3274 4128
3275 4129
3276 4130
3277 4130
3278 4131
3279 4131
3280 4131
3281 4132
3282 4132
3283 4133
3284 4133
3285 4134
3286 4134
3287 4135
3288 4135
3289 4136
3290 4136
3291 4136
3292 4137
3293 4137
3294 4138
3295 4138
3296 4138
3297 4139
3298 4139
3299 4140
3300 4140
3301 4141
3302 4142
3303 4142
3304 4142
3305 4143
3306 4144
3307 4144
3308 4145
3309 4145
3310 4145
3311 4145
3312 4146
3313 4147
3314 4147
3315 4147
3316 4148
3317 4148
3318 4149
3319 4149
3320 4150
3321 4151
3322 4151
3323 4151
3324 4152
3325 4153
3326 4153
3327 4154
3328 4154
3329 4155
3330 4155
3331 4156
3332 4156
3333 4156
3334 4157
3335 4158
3336 4158
3337 4158
3338 4159
3339 4159
3340 4160
3341 4161
3342 4161
3343 4162
3344 4162
3345 4163
3346 4163
3347 4163
3348 4164
3349 4164
3350 4164
3351 4165
3352 4165
3353 4165
3354 4166
3355 4166
3356 4167
3357 4168
3358 4169
3359 4169
3360 4170
3361 4170
3362 4171
3363 4172
3364 4172
3365 4173
3366 4173
3367 4173
3368 4174
3369 4175
3370 4176
3371 4176
3372 4176
3373 4177
3374 4178
3375 4178
3376 4179
3377 4179
3378 4179
3379 4180
3380 4181
3381 4181
3382 4181
3383 4182
3384 4182
3385 4183
3386 4184
3387 4184
3388 4185
3389 4186
3390 4186
3391 4187
3392 4187
3393 4188
3394 4189
3395 4189
3396 4189
3397 4190
3398 4190
3399 4191
3400 4192
3401 4192
3402 4193
3403 4193
3404 4194
3405 4194
3406 4195
3407 4195
3408 4196
3409 4196
3410 4197
3411 4197
3412 4198
3413 4198
3414 4199
3415 4199
3416 4200
3417 4200
3418 4201
3419 4201
3420 4202
3421 4202
3422 4203
3423 4203
3424 4204
3425 4204
3426 4205
3427 4205
3428 4206
3429 4206
3430 4207
3431 4207
3432 4208
3433 4208
3434 4208
3435 4209
3436 4209
3437 4210
3438 4211
3439 4211
3440 4211
3441 4212
3442 4213
3443 4213
3444 4214
3445 4214
3446 4214
3447 4215
3448 4216
3449 4216
3450 4216
3451 4217
3452 4217
3453 4218
3454 4219
3455 4219
3456 4219
3457 4220
3458 4221
3459 4221
3460 4222
3461 4222
3462 4223
3463 4223
3464 4223
3465 4224
3466 4224
3467 4225
3468 4225
3469 4226
3470 4226
3471 4227
3472 4227
3473 4228
3474 4228
3475 4229
3476 4229
3477 4229
3478 4230
3479 4231
3480 4231
3481 4232
3482 4232
3483 4233
3484 4233
3485 4234
3486 4234
3487 4235
3488 4235
3489 4235
3490 4235
3491 4236
3492 4237
3493 4237
3494 4238
3495 4238
3496 4238
3497 4239
3498 4239
3499 4240
3500 4240
3501 4241
3502 4241
3503 4242
3504 4243
3505 4243
3506 4244
3507 4244
3508 4245
3509 4245
3510 4246
3511 4246
3512 4247
3513 4247
3514 4248
3515 4248
3516 4248
3517 4249
3518 4249
3519 4250
3520 4250
3521 4251
3522 4251
3523 4252
3524 4252
3525 4252
3526 4253
3527 4254
3528 4254
3529 4255
3530 4255
3531 4256
3532 4257
3533 4257
3534 4258
3535 4258
3536 4258
3537 4259
3538 4260
3539 4260
3540 4261
3541 4262
3542 4262
3543 4263
3544 4263
3545 4264
3546 4264
3547 4265
3548 4265
3549 4266
3550 4266
3551 4266
3552 4267
3553 4267
3554 4268
3555 4268
3556 4269
3557 4269
3558 4270
3559 4271
3560 4271
3561 4272
3562 4273
3563 4273
3564 4273
3565 4274
3566 4274
3567 4275
3568 4275
3569 4276
3570 4276
3571 4277
3572 4277
3573 4278
3574 4279
3575 4279
3576 4280
3577 4280
3578 4281
3579 4282
3580 4282
3581 4283
3582 4283
3583 4283
3584 4283
3585 4284
3586 4284
3587 4285
3588 4285
3589 4286
3590 4287
3591 4287
3592 4287
3593 4288
3594 4288
3595 4288
3596 4289
3597 4289
3598 4290
3599 4290
3600 4291
3601 4291
3602 4292
3603 4292
3604 4293
3605 4293
3606 4294
3607 4294
3608 4295
3609 4295
3610 4295
3611 4295
3612 4296
3613 4297
3614 4297
3615 4298
3616 4298
3617 4299
3618 4299
3619 4300
3620 4300
3621 4301
3622 4301
3623 4301
3624 4302
3625 4302
3626 4303
3627 4304
3628 4304
3629 4305
3630 4306
3631 4307
3632 4307
3633 4308
3634 4308
3635 4309
3636 4309
3637 4309
3638 4310
3639 4310
3640 4311
3641 4311
3642 4312
3643 4312
3644 4313
3645 4313
3646 4314
3647 4314
3648 4315
3649 4315
3650 4316
3651 4316
3652 4317
3653 4318
3654 4318
3655 4319
3656 4320
3657 4320
3658 4320
3659 4321
3660 4321
3661 4322
3662 4322
3663 4322
3664 4323
3665 4323
3666 4324
3667 4324
3668 4324
3669 4325
3670 4325
3671 4325
3672 4326
3673 4326
3674 4327
3675 4327
3676 4328
3677 4328
3678 4328
3679 4329
3680 4329
3681 4330
3682 4330
3683 4330
3684 4331
3685 4331
3686 4331
3687 4332
3688 4332
3689 4333
3690 4333
3691 4334
3692 4334
3693 4335
3694 4335
3695 4336
3696 4336
3697 4337
3698 4337
3699 4338
3700 4338
3701 4339
3702 4339
3703 4340
3704 4340
3705 4340
3706 4341
3707 4341
3708 4342
3709 4342
3710 4343
3711 4344
3712 4344
3713 4344
3714 4345
3715 4346
3716 4346
3717 4347
3718 4347
3719 4348
3720 4348
3721 4348
3722 4349
3723 4349
3724 4350
3725 4350
3726 4351
3727 4352
3728 4352
3729 4353
3730 4353
3731 4354
3732 4354
3733 4354
3734 4355
3735 4355
3736 4356
3737 4357
3738 4358
3739 4358
3740 4359
3741 4359
3742 4360
3743 4360
3744 4361
3745 4361
3746 4362
3747 4362
3748 4362
3749 4363
3750 4363
3751 4364
3752 4364
3753 4365
3754 4366
3755 4366
3756 4367
3757 4367
3758 4368
3759 4368
3760 4369
3761 4369
3762 4369
3763 4370
3764 4370
3765 4371
3766 4372
3767 4372
3768 4373
3769 4373
3770 4374
3771 4374
3772 4374
3773 4375
3774 4376
3775 4376
3776 4377
3777 4377
3778 4378
3779 4379
3780 4379
3781 4380
3782 4380
3783 4381
3784 4381
3785 4382
3786 4383
3787 4383
3788 4384
3789 4384
3790 4385
3791 4385
3792 4386
3793 4386
3794 4387
3795 4387
3796 4387
3797 4388
3798 4389
3799 4389
3800 4390
3801 4391
3802 4391
3803 4391
3804 4392
3805 4393
3806 4394
3807 4394
3808 4395
3809 4395
3810 4396
3811 4396
3812 4397
3813 4397
3814 4397
3815 4398
3816 4398
3817 4398
3818 4399
3819 4400
3820 4401
3821 4401
3822 4401
3823 4402
3824 4402
3825 4403
3826 4403
3827 4404
3828 4404
3829 4405
3830 4405
3831 4406
3832 4407
3833 4407
3834 4408
3835 4409
3836 4409
3837 4409
3838 4410
3839 4410
3840 4411
3841 4411
3842 4412
3843 4412
3844 4413
3845 4414
3846 4414
3847 4415
3848 4415
3849 4416
3850 4417
3851 4417
3852 4417
3853 4418
3854 4419
3855 4419
3856 4420
3857 4420
3858 4421
3859 4421
3860 4421
3861 4422
3862 4422
3863 4423
3864 4423
3865 4424
3866 4425
3867 4425
3868 4426
3869 4427
3870 4427
3871 4428
3872 4428
3873 4428
3874 4429
3875 4430
3876 4430
3877 4431
3878 4432
3879 4432
3880 4432
3881 4433
3882 4433
3883 4434
3884 4435
3885 4435
3886 4435
3887 4436
3888 4437
3889 4437
3890 4438
3891 4438
3892 4439
3893 4439
3894 4440
3895 4440
3896 4441
3897 4442
3898 4442
3899 4442
3900 4443
3901 4443
3902 4444
3903 4444
3904 4445
3905 4445
3906 4446
3907 4446
3908 4447
3909 4447
3910 4448
3911 4449
3912 4450
3913 4451
3914 4451
3915 4451
3916 4452
3917 4452
3918 4453
3919 4453
3920 4454
3921 4454
3922 4455
3923 4455
3924 4456
3925 4457
3926 4457
3927 4458
3928 4458
3929 4459
3930 4460
3931 4460
3932 4461
3933 4461
3934 4461
3935 4462
3936 4463
3937 4464
3938 4464
3939 4464
3940 4465
3941 4465
3942 4466
3943 4466
3944 4466
3945 4467
3946 4467
3947 4467
3948 4468
3949 4468
3950 4469
3951 4469
3952 4470
3953 4470
3954 4470
3955 4471
3956 4471
3957 4472
3958 4472
3959 4473
3960 4474
3961 4474
3962 4474
3963 4475
3964 4475
3965 4476
3966 4476
3967 4477
3968 4477
3969 4478
3970 4478
3971 4478
3972 4479
3973 4479
3974 4480
3975 4480
3976 4481
3977 4482
3978 4482
3979 4483
3980 4483
3981 4484
3982 4484
3983 4485
3984 4485
3985 4486
3986 4486
3987 4487
3988 4487
3989 4488
3990 4488
3991 4489
3992 4489
3993 4490
3994 4490
3995 4491
3996 4491
3997 4492
3998 4492
3999 4492
4000 4493
4001 4493
4002 4494
4003 4494
4004 4495
4005 4496
4006 4496
4007 4497
4008 4497
4009 4498
4010 4499
4011 4499
4012 4500
4013 4500
4014 4501
4015 4501
4016 4501
4017 4502
4018 4503
4019 4504
4020 4504
4021 4505
4022 4505
4023 4505
4024 4506
4025 4506
4026 4506
4027 4507
4028 4507
4029 4508
4030 4508
4031 4509
4032 4509
4033 4510
4034 4510
4035 4511
4036 4511
4037 4512
4038 4512
4039 4513
4040 4513
4041 4514
4042 4514
4043 4515
4044 4515
4045 4516
4046 4516
4047 4516
4048 4517
4049 4517
4050 4518
4051 4519
4052 4519
4053 4520
4054 4521
4055 4521
4056 4522
4057 4522
4058 4523
4059 4523
4060 4523
4061 4524
4062 4524
4063 4525
4064 4525
4065 4525
4066 4526
4067 4526
4068 4526
4069 4527
4070 4528
4071 4528
4072 4529
4073 4529
4074 4530
4075 4531
4076 4531
4077 4531
4078 4532
4079 4533
4080 4533
4081 4534
4082 4534
4083 4535
4084 4535
4085 4535
4086 4536
4087 4537
4088 4538
4089 4538
4090 4539
4091 4539
4092 4540
4093 4540
4094 4541
4095 4541
4096 4542
4097 4542
4098 4542
4099 4543
4100 4544
4101 4545
4102 4545
4103 4546
4104 4546
4105 4547
4106 4548
4107 4548
4108 4548
4109 4549
4110 4549
4111 4550
4112 4550
4113 4551
4114 4551
4115 4551
4116 4552
4117 4553
4118 4553
4119 4554
4120 4555
4121 4555
4122 4556
4123 4556
4124 4557
4125 4557
4126 4558
4127 4558
4128 4559
4129 4559
4130 4560
4131 4560
4132 4561
4133 4561
4134 4562
4135 4562
4136 4563
4137 4564
4138 4564
4139 4564
4140 4565
4141 4565
4142 4566
4143 4566
4144 4567
4145 4567
4146 4568
4147 4568
4148 4568
4149 4569
4150 4569
4151 4570
4152 4570
4153 4571
4154 4572
4155 4572
4156 4573
4157 4574
4158 4574
4159 4575
4160 4575
4161 4576
4162 4576
4163 4576
4164 4577
4165 4578
4166 4578
4167 4578
4168 4579
4169 4579
4170 4579
4171 4580
4172 4580
4173 4581
4174 4582
4175 4582
4176 4583
4177 4583
4178 4583
4179 4584
4180 4584
4181 4585
4182 4585
4183 4586
4184 4586
4185 4587
4186 4587
4187 4588
4188 4588
4189 4589
4190 4589
4191 4590
4192 4591
4193 4591
4194 4592
4195 4593
4196 4593
4197 4594
4198 4594
4199 4595
4200 4595
4201 4596
4202 4596
4203 4597
4204 4597
4205 4597
4206 4598
4207 4599
4208 4600
4209 4600
4210 4600
4211 4601
4212 4601
4213 4602
4214 4602
4215 4603
4216 4603
4217 4603
4218 4604
4219 4604
4220 4605
4221 4605
4222 4606
4223 4606
4224 4607
4225 4608
4226 4608
4227 4609
4228 4609
4229 4610
4230 4610
4231 4611
4232 4611
4233 4612
4234 4612
4235 4612
4236 4613
4237 4613
4238 4614
4239 4614
4240 4615
4241 4615
4242 4616
4243 4616
4244 4617
4245 4618
4246 4618
4247 4618
4248 4619
4249 4619
4250 4620
4251 4620
4252 4620
4253 4621
4254 4622
4255 4622
4256 4623
4257 4623
4258 4624
4259 4624
4260 4625
4261 4626
4262 4626
4263 4626
4264 4627
4265 4628
4266 4628
4267 4629
4268 4630
4269 4630
4270 4631
4271 4632
4272 4632
4273 4632
4274 4633
4275 4633
4276 4634
4277 4634
4278 4635
4279 4635
4280 4636
4281 4637
4282 4637
4283 4637
4284 4638
4285 4638
4286 4639
4287 4639
4288 4640
4289 4640
4290 4641
4291 4641
4292 4642
4293 4642
4294 4643
4295 4644
4296 4644
4297 4645
4298 4645
4299 4645
4300 4646
4301 4646
4302 4647
4303 4648
4304 4649
4305 4649
4306 4650
4307 4650
4308 4650
4309 4651
4310 4651
4311 4651
4312 4652
4313 4652
4314 4652
4315 4653
4316 4654
4317 4654
4318 4655
4319 4655
4320 4656
4321 4657
4322 4657
4323 4657
4324 4658
4325 4659
4326 4659
4327 4659
4328 4660
4329 4660
4330 4661
4331 4661
4332 4662
4333 4662
4334 4663
4335 4663
4336 4664
4337 4665
4338 4665
4339 4666
4340 4666
4341 4667
4342 4667
4343 4668
4344 4668
4345 4669
4346 4669
4347 4670
4348 4670
4349 4670
4350 4671
4351 4671
4352 4672
4353 4672
4354 4673
4355 4673
4356 4674
4357 4674
4358 4675
4359 4675
4360 4675
4361 4676
4362 4676
4363 4677
4364 4677
4365 4678
4366 4678
4367 4679
4368 4679
4369 4679
4370 4680
4371 4680
4372 4680
4373 4681
4374 4682
4375 4682
4376 4682
4377 4683
4378 4684
4379 4684
4380 4685
4381 4685
4382 4686
4383 4686
4384 4687
4385 4688
4386 4688
4387 4689
4388 4690
4389 4690
4390 4691
4391 4691
4392 4692
4393 4692
4394 4692
4395 4693
4396 4693
4397 4694
4398 4694
4399 4695
4400 4695
4401 4696
4402 4696
4403 4697
4404 4698
4405 4699
4406 4699
4407 4700
4408 4701
4409 4701
4410 4702
4411 4703
4412 4703
4413 4704
4414 4704
4415 4705
4416 4705
4417 4706
4418 4706
4419 4707
4420 4707
4421 4708
4422 4709
4423 4709
4424 4709
4425 4710
4426 4711
4427 4711
4428 4711
4429 4712
4430 4713
4431 4713
4432 4713
4433 4714
4434 4714
4435 4715
4436 4715
4437 4716
4438 4716
4439 4717
4440 4717
4441 4718
4442 4718
4443 4719
4444 4719
4445 4720
4446 4720
4447 4721
4448 4721
4449 4722
4450 4722
4451 4722
4452 4723
4453 4723
4454 4724
4455 4724
4456 4725
4457 4726
4458 4726
4459 4727
4460 4727
4461 4728
4462 4728
4463 4729
4464 4729
4465 4729
4466 4730
4467 4730
4468 4730
4469 4731
4470 4732
4471 4732
4472 4733
4473 4733
4474 4734
4475 4735
4476 4735
4477 4736
4478 4736
4479 4737
4480 4737
4481 4738
4482 4738
4483 4738
4484 4739
4485 4739
4486 4740
4487 4740
4488 4741
4489 4741
4490 4742
4491 4742
4492 4743
4493 4743
4494 4744
4495 4744
4496 4744
4497 4745
4498 4745
4499 4746
4500 4746
4501 4747
4502 4747
4503 4748
4504 4748
4505 4749
4506 4749
4507 4750
4508 4750
4509 4750
4510 4751
4511 4751
4512 4752
4513 4753
4514 4753
4515 4753
4516 4754
4517 4754
4518 4755
4519 4756
4520 4756
4521 4757
4522 4757
4523 4758
4524 4758
4525 4759
4526 4759
4527 4759
4528 4760
4529 4760
4530 4761
4531 4761
4532 4762
4533 4762
4534 4763
4535 4764
4536 4764
4537 4765
4538 4766
4539 4766
4540 4767
4541 4767
4542 4768
4543 4769
4544 4769
4545 4769
4546 4770
4547 4770
4548 4771
4549 4771
4550 4772
4551 4772
4552 4773
4553 4773
4554 4774
4555 4775
4556 4775
4557 4776
4558 4777
4559 4778
4560 4778
4561 4779
4562 4779
4563 4780
4564 4780
4565 4780
4566 4781
4567 4782
4568 4782
4569 4783
4570 4783
4571 4784
4572 4784
4573 4785
4574 4785
4575 4786
4576 4787
4577 4788
4578 4788
4579 4789
4580 4789
4581 4790
4582 4791
4583 4791
4584 4792
4585 4792
4586 4793
4587 4794
4588 4794
4589 4794
4590 4795
4591 4795
4592 4796
4593 4796
4594 4796
4595 4796
4596 4797
4597 4798
4598 4798
4599 4799
4600 4799
4601 4799
4602 4800
4603 4800
4604 4801
4605 4802
4606 4802
4607 4803
4608 4803
4609 4804
4610 4804
4611 4805
4612 4805
4613 4806
4614 4806
4615 4807
4616 4807
4617 4808
4618 4808
4619 4808
4620 4808
4621 4809
4622 4809
4623 4810
4624 4811
4625 4811
4626 4812
4627 4812
4628 4813
4629 4813
4630 4813
4631 4814
4632 4814
4633 4815
4634 4815
4635 4816
4636 4816
4637 4817
4638 4818
4639 4818
4640 4818
4641 4819
4642 4819
4643 4819
4644 4820
4645 4820
4646 4821
4647 4821
4648 4821
4649 4822
4650 4823
4651 4823
4652 4823
4653 4824
4654 4824
4655 4825
4656 4825
4657 4826
4658 4826
4659 4827
4660 4827
4661 4827
4662 4828
4663 4828
4664 4829
4665 4829
4666 4830
4667 4830
4668 4831
4669 4832
4670 4832
4671 4833
4672 4833
4673 4833
4674 4834
4675 4834
4676 4834
4677 4835
4678 4835
4679 4836
4680 4836
4681 4836
4682 4837
4683 4837
4684 4837
4685 4838
4686 4839
4687 4839
4688 4839
4689 4840
4690 4840
4691 4841
4692 4842
4693 4843
4694 4843
4695 4844
4696 4844
4697 4845
4698 4845
4699 4846
4700 4846
4701 4847
4702 4847
4703 4848
4704 4848
4705 4848
4706 4849
4707 4850
4708 4850
4709 4851
4710 4851
4711 4851
4712 4852
4713 4852
4714 4853
4715 4853
4716 4854
4717 4854
4718 4855
4719 4855
4720 4856
4721 4857
4722 4857
4723 4858
4724 4858
4725 4859
4726 4859
4727 4860
4728 4860
4729 4861
4730 4861
4731 4862
4732 4862
4733 4863
4734 4863
4735 4864
4736 4864
4737 4864
4738 4865
4739 4865
4740 4865
4741 4865
4742 4866
4743 4866
4744 4867
4745 4867
4746 4868
4747 4869
4748 4869
4749 4870
4750 4871
4751 4871
4752 4871
4753 4872
4754 4873
4755 4873
4756 4874
4757 4874
4758 4874
4759 4875
4760 4875
4761 4876
4762 4876
4763 4876
4764 4877
4765 4877
4766 4878
4767 4878
4768 4879
4769 4879
4770 4880
4771 4880
4772 4881
4773 4881
4774 4882
4775 4883
4776 4883
4777 4884
4778 4884
4779 4885
4780 4886
4781 4886
4782 4886
4783 4887
4784 4887
4785 4888
4786 4889
4787 4889
4788 4890
4789 4890
4790 4891
4791 4891
4792 4892
4793 4892
4794 4893
4795 4893
4796 4894
4797 4894
4798 4895
4799 4896
4800 4896
4801 4896
4802 4897
4803 4898
4804 4898
4805 4898
4806 4899
4807 4899
4808 4899
4809 4900
4810 4900
4811 4901
4812 4901
4813 4902
4814 4902
4815 4903
4816 4903
4817 4904
4818 4904
4819 4905
4820 4905
4821 4905
4822 4906
4823 4906
4824 4907
4825 4908
4826 4908
4827 4909
4828 4909
4829 4909
4830 4910
4831 4911
4832 4911
4833 4911
4834 4912
4835 4912
4836 4913
4837 4914
4838 4914
4839 4915
4840 4916
4841 4916
4842 4917
4843 4917
4844 4918
4845 4919
4846 4919
4847 4920
4848 4920
4849 4920
4850 4921
4851 4922
4852 4923
4853 4923
4854 4923
4855 4924
4856 4924
4857 4924
4858 4925
4859 4926
4860 4926
4861 4926
4862 4927
4863 4927
4864 4928
4865 4929
4866 4929
4867 4930
4868 4931
4869 4931
4870 4932
4871 4932
4872 4933
4873 4933
4874 4934
4875 4934
4876 4935
4877 4935
4878 4936
4879 4936
4880 4937
4881 4937
4882 4938
4883 4938
4884 4939
4885 4939
4886 4940
4887 4940
4888 4940
4889 4941
4890 4941
4891 4941
4892 4941
4893 4942
4894 4943
4895 4943
4896 4943
4897 4944
4898 4945
4899 4945
4900 4946
4901 4947
4902 4948
4903 4948
4904 4948
4905 4949
4906 4950
4907 4950
4908 4951
4909 4951
4910 4952
4911 4952
4912 4953
4913 4953
4914 4954
4915 4954
4916 4955
4917 4955
4918 4956
4919 4957
4920 4957
4921 4958
4922 4958
4923 4959
4924 4959
4925 4960
4926 4960
4927 4961
4928 4962
4929 4962
4930 4962
4931 4963
4932 4964
4933 4964
4934 4964
4935 4965
4936 4965
4937 4966
4938 4966
4939 4967
4940 4967
4941 4968
4942 4968
4943 4969
4944 4969
4945 4970
4946 4970
4947 4971
4948 4971
4949 4972
4950 4972
4951 4973
4952 4973
4953 4974
4954 4974
4955 4975
4956 4976
4957 4976
4958 4976
4959 4977
4960 4978
4961 4978
4962 4979
4963 4979
4964 4980
4965 4980
4966 4981
4967 4982
4968 4983
4969 4983
4970 4984
4971 4984
4972 4984
4973 4985
4974 4985
4975 4985
4976 4986
4977 4986
4978 4987
4979 4987
4980 4988
4981 4988
4982 4989
4983 4990
4984 4990
4985 4991
4986 4991
4987 4992
4988 4993
4989 4994
4990 4994
4991 4995
4992 4995
4993 4996
4994 4996
4995 4997
4996 4998
4997 4998
4998 4999
4999 4999
