500 500
0 2 0 2
2 4 0 2
4 6 0 2
6 8 0 2
8 12 0 2
0 2 2 4
0 2 4 8
2 4 2 4
4 6 2 4
6 8 2 4
8 10 2 4
10 12 2 4
12 16 0 4
16 19 0 4
19 20 0 4
20 23 0 4
2 4 4 6
2 4 6 8
0 4 8 12
0 4 12 16
0 4 16 23
4 6 4 6
6 8 4 6
8 10 4 6
10 12 4 6
12 16 4 6
4 6 6 8
4 6 8 10
6 8 6 8
8 10 6 8
10 12 6 8
12 14 6 8
14 16 6 8
16 19 4 8
19 20 4 8
20 23 4 8
23 24 0 8
24 31 0 8
31 38 0 8
38 39 0 8
39 46 0 8
46 62 0 8
6 8 8 10
4 8 10 12
4 8 12 16
4 8 16 23
0 8 23 24
0 8 24 31
0 8 31 38
0 8 38 39
0 8 39 46
8 10 8 10
10 12 8 10
12 14 8 10
14 16 8 10
16 19 8 10
8 10 10 12
8 10 12 16
10 12 10 12
12 14 10 12
14 16 10 12
16 19 10 12
19 20 8 12
20 23 8 12
23 24 8 12
24 28 8 12
28 31 8 12
10 12 12 14
10 12 14 16
8 12 16 19
8 12 19 20
8 12 20 23
8 12 23 24
8 12 24 31
12 14 12 14
14 16 12 14
16 17 12 14
17 18 12 14
18 19 12 14
19 20 12 14
20 23 12 14
12 14 14 16
12 14 16 19
14 16 14 16
16 17 14 16
17 18 14 16
18 19 14 16
19 20 14 16
20 23 14 16
23 24 12 16
24 28 12 16
28 31 12 16
31 38 8 16
38 39 8 16
39 46 8 16
46 54 8 16
54 62 8 16
62 77 0 16
77 93 0 16
14 16 16 19
12 16 19 20
12 16 20 23
12 16 23 24
12 16 24 31
8 16 31 38
8 16 38 39
8 16 39 46
0 16 46 62
0 16 62 77
0 16 77 93
16 19 16 19
19 20 16 17
20 23 16 17
19 20 17 18
20 22 17 18
22 23 17 18
19 20 18 19
20 22 18 19
22 23 18 19
23 24 16 19
24 26 16 19
26 28 16 19
28 31 16 19
31 34 16 19
34 35 16 19
35 38 16 19
16 19 19 20
16 19 20 23
16 19 23 24
16 19 24 28
16 19 28 31
19 20 19 20
20 22 19 20
22 23 19 20
23 24 19 20
24 26 19 20
26 28 19 20
28 31 19 20
31 34 19 20
34 35 19 20
35 38 19 20
19 20 20 23
19 20 23 24
19 20 24 28
19 20 28 31
20 23 20 23
23 24 20 22
24 26 20 22
26 28 20 22
23 24 22 23
24 26 22 23
26 28 22 23
28 31 20 23
31 34 20 23
34 35 20 23
35 38 20 23
38 39 16 23
39 46 16 23
46 54 16 23
54 62 16 23
20 23 23 24
20 23 24 28
20 23 28 31
16 23 31 38
16 23 38 39
16 23 39 46
16 23 46 54
16 23 54 62
23 24 23 24
24 26 23 24
26 28 23 24
28 31 23 24
31 34 23 24
34 35 23 24
35 38 23 24
38 39 23 24
39 46 23 24
46 54 23 24
54 62 23 24
23 24 24 26
23 24 26 28
23 24 28 31
23 24 31 34
23 24 34 35
23 24 35 38
23 24 38 39
23 24 39 46
23 24 46 54
23 24 54 62
24 26 24 26
26 28 24 26
28 29 24 26
29 30 24 26
30 31 24 26
31 34 24 26
24 26 26 28
24 26 28 31
26 28 26 28
28 29 26 28
29 30 26 28
30 31 26 28
31 33 26 28
33 34 26 28
34 35 24 28
35 38 24 28
38 39 24 28
39 42 24 28
42 46 24 28
26 28 28 31
24 28 31 34
24 28 34 35
24 28 35 38
24 28 38 39
28 31 28 31
31 33 28 29
33 34 28 29
31 33 29 30
33 34 29 30
31 33 30 31
33 34 30 31
34 35 28 31
35 38 28 31
38 39 28 31
39 42 28 31
42 46 28 31
46 54 24 31
54 62 24 31
62 77 16 31
77 93 16 31
93 109 0 31
109 125 0 31
125 156 0 31
156 187 0 31
28 31 31 34
28 31 34 35
28 31 35 38
28 31 38 39
24 31 39 46
24 31 46 54
24 31 54 62
16 31 62 77
16 31 77 93
0 31 93 125
0 31 125 156
0 31 156 187
31 34 31 34
34 35 31 33
35 37 31 33
34 35 33 34
35 37 33 34
37 38 31 34
38 39 31 34
39 42 31 34
42 46 31 34
46 50 31 34
50 54 31 34
31 34 34 35
31 34 35 38
31 34 38 39
31 34 39 42
31 34 42 46
34 35 34 35
35 37 34 35
37 38 34 35
38 39 34 35
39 42 34 35
42 46 34 35
46 50 34 35
50 54 34 35
34 35 35 38
34 35 38 39
34 35 39 42
34 35 42 46
35 38 35 38
38 39 35 37
39 40 35 37
40 41 35 37
38 39 37 38
39 40 37 38
40 41 37 38
41 42 35 38
42 44 35 38
44 46 35 38
46 50 35 38
50 54 35 38
54 62 31 38
62 69 31 38
69 70 31 38
70 77 31 38
35 38 38 39
35 38 39 42
35 38 42 46
31 38 46 50
31 38 50 54
31 38 54 62
31 38 62 69
31 38 69 70
31 38 70 77
38 39 38 39
39 40 38 39
40 41 38 39
41 42 38 39
42 44 38 39
44 46 38 39
46 50 38 39
50 54 38 39
54 62 38 39
62 69 38 39
69 70 38 39
70 77 38 39
38 39 39 42
38 39 42 46
38 39 46 50
38 39 50 54
38 39 54 62
38 39 62 69
38 39 69 70
38 39 70 77
39 42 39 42
42 44 39 40
44 46 39 40
42 44 40 41
44 46 40 41
39 42 42 44
39 42 44 46
39 42 46 50
39 42 50 54
42 44 41 42
44 46 41 42
46 48 39 42
48 50 39 42
50 54 39 42
54 58 39 42
58 62 39 42
42 44 42 44
44 46 42 44
46 48 42 44
48 50 42 44
50 52 42 44
42 44 44 46
42 44 46 48
44 46 44 46
46 48 44 46
48 50 44 46
50 52 44 46
52 54 42 46
54 58 42 46
58 62 42 46
62 69 39 46
69 70 39 46
70 77 39 46
77 85 31 46
85 93 31 46
93 109 31 46
109 125 31 46
44 46 46 48
42 46 48 50
42 46 50 54
39 46 54 58
39 46 58 62
39 46 62 69
39 46 69 70
39 46 70 77
31 46 77 93
31 46 93 109
31 46 109 125
46 48 46 48
48 50 46 48
50 52 46 48
52 54 46 48
54 56 46 48
46 48 48 50
46 48 50 52
48 50 48 50
50 52 48 50
52 54 48 50
54 56 48 50
56 58 46 50
58 62 46 50
62 65 46 50
65 69 46 50
48 50 50 52
46 50 52 54
46 50 54 58
46 50 58 62
46 50 62 69
50 52 50 52
52 54 50 52
54 56 50 52
56 58 50 52
58 62 50 52
50 52 52 54
50 52 54 58
52 54 52 54
54 56 52 54
56 58 52 54
58 60 52 54
60 62 52 54
62 65 50 54
65 69 50 54
69 70 46 54
70 77 46 54
77 85 46 54
85 93 46 54
93 101 46 54
52 54 54 56
52 54 56 58
50 54 58 62
50 54 62 69
46 54 69 70
46 54 70 77
46 54 77 85
46 54 85 93
54 56 54 56
56 58 54 56
58 60 54 56
60 62 54 56
62 65 54 56
54 56 56 58
56 58 56 58
58 60 56 58
60 62 56 58
62 65 56 58
65 69 54 58
69 70 54 58
70 73 54 58
73 74 54 58
74 77 54 58
54 56 58 62
56 58 58 60
58 60 58 60
60 62 58 60
62 64 58 60
64 65 58 60
65 67 58 60
67 69 58 60
56 58 60 62
54 58 62 65
54 58 65 69
54 58 69 70
54 58 70 77
58 60 60 62
60 62 60 62
62 64 60 62
64 65 60 62
65 67 60 62
67 69 60 62
69 70 58 62
70 73 58 62
73 74 58 62
74 77 58 62
77 85 54 62
85 93 54 62
93 101 54 62
101 109 46 62
109 125 46 62
125 156 31 62
156 187 31 62
187 218 0 62
218 219 0 62
219 250 0 62
250 312 0 62
312 313 0 62
313 375 0 62
58 60 62 65
60 62 62 65
62 65 62 65
65 67 62 64
67 69 62 64
65 67 64 65
67 69 64 65
69 70 62 65
70 73 62 65
73 74 62 65
74 77 62 65
77 81 62 65
81 85 62 65
58 62 65 69
58 62 69 70
58 62 70 77
54 62 77 85
54 62 85 93
46 62 93 109
46 62 109 125
31 62 125 156
31 62 156 187
0 62 187 250
0 62 250 312
0 62 312 313
0 62 313 375
62 65 65 67
65 67 65 67
67 69 65 67
69 70 65 67
70 71 65 67
71 73 65 67
73 74 65 67
74 77 65 67
62 65 67 69
62 65 69 70
62 65 70 73
62 65 73 74
62 65 74 77
65 67 67 69
67 69 67 69
69 70 67 69
70 71 67 69
71 73 67 69
73 74 67 69
74 77 67 69
77 81 65 69
81 85 65 69
85 93 62 69
93 101 62 69
101 109 62 69
65 67 69 70
67 69 69 70
69 70 69 70
70 71 69 70
71 73 69 70
73 74 69 70
74 77 69 70
77 81 69 70
81 85 69 70
85 93 69 70
93 101 69 70
101 109 69 70
65 69 70 73
65 69 73 74
65 69 74 77
62 69 77 81
62 69 81 85
62 69 85 93
62 69 93 101
62 69 101 109
69 70 70 73
70 73 70 73
73 74 70 71
74 76 70 71
73 74 71 73
74 76 71 73
76 77 70 73
77 79 70 73
79 81 70 73
81 85 70 73
85 89 70 73
89 93 70 73
69 70 73 74
69 70 74 77
69 70 77 81
69 70 81 85
69 70 85 93
69 70 93 101
69 70 101 109
70 73 73 74
73 74 73 74
74 76 73 74
76 77 73 74
77 79 73 74
79 81 73 74
81 85 73 74
85 89 73 74
89 93 73 74
70 73 74 77
70 73 77 81
70 73 81 85
73 74 74 77
74 77 74 77
77 79 74 76
79 81 74 76
77 79 76 77
79 81 76 77
81 83 74 77
83 85 74 77
85 89 74 77
89 93 74 77
93 101 70 77
101 109 70 77
109 125 62 77
125 140 62 77
140 156 62 77
73 74 77 81
73 74 81 85
74 77 77 79
77 79 77 79
79 81 77 79
81 83 77 79
83 85 77 79
85 87 77 79
74 77 79 81
74 77 81 85
70 77 85 89
70 77 89 93
70 77 93 101
70 77 101 109
62 77 109 125
62 77 125 140
62 77 140 156
77 79 79 81
79 81 79 81
81 83 79 81
83 85 79 81
85 87 79 81
87 89 77 81
89 93 77 81
93 97 77 81
97 101 77 81
77 79 81 85
79 81 81 83
81 83 81 83
83 85 81 83
85 87 81 83
87 89 81 83
89 91 81 83
79 81 83 85
77 81 85 89
77 81 89 93
77 81 93 97
81 83 83 85
83 85 83 85
85 87 83 85
87 89 83 85
89 91 83 85
91 93 81 85
93 97 81 85
97 101 81 85
101 109 77 85
109 117 77 85
117 125 77 85
81 83 85 87
83 85 85 87
85 87 85 87
87 89 85 87
89 91 85 87
91 93 85 87
93 97 85 87
81 85 87 89
81 85 89 93
81 85 93 97
77 85 97 101
77 85 101 109
77 85 109 117
77 85 117 125
85 87 87 89
87 89 87 89
89 91 87 89
91 93 87 89
93 95 87 89
95 97 87 89
97 101 85 89
101 105 85 89
105 109 85 89
85 87 89 93
87 89 89 91
89 91 89 91
91 93 89 91
93 95 89 91
95 97 89 91
97 99 89 91
87 89 91 93
85 89 93 97
85 89 97 101
85 89 101 105
89 91 91 93
91 93 91 93
93 95 91 93
95 97 91 93
97 99 91 93
99 101 89 93
101 105 89 93
105 109 89 93
109 117 85 93
117 125 85 93
125 140 77 93
140 156 77 93
156 187 62 93
187 218 62 93
218 219 62 93
219 250 62 93
250 312 62 93
89 91 93 97
91 93 93 95
93 95 93 95
95 97 93 95
97 99 93 95
99 101 93 95
101 103 93 95
91 93 95 97
89 93 97 101
89 93 101 105
85 93 105 109
85 93 109 117
85 93 117 125
77 93 125 140
77 93 140 156
62 93 156 187
62 93 187 218
62 93 218 219
62 93 219 250
93 95 95 97
95 97 95 97
97 99 95 97
99 101 95 97
101 103 95 97
103 105 93 97
105 109 93 97
109 113 93 97
113 117 93 97
93 95 97 99
95 97 97 99
97 99 97 99
99 101 97 99
101 103 97 99
103 105 97 99
105 109 97 99
93 97 99 101
97 99 99 101
99 101 99 101
101 103 99 101
103 105 99 101
105 107 99 101
107 109 99 101
109 113 97 101
113 117 97 101
117 125 93 101
125 132 93 101
132 133 93 101
133 140 93 101
140 156 93 101
93 97 101 105
93 97 105 109
93 97 109 113
97 99 101 105
99 101 101 103
101 103 101 103
103 105 101 103
105 107 101 103
107 109 101 103
109 113 101 103
99 101 103 105
101 103 103 105
103 105 103 105
105 107 103 105
107 109 103 105
109 111 103 105
111 113 103 105
113 117 101 105
117 121 101 105
121 125 101 105
97 101 105 109
97 101 109 113
93 101 113 117
93 101 117 125
93 101 125 132
93 101 132 133
93 101 133 140
101 103 105 109
103 105 105 107
105 107 105 107
107 109 105 107
109 111 105 107
111 113 105 107
113 115 105 107
103 105 107 109
105 107 107 109
107 109 107 109
109 111 107 109
111 113 107 109
113 115 107 109
115 117 105 109
117 121 105 109
121 125 105 109
125 132 101 109
132 133 101 109
133 140 101 109
140 148 101 109
148 156 101 109
156 171 93 109
171 172 93 109
172 187 93 109
187 218 93 109
101 105 109 113
105 107 109 111
107 109 109 111
109 111 109 111
111 113 109 111
113 115 109 111
115 117 109 111
117 119 109 111
105 109 111 113
109 111 111 113
111 113 111 113
113 115 111 113
115 117 111 113
117 119 111 113
119 121 109 113
121 125 109 113
125 128 109 113
128 132 109 113
101 105 113 117
101 105 117 125
105 109 113 117
109 111 113 115
111 113 113 115
113 115 113 115
115 117 113 115
117 119 113 115
119 121 113 115
121 125 113 115
109 113 115 117
113 115 115 117
115 117 115 117
117 119 115 117
119 121 115 117
121 123 115 117
123 125 115 117
125 128 113 117
128 132 113 117
132 133 109 117
133 140 109 117
140 148 109 117
148 156 109 117
156 171 109 117
105 109 117 121
105 109 121 125
101 109 125 132
101 109 132 133
101 109 133 140
93 109 140 156
93 109 156 171
93 109 171 172
93 109 172 187
109 113 117 121
113 115 117 121
115 117 117 119
117 119 117 119
119 121 117 119
121 123 117 119
123 125 117 119
125 128 117 119
115 117 119 121
117 119 119 121
119 121 119 121
121 123 119 121
123 125 119 121
125 128 119 121
128 132 117 121
132 133 117 121
133 136 117 121
136 137 117 121
137 140 117 121
109 113 121 125
113 117 121 125
117 119 121 123
119 121 121 123
121 123 121 123
123 125 121 123
125 127 121 123
127 128 121 123
128 130 121 123
130 132 121 123
117 121 123 125
121 123 123 125
123 125 123 125
125 127 123 125
127 128 123 125
128 130 123 125
130 132 123 125
132 133 121 125
133 136 121 125
136 137 121 125
137 140 121 125
140 148 117 125
148 156 117 125
156 171 117 125
171 172 109 125
172 187 109 125
187 218 109 125
218 219 93 125
219 250 93 125
250 312 93 125
312 313 62 125
313 375 62 125
375 500 0 125
109 113 125 132
113 117 125 132
117 121 125 128
121 123 125 128
123 125 125 128
125 128 125 128
128 130 125 127
130 132 125 127
128 130 127 128
130 132 127 128
132 133 125 128
133 136 125 128
136 137 125 128
137 140 125 128
140 144 125 128
144 148 125 128
109 117 132 133
109 117 133 140
109 117 140 148
109 117 148 156
117 121 128 132
121 125 128 132
125 128 128 130
128 130 128 130
130 132 128 130
132 133 128 130
133 134 128 130
134 135 128 130
135 136 128 130
136 137 128 130
137 140 128 130
125 128 130 132
128 130 130 132
130 132 130 132
132 133 130 132
133 134 130 132
134 135 130 132
135 136 130 132
136 137 130 132
137 140 130 132
140 144 128 132
144 148 128 132
148 156 125 132
156 163 125 132
163 164 125 132
164 171 125 132
117 121 132 133
121 125 132 133
125 128 132 133
128 130 132 133
130 132 132 133
132 133 132 133
133 134 132 133
134 135 132 133
135 136 132 133
136 137 132 133
137 140 132 133
140 144 132 133
144 148 132 133
148 156 132 133
156 163 132 133
163 164 132 133
164 171 132 133
117 121 133 140
121 125 133 140
125 128 133 136
128 132 133 136
132 133 133 136
133 136 133 136
136 137 133 134
137 140 133 134
136 137 134 135
137 138 134 135
138 139 134 135
139 140 134 135
136 137 135 136
137 138 135 136
138 139 135 136
139 140 135 136
140 142 133 136
142 144 133 136
144 148 133 136
148 152 133 136
152 156 133 136
125 128 136 137
128 132 136 137
132 133 136 137
133 136 136 137
136 137 136 137
137 138 136 137
138 139 136 137
139 140 136 137
140 142 136 137
142 144 136 137
144 148 136 137
148 152 136 137
152 156 136 137
125 128 137 140
128 132 137 140
132 133 137 140
133 136 137 140
136 137 137 140
137 140 137 140
140 142 137 138
142 144 137 138
140 142 138 139
142 144 138 139
140 142 139 140
142 144 139 140
144 146 137 140
146 148 137 140
148 152 137 140
152 156 137 140
156 163 133 140
163 164 133 140
164 171 133 140
171 172 125 140
172 187 125 140
187 202 125 140
202 218 125 140
117 125 140 148
117 125 148 156
109 125 156 171
109 125 171 172
109 125 172 187
93 125 187 218
93 125 218 219
93 125 219 250
62 125 250 312
62 125 312 313
62 125 313 375
0 125 375 500
125 132 140 144
132 133 140 144
133 136 140 144
136 137 140 144
137 140 140 142
140 142 140 142
142 144 140 142
144 146 140 142
146 148 140 142
148 150 140 142
137 140 142 144
140 142 142 144
142 144 142 144
144 146 142 144
146 148 142 144
148 150 142 144
150 152 140 144
152 156 140 144
156 159 140 144
159 163 140 144
125 132 144 148
125 132 148 156
125 132 156 163
125 132 163 164
125 132 164 171
132 133 144 148
133 136 144 148
136 137 144 148
137 140 144 148
140 142 144 146
142 144 144 146
144 146 144 146
146 148 144 146
148 150 144 146
150 152 144 146
152 156 144 146
140 144 146 148
144 146 146 148
146 148 146 148
148 150 146 148
150 152 146 148
152 154 146 148
154 156 146 148
156 159 144 148
159 163 144 148
163 164 140 148
164 171 140 148
171 172 140 148
172 179 140 148
179 180 140 148
180 187 140 148
187 202 140 148
132 133 148 156
132 133 156 163
132 133 163 164
132 133 164 171
133 140 148 152
140 144 148 152
144 146 148 152
146 148 148 150
148 150 148 150
150 152 148 150
152 154 148 150
154 156 148 150
156 159 148 150
146 148 150 152
148 150 150 152
150 152 150 152
152 154 150 152
154 156 150 152
156 159 150 152
159 163 148 152
163 164 148 152
164 167 148 152
167 168 148 152
168 171 148 152
133 140 152 156
133 140 156 163
133 140 163 164
133 140 164 171
125 140 171 172
125 140 172 187
125 140 187 202
125 140 202 218
140 144 152 156
144 148 152 156
148 150 152 156
150 152 152 154
152 154 152 154
154 156 152 154
156 158 152 154
158 159 152 154
159 161 152 154
161 163 152 154
150 152 154 156
152 154 154 156
154 156 154 156
156 158 154 156
158 159 154 156
159 161 154 156
161 163 154 156
163 164 152 156
164 167 152 156
167 168 152 156
168 171 152 156
171 172 148 156
172 179 148 156
179 180 148 156
180 187 148 156
187 202 148 156
202 218 140 156
218 219 125 156
219 250 125 156
250 281 125 156
281 312 125 156
140 144 156 163
144 148 156 163
148 152 156 159
152 154 156 159
154 156 156 159
156 159 156 159
159 161 156 158
161 163 156 158
159 161 158 159
161 163 158 159
163 164 156 159
164 167 156 159
167 168 156 159
168 171 156 159
171 172 156 159
172 175 156 159
175 176 156 159
148 152 159 163
152 156 159 163
156 159 159 161
159 161 159 161
161 163 159 161
163 164 159 161
164 166 159 161
166 167 159 161
167 168 159 161
168 171 159 161
156 159 161 163
159 161 161 163
161 163 161 163
163 164 161 163
164 166 161 163
166 167 161 163
167 168 161 163
168 171 161 163
171 172 159 163
172 175 159 163
175 176 159 163
176 179 156 163
179 180 156 163
180 187 156 163
187 194 156 163
194 202 156 163
140 148 163 164
148 152 163 164
152 156 163 164
156 159 163 164
159 161 163 164
161 163 163 164
163 164 163 164
164 166 163 164
166 167 163 164
167 168 163 164
168 171 163 164
171 172 163 164
172 175 163 164
175 176 163 164
176 179 163 164
179 180 163 164
180 187 163 164
187 194 163 164
194 202 163 164
140 148 164 171
140 148 171 172
140 148 172 179
140 148 179 180
140 148 180 187
148 152 164 171
152 156 164 171
156 159 164 167
159 163 164 167
163 164 164 167
164 167 164 167
167 168 164 166
168 170 164 166
170 171 164 166
167 168 166 167
168 170 166 167
170 171 166 167
171 172 164 167
172 175 164 167
175 176 164 167
176 179 164 167
179 180 164 167
180 183 164 167
183 187 164 167
156 159 167 168
159 163 167 168
163 164 167 168
164 167 167 168
167 168 167 168
168 170 167 168
170 171 167 168
171 172 167 168
172 175 167 168
175 176 167 168
176 179 167 168
179 180 167 168
180 183 167 168
183 187 167 168
156 159 168 171
159 163 168 171
163 164 168 171
164 167 168 171
167 168 168 171
168 171 168 171
171 172 168 170
172 173 168 170
173 175 168 170
171 172 170 171
172 173 170 171
173 175 170 171
175 176 168 171
176 179 168 171
179 180 168 171
180 183 168 171
183 187 168 171
187 194 164 171
194 202 164 171
202 210 156 171
210 218 156 171
218 219 156 171
219 234 156 171
234 235 156 171
235 250 156 171
148 156 171 172
156 163 171 172
163 164 171 172
164 167 171 172
167 168 171 172
168 171 171 172
171 172 171 172
172 173 171 172
173 175 171 172
175 176 171 172
176 179 171 172
179 180 171 172
180 183 171 172
183 187 171 172
187 194 171 172
194 202 171 172
202 210 171 172
210 218 171 172
218 219 171 172
219 234 171 172
234 235 171 172
235 250 171 172
148 156 172 179
148 156 179 180
148 156 180 187
140 156 187 202
140 156 202 218
125 156 218 219
125 156 219 250
125 156 250 281
125 156 281 312
156 163 172 179
163 164 172 179
164 167 172 175
167 168 172 175
168 171 172 175
171 172 172 175
172 175 172 175
175 176 172 173
176 178 172 173
175 176 173 175
176 178 173 175
178 179 172 175
179 180 172 175
180 183 172 175
183 187 172 175
187 190 172 175
190 194 172 175
164 167 175 176
167 168 175 176
168 171 175 176
171 172 175 176
172 175 175 176
175 176 175 176
176 178 175 176
178 179 175 176
179 180 175 176
180 183 175 176
183 187 175 176
187 190 175 176
190 194 175 176
164 167 176 179
167 168 176 179
168 171 176 179
171 172 176 179
172 175 176 179
175 176 176 179
176 179 176 179
179 180 176 178
180 182 176 178
182 183 176 178
179 180 178 179
180 182 178 179
182 183 178 179
183 185 176 179
185 187 176 179
187 190 176 179
190 194 176 179
194 202 172 179
202 210 172 179
210 218 172 179
156 163 179 180
156 163 180 187
156 163 187 194
156 163 194 195
156 163 195 202
163 164 179 180
164 171 179 180
171 172 179 180
172 175 179 180
175 176 179 180
176 179 179 180
179 180 179 180
180 182 179 180
182 183 179 180
183 185 179 180
185 187 179 180
187 190 179 180
190 194 179 180
194 198 179 180
198 202 179 180
202 210 179 180
210 218 179 180
163 164 180 187
163 164 187 194
163 164 194 195
163 164 195 202
164 171 180 187
171 172 180 187
172 175 180 183
175 176 180 183
176 179 180 183
179 180 180 183
180 183 180 183
183 185 180 182
185 187 180 182
183 185 182 183
185 187 182 183
187 190 180 183
190 194 180 183
194 198 180 183
198 202 180 183
172 175 183 187
175 176 183 187
176 179 183 187
179 180 183 187
180 183 183 185
183 185 183 185
185 187 183 185
187 188 183 185
188 189 183 185
189 190 183 185
190 192 183 185
192 194 183 185
180 183 185 187
183 185 185 187
185 187 185 187
187 188 185 187
188 189 185 187
189 190 185 187
190 192 185 187
192 194 185 187
194 198 183 187
198 202 183 187
202 210 180 187
210 218 180 187
218 219 172 187
219 234 172 187
234 235 172 187
235 250 172 187
250 281 156 187
281 312 156 187
312 313 125 187
313 375 125 187
375 437 125 187
437 500 125 187
164 171 187 194
171 172 187 194
172 179 187 194
179 180 187 190
180 183 187 190
183 185 187 190
185 187 187 190
187 190 187 190
190 192 187 188
192 194 187 188
190 192 188 189
192 194 188 189
190 192 189 190
192 194 189 190
194 196 187 190
196 198 187 190
198 202 187 190
202 206 187 190
206 210 187 190
179 180 190 194
180 183 190 194
183 187 190 194
187 190 190 192
190 192 190 192
192 194 190 192
194 196 190 192
196 198 190 192
198 200 190 192
187 190 192 194
190 192 192 194
192 194 192 194
194 196 192 194
196 198 192 194
198 200 192 194
200 202 190 194
202 206 190 194
206 210 190 194
210 218 187 194
218 219 187 194
219 226 187 194
226 227 187 194
227 234 187 194
164 171 194 195
164 171 195 202
156 171 202 218
156 171 218 219
156 171 219 234
156 171 234 235
156 171 235 250
171 172 194 195
172 179 194 195
179 180 194 195
180 183 194 195
183 187 194 195
187 190 194 195
190 192 194 195
192 194 194 195
194 196 194 195
196 198 194 195
198 200 194 195
200 202 194 195
202 206 194 195
206 210 194 195
210 218 194 195
218 219 194 195
219 226 194 195
226 227 194 195
227 234 194 195
171 172 195 202
172 179 195 202
179 180 195 202
180 187 195 202
187 190 195 199
190 194 195 199
194 196 195 197
196 198 195 197
198 200 195 197
200 202 195 197
202 204 195 197
204 206 195 197
194 196 197 199
196 198 197 199
198 200 197 199
200 202 197 199
202 204 197 199
204 206 197 199
206 210 195 199
210 214 195 199
214 218 195 199
187 190 199 202
190 194 199 202
194 198 199 202
198 200 199 202
200 202 199 202
202 204 199 200
204 206 199 200
202 204 200 201
204 206 200 201
202 204 201 202
204 206 201 202
206 208 199 202
208 210 199 202
210 214 199 202
214 218 199 202
218 219 195 202
219 226 195 202
226 227 195 202
227 234 195 202
234 235 187 202
235 250 187 202
250 265 187 202
265 266 187 202
266 281 187 202
171 172 202 218
171 172 218 219
171 172 219 234
171 172 234 235
171 172 235 250
172 179 202 210
179 180 202 210
180 187 202 210
187 194 202 206
194 198 202 206
198 200 202 206
200 202 202 204
202 204 202 204
204 206 202 204
206 208 202 204
208 210 202 204
210 212 202 204
200 202 204 206
202 204 204 206
204 206 204 206
206 208 204 206
208 210 204 206
210 212 204 206
212 214 202 206
214 218 202 206
218 219 202 206
219 226 202 206
187 194 206 210
194 198 206 210
198 202 206 210
202 204 206 208
204 206 206 208
206 208 206 208
208 210 206 208
210 212 206 208
212 214 206 208
214 218 206 208
202 206 208 210
206 208 208 210
208 210 208 210
210 212 208 210
212 214 208 210
214 216 208 210
216 218 208 210
218 219 206 210
219 223 206 210
223 226 206 210
226 227 202 210
227 234 202 210
234 235 202 210
235 242 202 210
242 243 202 210
243 250 202 210
172 179 210 218
179 180 210 218
180 187 210 218
187 194 210 218
194 198 210 214
198 202 210 214
202 206 210 214
206 208 210 212
208 210 210 212
210 212 210 212
212 214 210 212
214 216 210 212
216 218 210 212
218 219 210 212
219 223 210 212
206 210 212 214
210 212 212 214
212 214 212 214
214 216 212 214
216 218 212 214
218 219 212 214
219 221 212 214
221 223 212 214
223 226 210 214
226 227 210 214
227 234 210 214
194 202 214 218
202 206 214 218
206 210 214 218
210 212 214 218
212 214 214 216
214 216 214 216
216 218 214 216
218 219 214 216
219 221 214 216
221 223 214 216
223 226 214 216
212 214 216 218
214 216 216 218
216 218 216 218
218 219 216 218
219 221 216 218
221 223 216 218
223 226 216 218
226 227 214 218
227 230 214 218
230 234 214 218
234 235 210 218
235 242 210 218
242 243 210 218
243 250 210 218
250 265 202 218
265 266 202 218
266 281 202 218
281 312 187 218
312 313 187 218
313 344 187 218
344 375 187 218
375 437 187 218
172 187 218 219
187 194 218 219
194 202 218 219
202 206 218 219
206 210 218 219
210 214 218 219
214 216 218 219
216 218 218 219
218 219 218 219
219 221 218 219
221 223 218 219
223 226 218 219
226 227 218 219
227 230 218 219
230 234 218 219
234 235 218 219
235 242 218 219
242 243 218 219
243 250 218 219
250 265 218 219
265 266 218 219
266 281 218 219
281 312 218 219
312 313 218 219
313 344 218 219
344 375 218 219
375 437 218 219
172 187 219 234
172 187 234 235
172 187 235 250
156 187 250 281
156 187 281 312
125 187 312 313
125 187 313 375
125 187 375 437
125 187 437 500
187 194 219 226
194 202 219 226
202 206 219 226
206 210 219 226
210 214 219 223
214 218 219 223
218 219 219 221
219 221 219 221
221 223 219 221
223 225 219 221
225 226 219 221
226 227 219 221
227 230 219 221
218 219 221 223
219 221 221 223
221 223 221 223
223 225 221 223
225 226 221 223
226 227 221 223
227 230 221 223
230 234 219 223
234 235 219 223
235 238 219 223
238 239 219 223
239 242 219 223
210 214 223 226
214 218 223 226
218 219 223 226
219 221 223 226
221 223 223 226
223 226 223 226
226 227 223 225
227 228 223 225
228 230 223 225
226 227 225 226
227 228 225 226
228 230 225 226
230 232 223 226
232 234 223 226
234 235 223 226
235 238 223 226
238 239 223 226
239 242 223 226
242 243 219 226
243 250 219 226
250 257 219 226
257 258 219 226
258 265 219 226
187 194 226 227
194 202 226 227
202 210 226 227
210 214 226 227
214 218 226 227
218 219 226 227
219 223 226 227
223 226 226 227
226 227 226 227
227 228 226 227
228 230 226 227
230 232 226 227
232 234 226 227
234 235 226 227
235 238 226 227
238 239 226 227
239 242 226 227
242 243 226 227
243 250 226 227
250 257 226 227
257 258 226 227
258 265 226 227
187 202 227 234
187 202 234 235
187 202 235 250
187 202 250 265
187 202 265 266
187 202 266 281
202 210 227 234
210 214 227 234
214 218 227 234
218 219 227 234
219 223 227 230
223 226 227 230
226 227 227 230
227 230 227 230
230 232 227 228
232 234 227 228
230 232 228 230
232 234 228 230
234 235 227 230
235 238 227 230
238 239 227 230
239 242 227 230
242 243 227 230
243 250 227 230
219 223 230 234
223 226 230 234
226 227 230 234
227 230 230 232
230 232 230 232
232 234 230 232
234 235 230 232
235 237 230 232
237 238 230 232
238 239 230 232
239 242 230 232
227 230 232 234
230 232 232 234
232 234 232 234
234 235 232 234
235 237 232 234
237 238 232 234
238 239 232 234
239 242 232 234
242 243 230 234
243 246 230 234
246 247 230 234
247 250 230 234
250 257 227 234
257 258 227 234
258 265 227 234
265 266 219 234
266 281 219 234
281 297 219 234
297 312 219 234
202 210 234 235
202 210 235 250
210 218 234 235
218 219 234 235
219 226 234 235
226 227 234 235
227 230 234 235
230 232 234 235
232 234 234 235
234 235 234 235
235 237 234 235
237 238 234 235
238 239 234 235
239 242 234 235
242 243 234 235
243 246 234 235
246 247 234 235
247 250 234 235
250 257 234 235
257 258 234 235
258 265 234 235
265 266 234 235
266 281 234 235
281 297 234 235
297 312 234 235
210 218 235 242
210 218 242 243
210 218 243 250
202 218 250 265
202 218 265 266
202 218 266 281
187 218 281 312
187 218 312 313
187 218 313 344
187 218 344 375
218 219 235 242
219 226 235 242
226 227 235 242
227 230 235 238
230 234 235 238
234 235 235 238
235 238 235 238
238 239 235 237
239 240 235 237
240 241 235 237
238 239 237 238
239 240 237 238
240 241 237 238
241 242 235 238
242 243 235 238
243 246 235 238
246 247 235 238
247 250 235 238
250 253 235 238
253 254 235 238
254 257 235 238
227 230 238 239
230 234 238 239
234 235 238 239
235 238 238 239
238 239 238 239
239 240 238 239
240 241 238 239
241 242 238 239
242 243 238 239
243 246 238 239
246 247 238 239
247 250 238 239
250 253 238 239
253 254 238 239
254 257 238 239
227 230 239 242
230 234 239 242
234 235 239 242
235 238 239 242
238 239 239 242
239 242 239 242
242 243 239 240
243 246 239 240
242 243 240 241
243 244 240 241
244 245 240 241
245 246 240 241
242 243 241 242
243 244 241 242
244 245 241 242
245 246 241 242
246 247 239 242
247 250 239 242
250 253 239 242
253 254 239 242
254 257 239 242
257 258 235 242
258 265 235 242
265 266 235 242
266 273 235 242
273 274 235 242
274 281 235 242
218 219 242 243
218 219 243 250
218 219 250 265
218 219 265 266
218 219 266 281
218 219 281 312
218 219 312 313
218 219 313 344
218 219 344 375
219 226 242 243
226 227 242 243
227 234 242 243
234 235 242 243
235 238 242 243
238 239 242 243
239 242 242 243
242 243 242 243
243 244 242 243
244 245 242 243
245 246 242 243
246 247 242 243
247 250 242 243
250 253 242 243
253 254 242 243
254 257 242 243
257 258 242 243
258 265 242 243
265 266 242 243
266 273 242 243
273 274 242 243
274 281 242 243
219 226 243 250
219 226 250 257
219 226 257 258
219 226 258 265
226 227 243 250
227 234 243 250
234 235 243 250
235 238 243 246
238 239 243 246
239 242 243 246
242 243 243 246
243 246 243 246
246 247 243 244
247 248 243 244
248 249 243 244
246 247 244 245
247 248 244 245
248 249 244 245
246 247 245 246
247 248 245 246
248 249 245 246
249 250 243 246
250 253 243 246
253 254 243 246
254 257 243 246
257 258 243 246
258 261 243 246
261 262 243 246
262 265 243 246
235 238 246 247
238 239 246 247
239 242 246 247
242 243 246 247
243 246 246 247
246 247 246 247
247 248 246 247
248 249 246 247
249 250 246 247
250 253 246 247
253 254 246 247
254 257 246 247
257 258 246 247
258 261 246 247
261 262 246 247
262 265 246 247
235 238 247 250
238 239 247 250
239 242 247 250
242 243 247 250
243 246 247 250
246 247 247 250
247 250 247 250
250 251 247 248
251 252 247 248
252 253 247 248
250 251 248 249
251 252 248 249
252 253 248 249
250 251 249 250
251 252 249 250
252 253 249 250
253 254 247 250
254 257 247 250
257 258 247 250
258 261 247 250
261 262 247 250
262 265 247 250
265 266 243 250
266 273 243 250
273 274 243 250
274 281 243 250
281 289 235 250
289 297 235 250
297 312 235 250
312 313 219 250
313 344 219 250
344 375 219 250
375 437 219 250
437 500 187 250
226 227 250 257
226 227 257 258
226 227 258 265
227 234 250 257
234 235 250 257
235 242 250 257
242 243 250 253
243 246 250 253
246 247 250 253
247 250 250 253
250 253 250 253
253 254 250 251
254 255 250 251
255 257 250 251
253 254 251 252
254 255 251 252
255 257 251 252
253 254 252 253
254 255 252 253
255 257 252 253
257 258 250 253
258 261 250 253
261 262 250 253
262 265 250 253
265 266 250 253
266 273 250 253
242 243 253 254
243 246 253 254
246 247 253 254
247 250 253 254
250 253 253 254
253 254 253 254
254 255 253 254
255 257 253 254
257 258 253 254
258 261 253 254
261 262 253 254
262 265 253 254
265 266 253 254
266 269 253 254
269 270 253 254
270 273 253 254
242 243 254 257
243 246 254 257
246 247 254 257
247 250 254 257
250 253 254 257
253 254 254 257
254 257 254 257
257 258 254 255
258 261 254 255
257 258 255 257
258 259 255 257
259 260 255 257
260 261 255 257
261 262 254 257
262 265 254 257
265 266 254 257
266 269 254 257
269 270 254 257
270 273 254 257
273 274 250 257
274 281 250 257
281 289 250 257
289 297 250 257
227 234 257 258
234 235 257 258
235 242 257 258
242 243 257 258
243 246 257 258
246 247 257 258
247 250 257 258
250 253 257 258
253 254 257 258
254 257 257 258
257 258 257 258
258 259 257 258
259 260 257 258
260 261 257 258
261 262 257 258
262 265 257 258
265 266 257 258
266 269 257 258
269 270 257 258
270 273 257 258
273 274 257 258
274 281 257 258
281 289 257 258
289 297 257 258
227 234 258 265
219 234 265 266
219 234 266 281
219 234 281 297
219 234 297 312
234 235 258 265
235 242 258 265
242 243 258 265
243 250 258 265
250 253 258 261
253 254 258 261
254 257 258 261
257 258 258 261
258 261 258 261
261 262 258 259
262 263 258 259
263 264 258 259
261 262 259 260
262 263 259 260
263 264 259 260
261 262 260 261
262 263 260 261
263 264 260 261
264 265 258 261
265 266 258 261
266 269 258 261
269 270 258 261
270 273 258 261
273 274 258 261
274 281 258 261
250 253 261 262
253 254 261 262
254 257 261 262
257 258 261 262
258 261 261 262
261 262 261 262
262 263 261 262
263 264 261 262
264 265 261 262
265 266 261 262
266 269 261 262
269 270 261 262
270 273 261 262
273 274 261 262
274 278 261 262
278 281 261 262
250 253 262 265
253 254 262 265
254 257 262 265
257 258 262 265
258 261 262 265
261 262 262 265
262 265 262 265
265 266 262 263
266 267 262 263
267 269 262 263
265 266 263 264
266 267 263 264
267 269 263 264
265 266 264 265
266 267 264 265
267 269 264 265
269 270 262 265
270 273 262 265
273 274 262 265
274 278 262 265
278 281 262 265
281 289 258 265
289 297 258 265
297 312 250 265
312 313 250 265
313 328 250 265
328 329 250 265
329 344 250 265
234 235 265 266
234 235 266 281
234 235 281 297
234 235 297 312
235 242 265 266
242 243 265 266
243 250 265 266
250 257 265 266
257 258 265 266
258 261 265 266
261 262 265 266
262 265 265 266
265 266 265 266
266 267 265 266
267 269 265 266
269 270 265 266
270 273 265 266
273 274 265 266
274 278 265 266
278 281 265 266
281 289 265 266
289 297 265 266
297 312 265 266
312 313 265 266
313 328 265 266
328 329 265 266
329 344 265 266
235 242 266 273
235 242 273 274
235 242 274 281
242 243 266 273
243 250 266 273
250 257 266 273
257 258 266 273
258 261 266 269
261 262 266 269
262 265 266 269
265 266 266 269
266 269 266 269
269 270 266 267
270 273 266 267
269 270 267 269
270 271 267 269
271 272 267 269
272 273 267 269
273 274 266 269
274 276 266 269
276 278 266 269
278 281 266 269
281 285 266 269
285 289 266 269
258 261 269 270
261 262 269 270
262 265 269 270
265 266 269 270
266 269 269 270
269 270 269 270
270 271 269 270
271 272 269 270
272 273 269 270
273 274 269 270
274 276 269 270
276 278 269 270
278 281 269 270
281 285 269 270
285 289 269 270
258 261 270 273
261 262 270 273
262 265 270 273
265 266 270 273
266 269 270 273
269 270 270 273
270 273 270 273
273 274 270 271
274 276 270 271
276 278 270 271
273 274 271 272
274 276 271 272
276 278 271 272
273 274 272 273
274 276 272 273
276 278 272 273
278 281 270 273
281 285 270 273
285 289 270 273
289 297 266 273
297 304 266 273
304 305 266 273
305 312 266 273
242 243 273 274
242 243 274 281
243 250 273 274
250 257 273 274
257 258 273 274
258 265 273 274
265 266 273 274
266 269 273 274
269 270 273 274
270 273 273 274
273 274 273 274
274 276 273 274
276 278 273 274
278 281 273 274
281 285 273 274
285 289 273 274
289 297 273 274
297 304 273 274
304 305 273 274
305 312 273 274
243 250 274 281
235 250 281 297
235 250 297 312
219 250 312 313
219 250 313 344
219 250 344 375
187 250 375 437
187 250 437 500
250 257 274 281
257 258 274 281
258 265 274 281
265 266 274 281
266 269 274 278
269 270 274 278
270 273 274 278
273 274 274 276
274 276 274 276
276 278 274 276
278 279 274 276
279 281 274 276
281 283 274 276
283 285 274 276
273 274 276 278
274 276 276 278
276 278 276 278
278 279 276 278
279 281 276 278
281 283 276 278
283 285 276 278
285 289 274 278
289 293 274 278
293 297 274 278
266 269 278 281
269 270 278 281
270 273 278 281
273 274 278 281
274 276 278 281
276 278 278 281
278 281 278 281
281 283 278 279
283 285 278 279
281 283 279 281
283 285 279 281
285 287 278 281
287 289 278 281
289 293 278 281
293 297 278 281
297 304 274 281
304 305 274 281
305 312 274 281
312 313 266 281
313 328 266 281
328 329 266 281
329 344 266 281
344 375 250 281
375 406 250 281
406 437 250 281
250 257 281 289
250 257 289 297
257 258 281 289
258 265 281 289
265 266 281 289
266 273 281 285
273 274 281 285
274 278 281 285
278 281 281 283
281 283 281 283
283 285 281 283
285 287 281 283
287 289 281 283
289 291 281 283
278 281 283 285
281 283 283 285
283 285 283 285
285 287 283 285
287 289 283 285
289 291 283 285
291 293 281 285
293 297 281 285
297 300 281 285
300 301 281 285
301 304 281 285
266 273 285 289
273 274 285 289
274 278 285 289
278 281 285 289
281 283 285 287
283 285 285 287
285 287 285 287
287 289 285 287
289 291 285 287
291 293 285 287
293 297 285 287
281 285 287 289
285 287 287 289
287 289 287 289
289 291 287 289
291 293 287 289
293 295 287 289
295 297 287 289
297 300 285 289
300 301 285 289
301 304 285 289
304 305 281 289
305 312 281 289
312 313 281 289
313 320 281 289
320 321 281 289
321 328 281 289
328 329 281 289
257 258 289 297
258 265 289 297
265 266 289 297
266 273 289 297
273 274 289 297
274 281 289 293
281 285 289 293
285 287 289 293
287 289 289 291
289 291 289 291
291 293 289 291
293 295 289 291
295 297 289 291
297 300 289 291
287 289 291 293
289 291 291 293
291 293 291 293
293 295 291 293
295 297 291 293
297 300 291 293
300 301 289 293
301 304 289 293
304 305 289 293
305 309 289 293
309 312 289 293
274 281 293 297
281 285 293 297
285 289 293 297
289 291 293 297
291 293 293 295
293 295 293 295
295 297 293 295
297 298 293 295
298 300 293 295
300 301 293 295
301 304 293 295
291 293 295 297
293 295 295 297
295 297 295 297
297 298 295 297
298 300 295 297
300 301 295 297
301 304 295 297
304 305 293 297
305 309 293 297
309 312 293 297
312 313 289 297
313 320 289 297
320 321 289 297
321 328 289 297
328 329 289 297
329 344 281 297
344 359 281 297
359 360 281 297
360 375 281 297
250 265 297 312
250 265 312 313
250 265 313 328
250 265 328 329
250 265 329 344
265 266 297 312
266 273 297 304
273 274 297 304
274 281 297 304
281 285 297 304
285 289 297 304
289 293 297 300
293 295 297 300
295 297 297 300
297 300 297 300
300 301 297 298
301 302 297 298
302 303 297 298
300 301 298 300
301 302 298 300
302 303 298 300
303 304 297 300
304 305 297 300
305 307 297 300
307 309 297 300
309 312 297 300
312 313 297 300
313 317 297 300
289 293 300 301
293 297 300 301
297 300 300 301
300 301 300 301
301 302 300 301
302 303 300 301
303 304 300 301
304 305 300 301
305 307 300 301
307 309 300 301
309 312 300 301
312 313 300 301
313 317 300 301
289 293 301 304
293 297 301 304
297 300 301 304
300 301 301 304
301 304 301 304
304 305 301 302
305 307 301 302
307 309 301 302
304 305 302 303
305 307 302 303
307 309 302 303
304 305 303 304
305 307 303 304
307 309 303 304
309 312 301 304
312 313 301 304
313 317 301 304
317 320 297 304
320 321 297 304
321 328 297 304
328 329 297 304
329 336 297 304
336 337 297 304
337 344 297 304
266 273 304 305
273 274 304 305
274 281 304 305
281 289 304 305
289 293 304 305
293 297 304 305
297 300 304 305
300 301 304 305
301 304 304 305
304 305 304 305
305 307 304 305
307 309 304 305
309 312 304 305
312 313 304 305
313 317 304 305
317 320 304 305
320 321 304 305
321 328 304 305
328 329 304 305
329 336 304 305
336 337 304 305
337 344 304 305
266 273 305 312
273 274 305 312
274 281 305 312
281 289 305 312
289 293 305 312
293 297 305 312
297 300 305 309
300 301 305 309
301 304 305 309
304 305 305 307
305 307 305 307
307 309 305 307
309 310 305 307
310 312 305 307
312 313 305 307
313 315 305 307
304 305 307 309
305 307 307 309
307 309 307 309
309 310 307 309
310 312 307 309
312 313 307 309
313 315 307 309
315 317 305 309
317 320 305 309
320 321 305 309
321 324 305 309
324 328 305 309
297 300 309 312
300 301 309 312
301 304 309 312
304 305 309 312
305 307 309 312
307 309 309 312
309 312 309 312
312 313 309 310
313 315 309 310
315 317 309 310
312 313 310 312
313 315 310 312
315 317 310 312
317 320 309 312
320 321 309 312
321 324 309 312
324 328 309 312
328 329 305 312
329 336 305 312
336 337 305 312
337 344 305 312
344 359 297 312
359 360 297 312
360 375 297 312
375 406 281 312
406 437 281 312
437 469 250 312
469 500 250 312
265 266 312 313
265 266 313 328
265 266 328 329
265 266 329 344
266 281 312 313
281 289 312 313
289 297 312 313
297 304 312 313
304 305 312 313
305 309 312 313
309 312 312 313
312 313 312 313
313 315 312 313
315 317 312 313
317 320 312 313
320 321 312 313
321 324 312 313
324 328 312 313
328 329 312 313
329 336 312 313
336 337 312 313
337 344 312 313
344 359 312 313
359 360 312 313
360 375 312 313
375 406 312 313
406 437 312 313
437 469 312 313
469 500 312 313
266 281 313 328
266 281 328 329
266 281 329 344
250 281 344 375
250 281 375 406
250 281 406 437
281 289 313 320
289 297 313 320
297 304 313 320
304 305 313 320
305 309 313 317
309 312 313 317
312 313 313 315
313 315 313 315
315 317 313 315
317 319 313 315
319 320 313 315
320 321 313 315
321 324 313 315
312 313 315 317
313 315 315 317
315 317 315 317
317 319 315 317
319 320 315 317
320 321 315 317
321 324 315 317
324 328 313 317
328 329 313 317
329 333 313 317
333 336 313 317
305 309 317 320
309 312 317 320
312 313 317 320
313 315 317 320
315 317 317 320
317 320 317 320
320 321 317 319
321 322 317 319
322 324 317 319
320 321 319 320
321 322 319 320
322 324 319 320
324 326 317 320
326 328 317 320
328 329 317 320
329 333 317 320
333 336 317 320
336 337 313 320
337 344 313 320
344 351 313 320
351 352 313 320
352 359 313 320
281 289 320 321
281 289 321 328
289 297 320 321
297 304 320 321
304 305 320 321
305 312 320 321
312 313 320 321
313 317 320 321
317 320 320 321
320 321 320 321
321 322 320 321
322 324 320 321
324 326 320 321
326 328 320 321
328 329 320 321
329 333 320 321
333 336 320 321
336 337 320 321
337 344 320 321
344 351 320 321
351 352 320 321
352 359 320 321
289 297 321 328
281 297 328 329
281 297 329 344
281 297 344 359
281 297 359 360
281 297 360 375
297 304 321 328
304 305 321 328
305 312 321 328
312 313 321 328
313 317 321 324
317 320 321 324
320 321 321 324
321 324 321 324
324 326 321 322
326 328 321 322
324 326 322 324
326 328 322 324
328 329 321 324
329 331 321 324
331 333 321 324
333 336 321 324
336 337 321 324
337 340 321 324
340 341 321 324
313 317 324 328
317 320 324 328
320 321 324 328
321 324 324 326
324 326 324 326
326 328 324 326
328 329 324 326
329 331 324 326
331 333 324 326
333 336 324 326
321 324 326 328
324 326 326 328
326 328 326 328
328 329 326 328
329 331 326 328
331 333 326 328
333 336 326 328
336 337 324 328
337 340 324 328
340 341 324 328
341 344 321 328
344 351 321 328
351 352 321 328
352 359 321 328
359 360 313 328
360 375 313 328
375 390 313 328
390 391 313 328
391 406 313 328
297 304 328 329
297 304 329 336
297 304 336 337
304 305 328 329
305 312 328 329
312 313 328 329
313 320 328 329
320 321 328 329
321 324 328 329
324 326 328 329
326 328 328 329
328 329 328 329
329 331 328 329
331 333 328 329
333 336 328 329
336 337 328 329
337 340 328 329
340 341 328 329
341 344 328 329
344 351 328 329
351 352 328 329
352 359 328 329
359 360 328 329
360 375 328 329
375 390 328 329
390 391 328 329
391 406 328 329
304 305 329 336
304 305 336 337
305 312 329 336
312 313 329 336
313 320 329 336
320 321 329 336
321 324 329 333
324 328 329 333
328 329 329 331
329 331 329 331
331 333 329 331
333 334 329 331
334 335 329 331
335 336 329 331
336 337 329 331
337 340 329 331
328 329 331 333
329 331 331 333
331 333 331 333
333 334 331 333
334 335 331 333
335 336 331 333
336 337 331 333
337 340 331 333
340 341 329 333
341 344 329 333
344 347 329 333
347 348 329 333
348 351 329 333
321 324 333 336
324 328 333 336
328 329 333 336
329 331 333 336
331 333 333 336
333 336 333 336
336 337 333 334
337 338 333 334
338 340 333 334
336 337 334 335
337 338 334 335
338 340 334 335
336 337 335 336
337 338 335 336
338 340 335 336
340 341 333 336
341 344 333 336
344 347 333 336
347 348 333 336
348 351 333 336
351 352 329 336
352 359 329 336
359 360 329 336
360 367 329 336
367 368 329 336
368 375 329 336
305 312 336 337
297 312 337 344
297 312 344 359
297 312 359 360
297 312 360 375
281 312 375 406
281 312 406 437
250 312 437 500
312 313 336 337
313 320 336 337
320 321 336 337
321 328 336 337
328 329 336 337
329 333 336 337
333 336 336 337
336 337 336 337
337 338 336 337
338 340 336 337
340 341 336 337
341 344 336 337
344 347 336 337
347 348 336 337
348 351 336 337
351 352 336 337
352 359 336 337
359 360 336 337
360 367 336 337
367 368 336 337
368 375 336 337
312 313 337 344
312 313 344 359
312 313 359 360
312 313 360 375
312 313 375 406
312 313 406 437
312 313 437 500
313 320 337 344
320 321 337 344
321 328 337 344
328 329 337 344
329 333 337 340
333 336 337 340
336 337 337 340
337 340 337 340
340 341 337 338
341 342 337 338
342 343 337 338
340 341 338 340
341 342 338 340
342 343 338 340
343 344 337 340
344 347 337 340
347 348 337 340
348 351 337 340
351 352 337 340
352 355 337 340
355 356 337 340
356 359 337 340
329 333 340 341
333 336 340 341
336 337 340 341
337 340 340 341
340 341 340 341
341 342 340 341
342 343 340 341
343 344 340 341
344 347 340 341
347 348 340 341
348 351 340 341
351 352 340 341
352 355 340 341
355 356 340 341
356 359 340 341
329 333 341 344
333 336 341 344
336 337 341 344
337 340 341 344
340 341 341 344
341 344 341 344
344 345 341 342
345 346 341 342
346 347 341 342
344 345 342 343
345 346 342 343
346 347 342 343
344 345 343 344
345 346 343 344
346 347 343 344
347 348 341 344
348 351 341 344
351 352 341 344
352 355 341 344
355 356 341 344
356 359 341 344
359 360 337 344
360 367 337 344
367 368 337 344
368 375 337 344
375 390 329 344
390 391 329 344
391 406 329 344
406 437 313 344
437 469 313 344
469 500 313 344
313 320 344 351
313 320 351 352
313 320 352 359
320 321 344 351
321 328 344 351
328 329 344 351
329 336 344 351
336 337 344 347
337 340 344 347
340 341 344 347
341 344 344 347
344 347 344 347
347 348 344 345
348 351 344 345
347 348 345 346
348 349 345 346
349 350 345 346
350 351 345 346
347 348 346 347
348 349 346 347
349 350 346 347
350 351 346 347
351 352 344 347
352 355 344 347
355 356 344 347
356 359 344 347
359 360 344 347
360 367 344 347
336 337 347 348
337 340 347 348
340 341 347 348
341 344 347 348
344 347 347 348
347 348 347 348
348 349 347 348
349 350 347 348
350 351 347 348
351 352 347 348
352 355 347 348
355 356 347 348
356 359 347 348
359 360 347 348
360 364 347 348
364 367 347 348
336 337 348 351
337 340 348 351
340 341 348 351
341 344 348 351
344 347 348 351
347 348 348 351
348 351 348 351
351 352 348 349
352 353 348 349
353 354 348 349
351 352 349 350
352 353 349 350
353 354 349 350
351 352 350 351
352 353 350 351
353 354 350 351
354 355 348 351
355 356 348 351
356 359 348 351
359 360 348 351
360 364 348 351
364 367 348 351
367 368 344 351
368 375 344 351
375 382 344 351
382 383 344 351
383 390 344 351
320 321 351 352
320 321 352 359
321 328 351 352
328 329 351 352
329 336 351 352
336 337 351 352
337 340 351 352
340 341 351 352
341 344 351 352
344 347 351 352
347 348 351 352
348 351 351 352
351 352 351 352
352 353 351 352
353 354 351 352
354 355 351 352
355 356 351 352
356 359 351 352
359 360 351 352
360 364 351 352
364 367 351 352
367 368 351 352
368 375 351 352
375 382 351 352
382 383 351 352
383 390 351 352
321 328 352 359
313 328 359 360
313 328 360 375
313 328 375 390
313 328 390 391
313 328 391 406
328 329 352 359
329 336 352 359
336 337 352 359
337 344 352 359
344 347 352 355
347 348 352 355
348 351 352 355
351 352 352 355
352 355 352 355
355 356 352 353
356 357 352 353
357 358 352 353
355 356 353 354
356 357 353 354
357 358 353 354
355 356 354 355
356 357 354 355
357 358 354 355
358 359 352 355
359 360 352 355
360 362 352 355
362 364 352 355
364 367 352 355
367 368 352 355
368 371 352 355
371 372 352 355
344 347 355 356
347 348 355 356
348 351 355 356
351 352 355 356
352 355 355 356
355 356 355 356
356 357 355 356
357 358 355 356
358 359 355 356
359 360 355 356
360 362 355 356
362 364 355 356
364 367 355 356
367 368 355 356
368 371 355 356
371 372 355 356
344 347 356 359
347 348 356 359
348 351 356 359
351 352 356 359
352 355 356 359
355 356 356 359
356 359 356 359
359 360 356 357
360 362 356 357
362 364 356 357
359 360 357 358
360 362 357 358
362 364 357 358
359 360 358 359
360 362 358 359
362 364 358 359
364 367 356 359
367 368 356 359
368 371 356 359
371 372 356 359
372 375 352 359
375 382 352 359
382 383 352 359
383 390 352 359
390 391 344 359
391 406 344 359
406 422 344 359
422 437 344 359
328 329 359 360
328 329 360 375
328 329 375 390
328 329 390 391
328 329 391 406
329 336 359 360
336 337 359 360
337 344 359 360
344 351 359 360
351 352 359 360
352 355 359 360
355 356 359 360
356 359 359 360
359 360 359 360
360 362 359 360
362 364 359 360
364 367 359 360
367 368 359 360
368 371 359 360
371 372 359 360
372 375 359 360
375 382 359 360
382 383 359 360
383 390 359 360
390 391 359 360
391 406 359 360
406 422 359 360
422 437 359 360
329 336 360 367
329 336 367 368
329 336 368 375
336 337 360 367
337 344 360 367
344 351 360 367
351 352 360 367
352 355 360 364
355 356 360 364
356 359 360 364
359 360 360 362
360 362 360 362
362 364 360 362
364 365 360 362
365 366 360 362
366 367 360 362
367 368 360 362
368 371 360 362
359 360 362 364
360 362 362 364
362 364 362 364
364 365 362 364
365 366 362 364
366 367 362 364
367 368 362 364
368 371 362 364
371 372 360 364
372 375 360 364
375 378 360 364
378 379 360 364
379 382 360 364
352 355 364 367
355 356 364 367
356 359 364 367
359 360 364 367
360 362 364 367
362 364 364 367
364 367 364 367
367 368 364 365
368 369 364 365
369 370 364 365
367 368 365 366
368 369 365 366
369 370 365 366
367 368 366 367
368 369 366 367
369 370 366 367
370 371 364 367
371 372 364 367
372 375 364 367
375 378 364 367
378 379 364 367
379 382 364 367
382 383 360 367
383 390 360 367
390 391 360 367
391 398 360 367
398 399 360 367
399 406 360 367
336 337 367 368
336 337 368 375
337 344 367 368
344 351 367 368
351 352 367 368
352 359 367 368
359 360 367 368
360 364 367 368
364 367 367 368
367 368 367 368
368 369 367 368
369 370 367 368
370 371 367 368
371 372 367 368
372 375 367 368
375 378 367 368
378 379 367 368
379 382 367 368
382 383 367 368
383 390 367 368
390 391 367 368
391 398 367 368
398 399 367 368
399 406 367 368
337 344 368 375
329 344 375 390
329 344 390 391
329 344 391 406
313 344 406 437
313 344 437 469
313 344 469 500
344 351 368 375
351 352 368 375
352 359 368 375
359 360 368 375
360 364 368 371
364 367 368 371
367 368 368 371
368 371 368 371
371 372 368 369
372 375 368 369
371 372 369 370
372 373 369 370
373 374 369 370
374 375 369 370
371 372 370 371
372 373 370 371
373 374 370 371
374 375 370 371
375 378 368 371
378 379 368 371
379 382 368 371
382 383 368 371
383 386 368 371
386 387 368 371
387 390 368 371
360 364 371 372
364 367 371 372
367 368 371 372
368 371 371 372
371 372 371 372
372 373 371 372
373 374 371 372
374 375 371 372
375 378 371 372
378 379 371 372
379 382 371 372
382 383 371 372
383 386 371 372
386 387 371 372
387 390 371 372
360 364 372 375
364 367 372 375
367 368 372 375
368 371 372 375
371 372 372 375
372 375 372 375
375 376 372 373
376 377 372 373
377 378 372 373
375 376 373 374
376 377 373 374
377 378 373 374
375 376 374 375
376 377 374 375
377 378 374 375
378 379 372 375
379 382 372 375
382 383 372 375
383 386 372 375
386 387 372 375
387 390 372 375
390 391 368 375
391 398 368 375
398 399 368 375
399 406 368 375
406 414 360 375
414 422 360 375
422 437 360 375
437 453 344 375
453 469 344 375
469 500 344 375
344 351 375 382
344 351 382 383
344 351 383 390
351 352 375 382
352 359 375 382
359 360 375 382
360 367 375 382
367 368 375 378
368 371 375 378
371 372 375 378
372 375 375 378
375 378 375 378
378 379 375 376
379 382 375 376
378 379 376 377
379 380 376 377
380 381 376 377
381 382 376 377
378 379 377 378
379 380 377 378
380 381 377 378
381 382 377 378
382 383 375 378
383 386 375 378
386 387 375 378
387 390 375 378
390 391 375 378
391 398 375 378
367 368 378 379
368 371 378 379
371 372 378 379
372 375 378 379
375 378 378 379
378 379 378 379
379 380 378 379
380 381 378 379
381 382 378 379
382 383 378 379
383 386 378 379
386 387 378 379
387 390 378 379
390 391 378 379
391 394 378 379
394 398 378 379
367 368 379 382
368 371 379 382
371 372 379 382
372 375 379 382
375 378 379 382
378 379 379 382
379 382 379 382
382 383 379 380
383 384 379 380
384 385 379 380
382 383 380 381
383 384 380 381
384 385 380 381
382 383 381 382
383 384 381 382
384 385 381 382
385 386 379 382
386 387 379 382
387 390 379 382
390 391 379 382
391 394 379 382
394 398 379 382
398 399 375 382
399 406 375 382
406 414 375 382
414 422 375 382
351 352 382 383
351 352 383 390
352 359 382 383
359 360 382 383
360 367 382 383
367 368 382 383
368 371 382 383
371 372 382 383
372 375 382 383
375 378 382 383
378 379 382 383
379 382 382 383
382 383 382 383
383 384 382 383
384 385 382 383
385 386 382 383
386 387 382 383
387 390 382 383
390 391 382 383
391 394 382 383
394 398 382 383
398 399 382 383
399 406 382 383
406 414 382 383
414 422 382 383
352 359 383 390
344 359 390 391
344 359 391 406
344 359 406 422
344 359 422 437
359 360 383 390
360 367 383 390
367 368 383 390
368 375 383 390
375 378 383 386
378 379 383 386
379 382 383 386
382 383 383 386
383 386 383 386
386 387 383 384
387 388 383 384
388 389 383 384
386 387 384 385
387 388 384 385
388 389 384 385
386 387 385 386
387 388 385 386
388 389 385 386
389 390 383 386
390 391 383 386
391 394 383 386
394 398 383 386
398 399 383 386
399 406 383 386
375 378 386 387
378 379 386 387
379 382 386 387
382 383 386 387
383 386 386 387
386 387 386 387
387 388 386 387
388 389 386 387
389 390 386 387
390 391 386 387
391 394 386 387
394 398 386 387
398 399 386 387
399 402 386 387
402 403 386 387
403 406 386 387
375 378 387 390
378 379 387 390
379 382 387 390
382 383 387 390
383 386 387 390
386 387 387 390
387 390 387 390
390 391 387 388
391 394 387 388
390 391 388 389
391 392 388 389
392 393 388 389
393 394 388 389
390 391 389 390
391 392 389 390
392 393 389 390
393 394 389 390
394 396 387 390
396 398 387 390
398 399 387 390
399 402 387 390
402 403 387 390
403 406 387 390
406 414 383 390
414 422 383 390
422 437 375 390
437 453 375 390
453 469 375 390
359 360 390 391
360 367 390 391
367 368 390 391
368 375 390 391
375 382 390 391
382 383 390 391
383 386 390 391
386 387 390 391
387 390 390 391
390 391 390 391
391 392 390 391
392 393 390 391
393 394 390 391
394 396 390 391
396 398 390 391
398 399 390 391
399 402 390 391
402 403 390 391
403 406 390 391
406 414 390 391
414 422 390 391
422 437 390 391
437 453 390 391
453 469 390 391
359 360 391 406
359 360 406 422
359 360 422 437
360 367 391 398
367 368 391 398
368 375 391 398
375 382 391 398
382 383 391 398
383 386 391 394
386 387 391 394
387 390 391 394
390 391 391 394
391 394 391 394
394 396 391 392
396 398 391 392
394 396 392 393
396 398 392 393
394 396 393 394
396 398 393 394
398 399 391 394
399 402 391 394
402 403 391 394
403 406 391 394
406 410 391 394
410 414 391 394
383 386 394 398
386 387 394 398
387 390 394 398
390 391 394 398
391 394 394 396
394 396 394 396
396 398 394 396
398 399 394 396
399 400 394 396
400 401 394 396
401 402 394 396
402 403 394 396
403 406 394 396
391 394 396 398
394 396 396 398
396 398 396 398
398 399 396 398
399 400 396 398
400 401 396 398
401 402 396 398
402 403 396 398
403 406 396 398
406 410 394 398
410 414 394 398
414 422 391 398
422 429 391 398
429 437 391 398
360 367 398 399
360 367 399 406
367 368 398 399
368 375 398 399
375 382 398 399
382 383 398 399
383 390 398 399
390 391 398 399
391 394 398 399
394 396 398 399
396 398 398 399
398 399 398 399
399 400 398 399
400 401 398 399
401 402 398 399
402 403 398 399
403 406 398 399
406 410 398 399
410 414 398 399
414 422 398 399
422 429 398 399
429 437 398 399
367 368 399 406
368 375 399 406
375 382 399 406
382 383 399 406
383 390 399 406
390 391 399 406
391 394 399 402
394 398 399 402
398 399 399 402
399 402 399 402
402 403 399 400
403 406 399 400
402 403 400 401
403 404 400 401
404 405 400 401
405 406 400 401
402 403 401 402
403 404 401 402
404 405 401 402
405 406 401 402
406 408 399 402
408 410 399 402
410 414 399 402
414 418 399 402
418 422 399 402
391 394 402 403
394 398 402 403
398 399 402 403
399 402 402 403
402 403 402 403
403 404 402 403
404 405 402 403
405 406 402 403
406 408 402 403
408 410 402 403
410 414 402 403
414 418 402 403
418 422 402 403
391 394 403 406
394 398 403 406
398 399 403 406
399 402 403 406
402 403 403 406
403 406 403 406
406 408 403 404
408 410 403 404
406 408 404 405
408 410 404 405
406 408 405 406
408 410 405 406
410 412 403 406
412 414 403 406
414 418 403 406
418 422 403 406
422 429 399 406
429 437 399 406
437 445 391 406
445 453 391 406
453 469 391 406
469 500 375 406
360 375 406 422
360 375 422 437
344 375 437 469
344 375 469 500
375 382 406 414
382 383 406 414
383 390 406 414
390 391 406 414
391 398 406 410
398 399 406 410
399 402 406 410
402 403 406 410
403 406 406 408
406 408 406 408
408 410 406 408
410 412 406 408
412 414 406 408
414 416 406 408
403 406 408 410
406 408 408 410
408 410 408 410
410 412 408 410
412 414 408 410
414 416 408 410
416 418 406 410
418 422 406 410
422 425 406 410
425 429 406 410
391 398 410 414
398 399 410 414
399 402 410 414
402 403 410 414
403 406 410 414
406 408 410 412
408 410 410 412
410 412 410 412
412 414 410 412
414 416 410 412
416 418 410 412
418 422 410 412
406 410 412 414
410 412 412 414
412 414 412 414
414 416 412 414
416 418 412 414
418 420 412 414
420 422 412 414
422 425 410 414
425 429 410 414
429 437 406 414
437 445 406 414
445 453 406 414
453 461 406 414
375 382 414 422
382 383 414 422
383 390 414 422
390 391 414 422
391 398 414 422
398 399 414 422
399 406 414 418
406 410 414 418
410 412 414 418
412 414 414 416
414 416 414 416
416 418 414 416
418 420 414 416
420 422 414 416
422 425 414 416
412 414 416 418
414 416 416 418
416 418 416 418
418 420 416 418
420 422 416 418
422 425 416 418
425 429 414 418
429 433 414 418
433 437 414 418
399 406 418 422
406 410 418 422
410 414 418 422
414 416 418 422
416 418 418 420
418 420 418 420
420 422 418 420
422 424 418 420
424 425 418 420
425 427 418 420
427 429 418 420
416 418 420 422
418 420 420 422
420 422 420 422
422 424 420 422
424 425 420 422
425 427 420 422
427 429 420 422
429 433 418 422
433 437 418 422
437 445 414 422
445 453 414 422
453 461 414 422
461 469 406 422
469 484 406 422
484 485 406 422
485 500 406 422
375 390 422 437
390 391 422 437
391 398 422 429
398 399 422 429
399 406 422 429
406 410 422 429
410 414 422 429
414 418 422 425
418 420 422 425
420 422 422 425
422 425 422 425
425 427 422 424
427 429 422 424
425 427 424 425
427 429 424 425
429 431 422 425
431 433 422 425
433 437 422 425
437 441 422 425
441 445 422 425
414 418 425 429
418 422 425 429
422 425 425 427
425 427 425 427
427 429 425 427
429 431 425 427
431 433 425 427
433 435 425 427
422 425 427 429
425 427 427 429
427 429 427 429
429 431 427 429
431 433 427 429
433 435 427 429
435 437 425 429
437 441 425 429
441 445 425 429
445 453 422 429
453 461 422 429
461 469 422 429
391 398 429 437
398 399 429 437
399 406 429 437
406 414 429 437
414 418 429 437
418 422 429 433
422 425 429 433
425 427 429 431
427 429 429 431
429 431 429 431
431 433 429 431
433 435 429 431
435 437 429 431
437 441 429 431
425 429 431 433
429 431 431 433
431 433 431 433
433 435 431 433
435 437 431 433
437 439 431 433
439 441 431 433
441 445 429 433
445 449 429 433
449 453 429 433
418 422 433 437
422 425 433 437
425 429 433 437
429 431 433 435
431 433 433 435
433 435 433 435
435 437 433 435
437 439 433 435
439 441 433 435
441 445 433 435
429 433 435 437
433 435 435 437
435 437 435 437
437 439 435 437
439 441 435 437
441 443 435 437
443 445 435 437
445 449 433 437
449 453 433 437
453 461 429 437
461 469 429 437
469 484 422 437
484 485 422 437
485 500 422 437
375 390 437 453
375 390 453 469
390 391 437 453
391 406 437 453
406 414 437 445
414 422 437 445
422 429 437 441
429 433 437 441
433 435 437 441
435 437 437 439
437 439 437 439
439 441 437 439
441 443 437 439
443 445 437 439
445 447 437 439
435 437 439 441
437 439 439 441
439 441 439 441
441 443 439 441
443 445 439 441
445 447 439 441
447 449 437 441
449 453 437 441
453 457 437 441
457 461 437 441
422 429 441 445
429 433 441 445
433 437 441 445
437 439 441 443
439 441 441 443
441 443 441 443
443 445 441 443
445 447 441 443
447 449 441 443
449 453 441 443
437 441 443 445
441 443 443 445
443 445 443 445
445 447 443 445
447 449 443 445
449 451 443 445
451 453 443 445
453 457 441 445
457 461 441 445
461 469 437 445
469 476 437 445
476 477 437 445
477 484 437 445
484 485 437 445
406 414 445 453
414 422 445 453
422 429 445 453
429 433 445 449
433 437 445 449
437 441 445 449
441 443 445 447
443 445 445 447
445 447 445 447
447 449 445 447
449 451 445 447
451 453 445 447
453 457 445 447
441 445 447 449
445 447 447 449
447 449 447 449
449 451 447 449
451 453 447 449
453 455 447 449
455 457 447 449
457 461 445 449
461 465 445 449
465 469 445 449
429 437 449 453
437 441 449 453
441 445 449 453
445 447 449 453
447 449 449 451
449 451 449 451
451 453 449 451
453 455 449 451
455 457 449 451
457 459 449 451
447 449 451 453
449 451 451 453
451 453 451 453
453 455 451 453
455 457 451 453
457 459 451 453
459 461 449 453
461 465 449 453
465 469 449 453
469 476 445 453
476 477 445 453
477 484 445 453
484 485 445 453
485 500 437 453
390 391 453 469
391 406 453 469
406 422 453 469
422 429 453 461
429 437 453 461
437 441 453 461
441 445 453 457
445 449 453 457
449 451 453 455
451 453 453 455
453 455 453 455
455 457 453 455
457 459 453 455
459 461 453 455
461 465 453 455
449 453 455 457
453 455 455 457
455 457 455 457
457 459 455 457
459 461 455 457
461 463 455 457
463 465 455 457
465 469 453 457
469 472 453 457
472 476 453 457
441 445 457 461
445 449 457 461
449 453 457 461
453 455 457 459
455 457 457 459
457 459 457 459
459 461 457 459
461 463 457 459
463 465 457 459
465 469 457 459
453 457 459 461
457 459 459 461
459 461 459 461
461 463 459 461
463 465 459 461
465 467 459 461
467 469 459 461
469 472 457 461
472 476 457 461
476 477 453 461
477 484 453 461
484 485 453 461
485 492 453 461
492 493 453 461
493 500 453 461
422 429 461 469
429 437 461 469
437 445 461 469
445 449 461 469
449 453 461 465
453 457 461 465
457 459 461 465
459 461 461 463
461 463 461 463
463 465 461 463
465 467 461 463
467 469 461 463
469 472 461 463
459 461 463 465
461 463 463 465
463 465 463 465
465 467 463 465
467 469 463 465
469 472 463 465
472 476 461 465
476 477 461 465
477 480 461 465
480 481 461 465
481 484 461 465
449 453 465 469
453 457 465 469
457 461 465 469
461 463 465 467
463 465 465 467
465 467 465 467
467 469 465 467
469 470 465 467
470 472 465 467
472 474 465 467
474 476 465 467
461 465 467 469
465 467 467 469
467 469 467 469
469 470 467 469
470 472 467 469
472 474 467 469
474 476 467 469
476 477 465 469
477 480 465 469
480 481 465 469
481 484 465 469
484 485 461 469
485 492 461 469
492 493 461 469
493 500 461 469
375 406 469 500
406 422 469 484
422 437 469 484
437 445 469 476
445 453 469 476
453 457 469 476
457 461 469 476
461 465 469 472
465 467 469 472
467 469 469 472
469 472 469 472
472 474 469 470
474 476 469 470
472 474 470 472
474 476 470 472
476 477 469 472
477 480 469 472
480 481 469 472
481 484 469 472
484 485 469 472
485 492 469 472
461 465 472 476
465 469 472 476
469 472 472 474
472 474 472 474
474 476 472 474
476 477 472 474
477 479 472 474
479 480 472 474
480 481 472 474
481 484 472 474
469 472 474 476
472 474 474 476
474 476 474 476
476 477 474 476
477 479 474 476
479 480 474 476
480 481 474 476
481 484 474 476
484 485 472 476
485 488 472 476
488 489 472 476
489 492 472 476
492 493 469 476
493 500 469 476
437 445 476 477
445 453 476 477
453 461 476 477
461 465 476 477
465 469 476 477
469 472 476 477
472 474 476 477
474 476 476 477
476 477 476 477
477 479 476 477
479 480 476 477
480 481 476 477
481 484 476 477
484 485 476 477
485 488 476 477
488 489 476 477
489 492 476 477
492 493 476 477
493 500 476 477
437 445 477 484
445 453 477 484
453 461 477 484
461 465 477 484
465 469 477 484
469 472 477 480
472 476 477 480
476 477 477 480
477 480 477 480
480 481 477 479
481 482 477 479
482 483 477 479
483 484 477 479
480 481 479 480
481 482 479 480
482 483 479 480
483 484 479 480
484 485 477 480
485 488 477 480
488 489 477 480
489 492 477 480
492 493 477 480
493 497 477 480
469 472 480 481
472 476 480 481
476 477 480 481
477 480 480 481
480 481 480 481
481 482 480 481
482 483 480 481
483 484 480 481
484 485 480 481
485 488 480 481
488 489 480 481
489 492 480 481
492 493 480 481
493 497 480 481
469 472 481 484
472 476 481 484
476 477 481 484
477 480 481 484
480 481 481 484
481 484 481 484
484 485 481 482
485 486 481 482
486 487 481 482
484 485 482 483
485 486 482 483
486 487 482 483
484 485 483 484
485 486 483 484
486 487 483 484
487 488 481 484
488 489 481 484
489 492 481 484
492 493 481 484
493 497 481 484
497 500 477 484
406 422 484 485
406 422 485 500
422 437 484 485
437 453 484 485
453 461 484 485
461 469 484 485
469 476 484 485
476 477 484 485
477 480 484 485
480 481 484 485
481 484 484 485
484 485 484 485
485 486 484 485
486 487 484 485
487 488 484 485
488 489 484 485
489 492 484 485
492 493 484 485
493 497 484 485
497 500 484 485
422 437 485 500
437 453 485 500
453 461 485 492
461 469 485 492
469 476 485 492
476 477 485 492
477 480 485 488
480 481 485 488
481 484 485 488
484 485 485 488
485 488 485 488
488 489 485 486
489 490 485 486
490 491 485 486
488 489 486 487
489 490 486 487
490 491 486 487
488 489 487 488
489 490 487 488
490 491 487 488
491 492 485 488
492 493 485 488
493 495 485 488
495 497 485 488
497 500 485 488
477 480 488 489
480 481 488 489
481 484 488 489
484 485 488 489
485 488 488 489
488 489 488 489
489 490 488 489
490 491 488 489
491 492 488 489
492 493 488 489
493 495 488 489
495 497 488 489
497 500 488 489
477 480 489 492
480 481 489 492
481 484 489 492
484 485 489 492
485 488 489 492
488 489 489 492
489 492 489 492
492 493 489 490
493 495 489 490
495 497 489 490
492 493 490 491
493 495 490 491
495 497 490 491
492 493 491 492
493 495 491 492
495 497 491 492
497 500 489 492
453 461 492 493
461 469 492 493
469 476 492 493
476 477 492 493
477 484 492 493
484 485 492 493
485 488 492 493
488 489 492 493
489 492 492 493
492 493 492 493
493 495 492 493
495 497 492 493
497 500 492 493
453 461 493 500
461 469 493 500
469 476 493 500
476 477 493 500
477 484 493 500
484 485 493 500
485 488 493 497
488 489 493 497
489 492 493 497
492 493 493 495
493 495 493 495
495 497 493 495
497 498 493 495
498 499 493 495
499 500 493 495
492 493 495 497
493 495 495 497
495 497 495 497
497 498 495 497
498 499 495 497
499 500 495 497
485 488 497 500
488 489 497 500
489 492 497 500
492 493 497 500
493 495 497 500
495 497 497 500
497 500 497 500

