0 0
0 1
0 2
1 3
1 4
3 6
3 7
4 8
4 9
5 10
5 11
6 12
7 13
8 14
9 15
9 16
9 17
9 18
9 19
9 20
12 23
13 24
14 25
14 26
14 27
14 28
14 29
15 30
16 31
16 32
17 33
18 34
19 35
19 36
19 37
20 38
21 39
21 40
21 41
21 42
21 43
22 44
22 45
23 46
24 47
24 48
26 52
26 53
28 55
28 56
29 57
29 58
30 59
30 60
31 61
32 62
33 63
34 64
34 65
34 66
34 67
35 68
36 69
36 70
38 72
38 73
39 74
39 75
39 76
39 77
39 78
42 81
42 82
43 83
43 84
43 85
44 86
44 87
45 88
45 89
45 90
46 91
47 92
48 93
48 94
48 95
48 96
48 97
49 98
50 99
50 100
51 101
52 102
52 103
52 104
53 105
53 106
53 107
53 108
54 109
55 110
55 111
55 112
56 113
56 114
57 115
58 116
58 117
58 118
58 119
59 120
59 121
60 122
60 123
62 125
63 126
65 130
65 131
65 132
66 133
67 134
68 135
68 136
68 137
68 138
70 140
70 141
72 143
72 144
73 145
73 146
74 147
74 148
75 149
76 150
77 151
78 152
78 153
78 154
78 155
78 156
78 157
80 159
81 160
82 161
82 162
82 163
82 164
82 165
83 166
84 167
84 168
85 169
86 170
87 171
87 172
87 173
87 174
87 175
89 179
90 180
91 181
92 182
92 183
92 184
92 185
92 186
92 187
92 188
92 189
92 190
96 194
96 195
97 196
97 197
97 198
97 199
97 200
100 203
101 204
102 205
102 206
102 207
102 208
102 209
105 213
106 214
107 215
107 216
107 217
107 218
107 219
107 220
110 223
111 224
112 225
112 226
112 227
112 228
112 229
115 233
116 234
117 235
117 236
117 237
117 238
118 242
118 243
120 245
120 246
121 247
121 248
121 249
124 252
125 253
126 254
126 255
126 256
126 257
126 258
126 259
129 262
130 263
131 264
131 265
131 266
131 267
131 268
134 272
135 273
136 274
136 275
136 276
136 277
136 278
139 281
140 282
141 283
141 284
141 285
141 286
141 287
141 288
141 289
143 291
143 292
145 294
145 295
146 296
146 297
146 298
146 299
146 300
147 301
147 302
150 305
151 306
151 307
151 308
151 309
153 311
153 312
155 314
156 315
156 316
156 317
156 318
158 320
159 321
160 322
160 323
160 324
161 325
161 326
162 327
162 328
162 329
163 330
164 331
165 332
165 333
165 334
165 335
165 336
168 340
169 341
170 342
170 343
170 344
170 345
170 346
170 347
170 348
172 350
173 351
174 352
175 353
175 354
175 355
175 356
175 357
177 359
177 360
177 361
178 362
179 363
180 364
180 365
182 369
182 370
184 372
184 373
185 374
185 375
185 376
185 377
187 379
187 380
189 382
189 383
190 384
190 385
190 386
190 387
192 389
192 390
194 392
194 393
195 394
197 398
197 399
198 400
198 401
198 402
199 403
199 404
199 405
202 408
203 409
204 410
204 411
204 412
204 413
204 414
204 415
204 416
204 417
205 418
205 419
208 422
209 423
209 424
210 428
210 429
213 432
213 433
213 434
213 435
213 436
214 437
214 438
218 442
218 443
219 444
219 445
219 446
219 447
219 448
222 452
223 453
224 454
224 455
224 456
224 457
224 458
228 462
228 463
229 464
229 465
229 466
229 467
230 468
233 471
233 472
233 473
233 474
233 475
234 476
234 477
237 480
238 481
238 482
238 483
241 486
242 487
243 488
243 489
243 490
243 491
243 492
243 493
246 496
247 497
248 498
248 499
248 500
248 501
248 502
251 506
252 507
253 508
253 509
253 510
253 511
253 512
253 513
255 515
256 516
257 517
257 518
257 519
258 520
258 521
261 525
262 526
263 527
263 528
263 529
263 530
263 531
265 535
265 536
267 538
267 539
268 540
268 541
271 545
272 546
273 547
273 548
273 549
273 550
273 551
273 552
275 554
276 555
277 556
277 557
277 558
277 559
277 560
277 561
277 562
279 564
280 565
281 566
282 567
282 568
282 569
282 570
282 571
285 574
285 575
286 576
286 577
286 578
287 579
287 580
287 581
287 582
289 584
289 585
291 587
292 588
292 589
292 590
292 591
292 592
292 593
293 594
293 595
296 598
297 599
297 600
299 604
299 605
300 606
300 607
301 608
302 609
302 610
302 611
302 612
302 613
303 614
303 615
304 616
304 617
306 619
306 620
307 621
307 622
307 623
308 624
309 625
310 628
311 629
312 630
312 631
314 633
314 634
315 635
315 636
315 637
316 638
316 639
317 640
317 641
318 642
318 643
318 644
319 645
319 646
320 647
321 648
321 649
322 650
322 651
323 652
323 653
323 654
324 655
325 656
326 657
326 658
327 659
328 660
328 661
328 662
329 663
329 664
330 665
330 666
331 667
331 668
332 669
332 670
333 671
333 672
333 673
334 674
334 675
335 676
336 677
336 678
336 679
337 680
338 681
338 682
339 683
340 684
340 685
340 686
341 687
341 688
341 689
341 690
342 691
343 692
343 693
343 694
343 695
345 697
346 698
347 699
347 700
348 701
348 702
348 703
350 706
351 707
351 708
351 709
351 710
352 711
353 712
353 713
353 714
354 715
355 716
355 717
356 718
356 719
357 720
357 721
358 722
359 723
359 724
360 725
360 726
360 727
361 728
361 729
362 730
363 731
364 732
365 733
365 734
365 735
366 736
367 737
367 738
367 739
369 741
369 742
370 743
370 744
370 745
370 746
371 747
371 748
371 749
372 750
372 751
372 752
372 753
372 754
373 755
374 756
375 757
375 758
375 759
375 760
375 761
378 765
379 766
380 767
380 768
380 769
380 770
380 771
384 775
384 776
385 777
385 778
385 779
386 780
386 781
389 784
389 785
389 786
390 787
390 788
390 789
390 790
390 791
390 792
392 794
393 795
394 796
394 797
394 798
394 799
394 800
394 801
397 804
398 805
399 806
399 807
399 808
399 809
399 810
402 814
403 815
404 816
404 817
404 818
404 819
405 820
408 823
408 824
408 825
408 826
408 827
409 828
409 829
409 830
409 831
410 832
411 833
411 834
412 835
412 836
413 837
414 838
414 839
414 840
414 841
414 842
414 843
414 844
417 848
418 849
419 850
419 851
419 852
419 853
419 854
423 858
423 859
424 860
424 861
424 862
424 863
424 864
427 867
428 868
429 869
429 870
429 871
430 872
430 873
432 875
432 876
433 877
433 878
436 882
436 883
437 884
438 885
438 886
438 887
438 888
438 889
441 892
442 893
443 894
443 895
443 896
443 897
443 898
443 899
443 900
443 901
443 902
447 906
448 907
451 911
452 912
453 913
453 914
453 915
453 916
453 917
456 921
457 922
458 923
458 924
458 925
458 926
458 927
458 928
458 929
460 931
461 932
462 933
462 934
462 935
463 936
463 937
463 938
463 939
463 940
463 941
467 945
468 946
468 947
468 948
470 950
471 951
472 952
472 953
472 954
472 955
472 956
472 957
475 960
476 961
477 962
477 963
477 964
477 965
477 966
477 967
480 970
481 971
482 972
482 973
482 974
482 975
482 976
485 984
486 985
487 986
487 987
487 988
487 989
487 990
487 991
490 994
491 995
492 996
492 997
494 999
494 1000
496 1002
496 1003
497 1004
497 1005
497 1006
497 1007
497 1008
497 1009
497 1010
500 1014
501 1015
502 1016
502 1017
502 1018
502 1019
506 1023
506 1024
507 1025
507 1026
507 1027
507 1028
507 1029
507 1030
507 1031
509 1033
510 1034
511 1035
511 1036
511 1037
511 1038
511 1039
511 1040
514 1043
515 1044
516 1045
516 1046
516 1047
517 1048
517 1049
520 1052
521 1053
521 1054
521 1055
521 1056
521 1057
525 1061
526 1062
526 1063
526 1064
526 1065
528 1067
529 1068
530 1069
530 1070
530 1071
531 1072
531 1073
531 1074
531 1075
533 1077
533 1078
535 1080
535 1081
536 1082
536 1083
536 1084
539 1087
540 1088
541 1089
541 1090
541 1091
541 1092
541 1093
545 1101
546 1102
548 1106
549 1107
550 1108
550 1109
550 1110
551 1111
552 1112
554 1114
554 1115
555 1116
555 1117
555 1118
555 1119
555 1120
556 1121
556 1122
559 1125
560 1126
560 1127
560 1128
560 1129
560 1130
560 1131
560 1132
560 1133
560 1134
560 1135
560 1136
564 1140
565 1141
569 1145
570 1146
570 1147
570 1148
570 1149
570 1150
570 1151
573 1155
574 1156
575 1157
575 1158
575 1159
575 1160
575 1161
578 1165
579 1166
580 1167
580 1168
582 1170
583 1171
584 1172
584 1173
584 1174
584 1175
584 1176
584 1177
584 1178
585 1179
585 1180
585 1181
588 1184
589 1185
590 1186
590 1187
590 1188
590 1189
590 1190
590 1191
590 1192
590 1193
590 1194
590 1195
593 1199
594 1200
595 1201
595 1202
597 1204
597 1205
599 1207
599 1208
600 1209
600 1210
600 1211
600 1212
602 1214
602 1215
604 1217
604 1218
605 1219
605 1220
605 1221
605 1222
605 1223
605 1224
605 1225
609 1229
609 1230
610 1231
610 1232
610 1233
610 1234
610 1235
613 1239
614 1240
615 1241
618 1244
618 1245
619 1246
619 1247
619 1248
620 1249
620 1250
620 1251
620 1252
620 1253
620 1254
624 1258
624 1259
625 1260
625 1261
627 1263
628 1264
629 1265
629 1266
629 1267
629 1268
629 1269
632 1273
633 1274
634 1275
634 1276
634 1277
634 1278
634 1279
638 1283
638 1284
639 1285
639 1286
639 1287
640 1288
640 1289
643 1292
643 1293
643 1294
643 1295
643 1296
644 1297
644 1298
644 1299
647 1302
647 1303
648 1304
648 1305
648 1306
649 1307
649 1308
649 1309
652 1312
652 1313
653 1314
653 1315
653 1316
654 1317
654 1318
654 1319
654 1320
656 1322
656 1323
658 1325
658 1326
659 1327
659 1328
663 1332
663 1333
663 1334
663 1335
664 1336
664 1337
668 1346
668 1347
672 1351
672 1352
672 1353
672 1354
672 1355
673 1356
673 1357
677 1361
677 1362
678 1363
678 1364
678 1365
679 1366
679 1367
682 1370
682 1371
682 1372
682 1373
682 1374
683 1375
684 1376
687 1379
688 1380
688 1381
688 1382
691 1385
692 1386
693 1387
693 1388
693 1389
693 1390
693 1391
693 1392
693 1393
693 1394
693 1395
693 1396
696 1400
697 1401
698 1402
701 1405
702 1406
703 1407
703 1408
703 1409
703 1410
703 1411
703 1412
703 1413
704 1414
705 1415
706 1416
707 1417
707 1418
707 1419
707 1420
710 1424
711 1425
712 1426
712 1427
712 1428
712 1429
712 1430
715 1434
716 1435
717 1436
717 1437
717 1438
717 1439
717 1440
717 1441
720 1444
721 1445
722 1446
722 1447
722 1448
722 1449
722 1450
722 1451
724 1453
724 1454
726 1456
726 1457
727 1458
727 1459
730 1463
730 1464
731 1465
731 1466
731 1467
732 1468
732 1469
735 1473
736 1474
737 1475
737 1476
737 1477
737 1478
737 1479
737 1480
740 1483
741 1484
742 1485
742 1486
742 1487
742 1488
742 1489
742 1490
744 1492
745 1493
746 1494
746 1495
746 1496
747 1497
747 1498
750 1501
751 1502
751 1503
751 1504
751 1505
751 1506
751 1507
751 1508
754 1512
755 1513
756 1514
756 1515
756 1516
756 1517
757 1518
760 1521
761 1522
761 1523
764 1531
765 1532
766 1533
766 1534
766 1535
766 1536
766 1537
766 1538
769 1541
770 1542
771 1543
771 1544
771 1545
771 1546
771 1547
771 1548
774 1551
775 1552
776 1553
776 1554
776 1555
776 1556
776 1557
776 1558
779 1561
780 1562
781 1563
781 1564
781 1565
781 1566
781 1567
784 1570
785 1571
785 1572
788 1575
789 1576
790 1577
790 1578
790 1579
790 1580
790 1581
790 1582
790 1583
790 1584
790 1585
795 1590
795 1591
799 1595
799 1596
799 1597
799 1598
799 1599
800 1600
800 1601
800 1602
800 1603
800 1604
800 1605
800 1606
803 1609
804 1610
805 1611
805 1612
805 1613
805 1614
805 1615
805 1616
808 1619
809 1620
810 1621
810 1622
810 1623
810 1624
810 1625
810 1626
813 1629
814 1630
815 1631
815 1632
815 1633
815 1634
815 1635
818 1639
819 1640
820 1641
820 1642
820 1643
820 1644
820 1645
820 1646
822 1648
822 1649
828 1655
828 1656
828 1657
829 1658
829 1659
829 1660
829 1661
829 1662
830 1663
830 1664
833 1667
834 1668
834 1669
838 1673
838 1674
839 1675
839 1676
839 1677
840 1678
840 1679
843 1682
843 1683
843 1684
843 1685
843 1686
844 1687
844 1688
844 1689
844 1690
844 1691
844 1692
844 1693
848 1697
848 1698
849 1699
857 1707
858 1708
859 1709
859 1710
859 1711
859 1712
859 1713
859 1714
859 1715
859 1716
859 1717
859 1718
859 1719
866 1726
867 1727
868 1728
868 1729
868 1730
868 1731
868 1732
868 1733
868 1734
870 1736
870 1737
872 1739
872 1740
873 1741
873 1742
873 1743
876 1746
877 1747
878 1748
878 1749
878 1750
878 1751
878 1752
878 1753
881 1756
881 1757
887 1763
887 1764
887 1765
887 1766
887 1767
887 1768
887 1769
887 1770
887 1771
887 1772
887 1773
887 1774
888 1775
888 1776
888 1777
896 1785
897 1786
898 1787
898 1788
898 1789
898 1790
898 1791
898 1792
898 1793
898 1794
898 1795
898 1796
905 1804
906 1805
907 1806
907 1807
907 1808
907 1809
907 1810
907 1811
907 1812
907 1813
907 1814
907 1815
915 1824
916 1825
917 1826
917 1827
917 1828
917 1829
917 1830
917 1831
917 1832
917 1833
917 1834
917 1835
925 1844
926 1845
927 1846
927 1847
927 1848
927 1849
927 1850
927 1851
927 1852
927 1853
927 1854
927 1855
935 1864
936 1865
937 1866
937 1867
937 1868
937 1869
937 1870
937 1871
937 1872
937 1873
937 1874
937 1875
944 1883
945 1884
946 1885
946 1886
946 1887
946 1888
946 1889
946 1890
946 1891
946 1892
946 1893
946 1894
954 1903
955 1904
956 1905
956 1906
956 1907
956 1908
956 1909
956 1910
959 1913
959 1914
965 1920
965 1921
965 1922
965 1923
965 1924
965 1925
965 1926
965 1927
965 1928
965 1929
965 1930
965 1931
966 1932
966 1933
966 1934
974 1942
975 1943
976 1944
976 1945
976 1946
976 1947
976 1948
976 1949
976 1950
976 1951
976 1952
976 1953
983 1961
984 1962
985 1963
985 1964
985 1965
985 1966
985 1967
985 1968
985 1969
985 1970
985 1971
985 1972
993 1981
994 1982
995 1983
995 1984
995 1985
995 1986
995 1987
995 1988
995 1989
995 1990
995 1991
995 1992
1004 2010
1005 2011
1013 2020
1014 2021
1015 2022
1015 2023
1015 2024
1015 2025
1015 2026
1015 2027
1015 2028
1017 2030
1017 2031
1023 2037
1023 2038
1024 2039
1024 2040
1029 2049
1030 2050
1033 2053
1033 2054
1033 2055
1033 2056
1033 2057
1033 2058
1034 2059
1034 2060
1041 2069
1042 2070
1043 2071
1044 2072
1044 2073
1044 2074
1044 2075
1044 2076
1044 2077
1044 2078
1044 2079
1044 2080
1044 2081
1044 2082
1044 2083
1044 2084
1048 2088
1048 2089
1053 2094
1053 2095
1053 2096
1053 2097
1054 2098
1054 2099
1054 2100
1054 2101
1054 2102
1054 2103
1054 2104
1058 2108
1058 2109
1062 2113
1062 2114
1062 2115
1062 2116
1063 2117
1063 2118
1068 2127
1068 2128
1068 2129
1071 2132
1072 2133
1073 2134
1073 2135
1073 2136
1073 2137
1073 2138
1073 2139
1073 2140
1073 2141
1073 2142
1073 2143
1077 2147
1077 2148
1082 2153
1082 2154
1082 2155
1082 2156
1082 2157
1082 2158
1082 2159
1082 2160
1082 2161
1082 2162
1082 2163
1082 2164
1082 2165
1083 2166
1084 2167
1092 2175
1093 2176
1093 2177
1093 2178
1093 2179
1093 2180
1093 2181
1093 2182
1093 2183
1096 2186
1097 2187
1101 2191
1101 2192
1101 2193
1101 2194
1102 2195
1102 2196
1108 2205
1109 2206
1111 2208
1112 2209
1112 2210
1112 2211
1112 2212
1112 2213
1112 2214
1112 2215
1112 2216
1120 2225
1121 2226
1122 2227
1122 2228
1122 2229
1122 2230
1122 2231
1122 2232
1122 2233
1122 2234
1122 2235
1122 2236
1130 2244
1131 2245
1132 2246
1132 2247
1132 2248
1132 2249
1132 2250
1132 2251
1132 2252
1132 2253
1132 2254
1132 2255
1139 2264
1140 2265
1141 2266
1141 2267
1141 2268
1141 2269
1141 2270
1141 2271
1141 2272
1141 2273
1141 2274
1149 2283
1150 2284
1151 2285
1151 2286
1151 2287
1151 2288
1151 2289
1151 2290
1151 2291
1151 2292
1151 2293
1151 2294
1159 2303
1160 2304
1161 2305
1161 2306
1161 2307
1161 2308
1161 2309
1161 2310
1161 2311
1161 2312
1161 2313
1161 2314
1169 2322
1170 2323
1171 2324
1171 2325
1171 2326
1171 2327
1171 2328
1171 2329
1171 2330
1171 2331
1171 2332
1171 2333
1178 2342
1179 2343
1180 2344
1180 2345
1180 2346
1180 2347
1180 2348
1180 2349
1180 2350
1180 2351
1180 2352
1188 2361
1189 2362
1190 2363
1190 2364
1190 2365
1190 2366
1190 2367
1190 2368
1190 2369
1190 2370
1190 2371
1190 2372
1198 2381
1199 2382
1200 2383
1200 2384
1200 2385
1200 2386
1200 2387
1200 2388
1200 2389
1200 2390
1200 2391
1200 2392
1208 2400
1209 2401
1210 2402
1210 2403
1210 2404
1210 2405
1210 2406
1210 2407
1210 2408
1210 2409
1210 2410
1210 2411
1210 2412
1218 2420
1219 2421
1220 2422
1220 2423
1220 2424
1220 2425
1220 2426
1220 2427
1220 2428
1220 2429
1220 2430
1220 2431
1228 2439
1229 2440
1230 2441
1230 2442
1230 2443
1230 2444
1230 2445
1230 2446
1230 2447
1230 2448
1230 2449
1230 2450
1238 2459
1239 2460
1240 2461
1240 2462
1240 2463
1240 2464
1240 2465
1240 2466
1240 2467
1240 2468
1240 2469
1240 2470
1248 2479
1249 2480
1250 2481
1250 2482
1250 2483
1250 2484
1250 2485
1250 2486
1250 2487
1250 2488
1250 2489
1250 2490
1250 2491
1250 2492
1257 2499
1258 2500
1259 2501
1259 2502
1259 2503
1259 2504
1259 2505
1259 2506
1259 2507
1259 2508
1259 2509
1267 2518
1268 2519
1269 2520
1269 2521
1269 2522
1269 2523
1269 2524
1269 2525
1269 2526
1269 2527
1269 2528
1269 2529
1269 2530
1277 2538
1278 2539
1279 2540
1279 2541
1279 2542
1279 2543
1279 2544
1279 2545
1279 2546
1279 2547
1279 2548
1279 2549
1287 2557
1288 2558
1289 2559
1289 2560
1289 2561
1289 2562
1289 2563
1289 2564
1289 2565
1289 2566
1289 2567
1289 2568
1296 2577
1297 2578
1298 2579
1298 2580
1298 2581
1298 2582
1298 2583
1298 2584
1298 2585
1298 2586
1298 2587
1306 2596
1307 2597
1308 2598
1308 2599
1308 2600
1308 2601
1308 2602
1308 2603
1308 2604
1308 2605
1308 2606
1308 2607
1316 2616
1317 2617
1318 2618
1318 2619
1318 2620
1318 2621
1318 2622
1318 2623
1318 2624
1318 2625
1318 2626
1318 2627
1326 2635
1327 2636
1328 2637
1328 2638
1328 2639
1328 2640
1328 2641
1328 2642
1328 2643
1328 2644
1328 2645
1328 2646
1335 2655
1336 2656
1337 2657
1337 2658
1337 2659
1337 2660
1337 2661
1337 2662
1337 2663
1337 2664
1337 2665
1345 2674
1346 2675
1347 2676
1347 2677
1347 2678
1347 2679
1347 2680
1347 2681
1347 2682
1347 2683
1347 2684
1347 2685
1353 2694
1354 2695
1356 2697
1357 2698
1357 2699
1357 2700
1357 2701
1357 2702
1357 2703
1357 2704
1357 2705
1357 2706
1357 2707
1357 2708
1357 2709
1357 2710
1357 2711
1357 2712
1357 2713
1357 2714
1365 2723
1366 2724
1367 2725
1367 2726
1367 2727
1367 2728
1367 2729
1371 2733
1372 2734
1375 2737
1376 2738
1376 2739
1376 2740
1376 2741
1376 2742
1376 2743
1381 2752
1382 2753
1385 2756
1385 2757
1385 2758
1386 2759
1386 2760
1386 2761
1386 2762
1386 2763
1386 2764
1386 2765
1386 2766
1386 2767
1391 2772
1391 2773
1395 2777
1395 2778
1395 2779
1395 2780
1395 2781
1395 2782
1395 2783
1395 2784
1395 2785
1395 2786
1395 2787
1395 2788
1396 2789
1398 2791
1398 2792
1405 2799
1405 2800
1406 2801
1406 2802
1406 2803
1406 2804
1413 2811
1414 2812
1415 2813
1415 2814
1415 2815
1415 2816
1415 2817
1415 2818
1415 2819
1415 2820
1415 2821
1415 2822
1415 2823
1415 2824
1415 2825
1415 2826
1415 2827
1418 2830
1418 2831
1424 2837
1424 2838
1424 2839
1425 2840
1425 2841
1425 2842
1425 2843
1425 2844
1425 2845
1425 2846
1429 2850
1430 2851
1434 2855
1435 2856
1435 2857
1435 2858
1435 2859
1435 2860
1435 2861
1435 2862
1435 2863
1435 2864
1435 2865
1435 2866
1435 2867
1437 2869
1437 2870
1444 2877
1444 2878
1445 2879
1445 2880
1448 2889
1448 2890
1453 2895
1453 2896
1453 2897
1454 2898
1454 2899
1454 2900
1454 2901
1454 2902
1454 2903
1459 2908
1459 2909
1463 2913
1463 2914
1463 2915
1463 2916
1463 2917
1464 2918
1464 2919
1464 2920
1472 2928
1473 2929
1474 2930
1474 2931
1474 2932
1474 2933
1474 2934
1474 2935
1474 2936
1474 2937
1474 2938
1474 2939
1474 2940
1474 2941
1474 2942
1479 2947
1479 2948
1483 2952
1483 2953
1483 2954
1483 2955
1483 2956
1484 2957
1484 2958
1486 2967
1487 2968
1492 2973
1492 2974
1492 2975
1493 2976
1493 2977
1493 2978
1493 2979
1493 2980
1493 2981
1493 2982
1496 2986
1497 2987
1498 2988
1498 2989
1498 2990
1498 2991
1498 2992
1501 2996
1502 2997
1503 2998
1503 2999
1503 3000
1503 3001
1503 3002
1503 3003
1503 3004
1503 3005
1503 3006
1503 3007
1512 3025
1513 3026
1513 3027
1521 3035
1522 3036
1523 3037
1523 3038
1523 3039
1523 3040
1523 3041
1523 3042
1523 3043
1523 3044
1523 3045
1523 3046
1530 3054
1531 3055
1532 3056
1532 3057
1532 3058
1532 3059
1532 3060
1532 3061
1532 3062
1532 3063
1532 3064
1532 3065
1540 3074
1541 3075
1542 3076
1542 3077
1542 3078
1542 3079
1542 3080
1542 3081
1545 3084
1546 3085
1547 3086
1547 3087
1547 3088
1547 3089
1547 3090
1547 3091
1550 3094
1551 3095
1552 3096
1552 3097
1552 3098
1552 3099
1552 3100
1552 3101
1552 3102
1552 3103
1552 3104
1552 3105
1560 3114
1561 3115
1562 3116
1562 3117
1562 3118
1562 3119
1562 3120
1562 3121
1562 3122
1562 3123
1562 3124
1562 3125
1569 3133
1570 3134
1571 3135
1571 3136
1571 3137
1571 3138
1571 3139
1575 3143
1575 3144
1576 3145
1576 3146
1576 3147
1576 3148
1576 3149
1579 3153
1580 3154
1581 3155
1581 3156
1581 3157
1581 3158
1581 3159
1581 3160
1581 3161
1581 3162
1582 3163
1582 3164
1590 3172
1590 3173
1590 3174
1590 3175
1590 3176
1590 3177
1590 3178
1590 3179
1590 3180
1590 3181
1591 3182
1592 3183
1595 3186
1596 3187
1596 3188
1596 3189
1599 3192
1600 3193
1601 3194
1601 3195
1601 3196
1601 3197
1601 3198
1601 3199
1601 3200
1601 3201
1601 3202
1601 3203
1601 3204
1601 3205
1607 3211
1608 3212
1609 3213
1610 3214
1610 3215
1610 3216
1610 3217
1610 3218
1610 3219
1610 3220
1610 3221
1610 3222
1610 3223
1618 3231
1619 3232
1620 3233
1620 3234
1620 3235
1620 3236
1620 3237
1620 3238
1620 3239
1620 3240
1620 3241
1620 3242
1629 3260
1630 3261
1630 3262
1638 3270
1639 3271
1640 3272
1640 3273
1640 3274
1640 3275
1640 3276
1640 3277
1640 3278
1640 3279
1640 3280
1640 3281
1647 3289
1648 3290
1649 3291
1649 3292
1649 3293
1649 3294
1649 3295
1649 3296
1649 3297
1649 3298
1649 3299
1649 3300
1657 3309
1658 3310
1659 3311
1659 3312
1659 3313
1659 3314
1659 3315
1659 3316
1659 3317
1659 3318
1660 3319
1661 3320
1668 3327
1669 3328
1670 3329
1674 3333
1675 3334
1678 3337
1679 3338
1680 3339
1681 3339
1682 3339
1686 3343
1687 3344
1688 3344
1689 3344
1692 3347
1693 3347
1694 3348
1695 3348
1696 3348
1697 3349
1698 3350
1701 3353
1702 3353
1703 3353
1704 3353
1705 3353
1706 3353
1707 3353
1708 3354
1709 3354
1710 3354
1711 3354
1712 3354
1716 3358
1717 3359
1718 3359
1719 3359
1720 3359
1721 3359
1722 3359
1725 3362
1726 3363
1727 3363
1728 3363
1731 3366
1732 3366
1733 3367
1734 3367
1735 3367
1736 3368
1737 3368
1738 3368
1739 3368
1740 3368
1741 3368
1745 3372
1746 3373
1747 3373
1748 3373
1749 3373
1750 3373
1751 3373
1752 3373
1756 3377
1757 3377
1758 3378
1759 3378
1760 3378
1761 3378
1765 3382
1766 3383
1767 3383
1768 3383
1769 3383
1770 3383
1774 3387
1775 3388
1776 3388
1777 3388
1778 3388
1779 3388
1780 3388
1781 3388
1785 3392
1786 3393
1787 3393
1788 3393
1789 3393
1790 3393
1791 3393
1795 3397
1796 3398
1797 3398
1798 3398
1799 3398
1800 3398
1801 3398
1804 3401
1805 3402
1809 3406
1810 3406
1811 3406
1812 3406
1813 3406
1814 3407
1815 3407
1819 3411
1820 3412
1821 3412
1822 3412
1823 3412
1824 3413
1825 3414
1827 3416
1828 3417
1829 3417
1830 3417
1831 3417
1834 3420
1835 3420
1836 3421
1837 3421
1838 3422
1839 3422
1840 3422
1841 3422
1844 3425
1845 3426
1846 3427
1847 3427
1848 3427
1849 3427
1850 3427
1854 3431
1855 3432
1856 3432
1857 3432
1858 3432
1859 3432
1860 3432
1864 3436
1865 3437
1868 3440
1869 3441
1870 3441
1871 3441
1872 3441
1873 3441
1874 3442
1875 3442
1878 3445
1879 3445
1880 3445
1881 3445
1882 3445
1883 3445
1884 3446
1885 3446
1886 3446
1887 3446
1888 3446
1892 3450
1893 3451
1894 3452
1897 3455
1898 3455
1899 3455
1900 3455
1901 3455
1902 3455
1903 3456
1904 3456
1905 3456
1906 3456
1907 3456
1908 3456
1912 3460
1913 3461
1914 3462
1917 3465
1918 3465
1919 3465
1920 3465
1921 3465
1922 3466
1923 3466
1924 3466
1925 3466
1926 3466
1927 3466
1928 3466
1932 3470
1933 3471
1937 3475
1938 3476
1939 3476
1940 3476
1941 3476
1942 3476
1943 3476
1944 3476
1945 3476
1947 3478
1948 3479
1949 3480
1950 3480
1951 3480
1952 3481
1953 3481
1956 3484
1957 3484
1958 3484
1959 3484
1960 3484
1961 3485
1962 3485
1963 3485
1964 3485
1966 3487
1967 3487
1969 3489
1970 3489
1971 3490
1972 3490
1976 3492
1977 3492
1979 3494
1980 3494
1981 3495
1982 3496
1983 3497
1984 3497
1986 3499
1987 3499
1988 3499
1989 3499
1990 3499
1991 3500
1992 3500
1993 3500
1994 3501
1995 3502
1996 3503
1997 3504
1998 3504
1999 3504
2000 3504
2001 3505
2002 3505
2003 3505
2004 3506
2005 3507
2006 3508
2007 3509
2008 3509
2009 3509
2010 3510
2011 3510
2012 3510
2013 3510
2014 3511
2015 3512
2016 3513
2017 3514
2018 3514
2019 3514
2020 3514
2021 3514
2022 3515
2023 3515
2025 3517
2026 3517
2027 3518
2028 3518
2029 3518
2030 3519
2031 3519
2032 3519
2033 3520
2034 3521
2035 3521
2039 3522
2040 3523
2041 3524
2042 3524
2043 3524
2044 3524
2045 3525
2046 3526
2047 3526
2049 3528
2050 3528
2051 3529
2052 3529
2053 3529
2054 3530
2055 3531
2056 3531
2058 3533
2059 3534
2060 3534
2061 3534
2062 3534
2063 3534
2064 3535
2065 3536
2066 3536
2067 3536
2068 3536
2069 3537
2070 3538
2071 3539
2072 3539
2073 3539
2074 3539
2075 3539
2076 3539
2077 3540
2078 3541
2079 3541
2080 3541
2082 3543
2083 3544
2084 3544
2085 3544
2086 3544
2087 3545
2088 3546
2089 3546
2090 3546
2091 3546
2093 3548
2094 3548
2095 3549
2096 3549
2097 3549
2098 3550
2099 3550
2100 3551
2101 3551
2102 3551
2103 3551
2104 3552
2105 3553
2106 3554
2107 3554
2108 3554
2109 3554
2110 3554
2112 3556
2113 3556
2114 3557
2115 3557
2116 3557
2117 3558
2118 3558
2122 3562
2123 3562
2124 3562
2125 3562
2126 3562
2127 3563
2128 3563
2129 3563
2132 3566
2133 3566
2134 3567
2135 3567
2136 3567
2137 3568
2138 3569
2139 3570
2140 3570
2141 3570
2142 3571
2143 3572
2144 3573
2145 3573
2146 3573
2147 3574
2148 3575
2150 3577
2151 3577
2152 3577
2153 3577
2154 3577
2155 3577
2156 3577
2157 3578
2161 3580
2162 3580
2164 3582
2165 3582
2166 3583
2167 3583
2168 3583
2169 3583
2170 3583
2171 3583
2172 3583
2176 3587
2177 3588
2178 3588
2179 3588
2180 3588
2181 3588
2185 3592
2186 3593
2187 3593
2188 3593
2189 3593
2190 3593
2191 3593
2192 3593
2195 3596
2196 3597
2197 3597
2200 3600
2201 3600
2202 3601
2203 3601
2204 3601
2205 3602
2206 3603
2209 3606
2210 3606
2211 3606
2212 3606
2213 3606
2214 3606
2215 3607
2216 3607
2217 3607
2218 3607
2219 3607
2220 3607
2224 3611
2225 3612
2226 3612
2227 3612
2228 3612
2229 3612
2233 3616
2234 3617
2235 3617
2236 3617
2237 3617
2238 3617
2239 3617
2240 3617
2244 3621
2245 3622
2246 3622
2250 3626
2251 3627
2254 3630
2255 3631
2256 3632
2257 3632
2258 3632
2259 3632
2260 3632
2261 3632
2264 3635
2265 3636
2266 3636
2267 3636
2268 3636
2269 3636
2270 3636
2271 3636
2273 3638
2274 3638
2276 3640
2277 3640
2278 3640
2279 3640
2280 3640
2281 3640
2282 3640
2283 3641
2284 3641
2285 3641
2286 3641
2287 3641
2288 3641
2292 3645
2293 3646
2294 3646
2295 3646
2296 3646
2297 3646
2298 3646
2299 3646
2303 3650
2304 3651
2308 3655
2309 3656
2312 3659
2313 3660
2314 3661
2315 3661
2316 3661
2317 3661
2318 3661
2319 3661
2320 3661
2322 3663
2323 3664
2324 3665
2325 3665
2326 3665
2327 3665
2328 3665
2329 3665
2330 3665
2331 3665
2332 3665
2333 3666
2334 3666
2335 3666
2336 3666
2337 3666
2341 3670
2342 3671
2343 3671
2344 3671
2345 3671
2346 3671
2347 3671
2348 3671
2351 3674
2352 3675
2356 3679
2357 3679
2358 3679
2359 3679
2360 3679
2361 3680
2362 3680
2363 3680
2364 3680
2365 3680
2366 3680
2367 3680
2371 3684
2372 3685
2373 3685
2374 3685
2375 3685
2376 3685
2380 3689
2381 3690
2382 3691
2385 3694
2386 3694
2387 3694
2388 3694
2389 3694
2390 3695
2391 3695
2392 3695
2393 3695
2394 3695
2395 3695
2399 3699
2400 3700
2401 3700
2402 3700
2403 3700
2404 3700
2405 3700
2406 3700
2410 3704
2411 3705
2412 3705
2413 3705
2414 3705
2415 3705
2416 3705
2417 3705
2420 3708
2421 3709
2422 3710
2423 3710
2424 3710
2425 3710
2426 3710
2429 3713
2430 3714
2431 3715
2432 3715
2433 3715
2434 3715
2435 3715
2436 3715
2439 3718
2440 3719
2441 3720
2442 3720
2443 3720
2444 3720
2445 3720
2446 3720
2447 3720
2448 3720
2449 3721
2450 3722
2452 3724
2453 3724
2454 3724
2455 3724
2456 3724
2457 3724
2458 3725
2459 3726
2460 3727
2462 3729
2463 3730
2464 3730
2465 3730
2466 3730
2467 3730
2469 3732
2470 3732
2472 3734
2473 3734
2474 3734
2475 3734
2476 3735
2479 3738
2480 3739
2481 3740
2482 3740
2483 3740
2484 3740
2488 3744
2489 3745
2490 3745
2499 3748
2500 3749
2501 3750
2502 3750
2503 3750
2504 3750
2507 3753
2508 3754
2509 3754
2510 3754
2511 3754
2512 3754
2513 3754
2514 3754
2518 3757
2519 3758
2520 3759
2521 3759
2522 3759
2523 3759
2527 3763
2528 3764
2529 3764
2530 3764
2531 3764
2532 3764
2533 3764
2534 3764
2538 3768
2539 3768
2540 3769
2541 3769
2542 3769
2546 3773
2547 3774
2548 3774
2549 3774
2550 3774
2551 3774
2552 3774
2553 3774
2554 3774
2557 3777
2558 3778
2559 3779
2560 3779
2561 3779
2562 3779
2563 3779
2564 3779
2567 3782
2568 3783
2569 3784
2570 3784
2571 3784
2572 3784
2576 3788
2577 3789
2578 3789
2579 3789
2580 3789
2581 3789
2582 3789
2585 3792
2586 3793
2587 3793
2588 3793
2589 3793
2590 3793
2591 3793
2592 3793
2596 3796
2597 3797
2598 3798
2599 3798
2600 3798
2601 3798
2602 3798
2603 3798
2606 3801
2607 3802
2608 3803
2609 3803
2610 3803
2611 3803
2612 3803
2613 3803
2616 3806
2617 3807
2618 3808
2619 3808
2620 3808
2621 3808
2622 3808
2623 3808
2624 3808
2625 3808
2626 3808
2627 3808
2628 3808
2629 3808
2630 3808
2634 3812
2635 3813
2636 3814
2639 3817
2640 3818
2641 3818
2642 3818
2643 3818
2644 3818
2645 3818
2646 3818
2647 3818
2651 3822
2652 3823
2655 3826
2656 3827
2657 3828
2658 3828
2659 3828
2660 3828
2661 3828
2662 3828
2664 3830
2665 3830
2666 3831
2667 3831
2668 3831
2669 3832
2670 3832
2671 3832
2674 3835
2675 3836
2676 3837
2677 3837
2678 3837
2679 3837
2680 3837
2681 3837
2682 3837
2684 3839
2685 3839
2687 3841
2688 3842
2689 3842
2690 3842
2691 3842
2694 3845
2695 3846
2696 3847
2697 3847
2698 3847
2699 3847
2700 3847
2701 3847
2702 3847
2703 3848
2704 3848
2707 3851
2708 3851
2709 3851
2710 3852
2713 3855
2714 3856
2715 3857
2716 3857
2717 3857
2718 3857
2719 3857
2720 3857
2721 3857
2722 3857
2723 3857
2724 3857
2725 3857
2729 3861
2730 3862
2733 3865
2734 3866
2735 3867
2736 3867
2737 3867
2738 3867
2739 3867
2740 3867
2742 3869
2743 3869
2749 3875
2750 3875
2751 3875
2752 3876
2753 3876
2754 3876
2755 3876
2756 3876
2757 3876
2758 3876
2759 3876
2762 3879
2763 3880
2764 3881
2765 3881
2766 3881
2767 3881
2768 3881
2769 3881
2772 3884
2773 3885
2774 3886
2775 3886
2776 3886
2777 3886
2778 3886
2779 3886
2781 3888
2782 3889
2783 3890
2784 3890
2785 3890
2786 3891
2787 3891
2788 3891
2791 3894
2792 3895
2793 3896
2794 3896
2795 3896
2796 3896
2797 3896
2798 3896
2799 3896
2801 3898
2802 3898
2804 3900
2805 3900
2806 3900
2807 3901
2808 3901
2811 3904
2812 3905
2813 3906
2814 3906
2815 3906
2816 3906
2817 3906
2818 3906
2820 3908
2821 3908
2822 3909
2823 3910
2824 3910
2825 3910
2826 3910
2830 3913
2831 3914
2832 3915
2833 3915
2834 3915
2835 3915
2836 3915
2837 3915
2840 3918
2841 3919
2842 3920
2843 3920
2844 3920
2845 3920
2846 3920
2847 3920
2850 3923
2851 3924
2852 3925
2853 3925
2854 3925
2855 3925
2859 3929
2860 3930
2861 3930
2862 3930
2863 3930
2864 3930
2865 3930
2866 3930
2869 3933
2870 3934
2871 3935
2872 3935
2873 3935
2874 3935
2878 3939
2879 3940
2880 3940
2881 3940
2882 3940
2883 3940
2884 3940
2888 3944
2889 3945
2890 3945
2891 3945
2892 3945
2893 3945
2894 3945
2895 3945
2896 3945
2898 3947
2899 3948
2900 3949
2901 3949
2902 3949
2903 3949
2904 3949
2908 3953
2909 3953
2910 3954
2911 3954
2912 3954
2913 3954
2914 3954
2915 3954
2918 3957
2919 3958
2920 3959
2921 3959
2922 3959
2923 3959
2924 3959
2925 3959
2928 3962
2929 3963
2930 3964
2931 3964
2932 3964
2933 3964
2937 3968
2938 3968
2939 3969
2940 3969
2941 3969
2942 3969
2943 3969
2944 3969
2947 3972
2948 3973
2949 3974
2950 3974
2951 3974
2952 3974
2953 3974
2954 3974
2957 3977
2958 3978
2959 3979
2960 3979
2961 3979
2962 3979
2963 3979
2964 3979
2967 3982
2968 3983
2969 3984
2970 3984
2971 3984
2972 3984
2973 3984
2974 3984
2976 3986
2977 3987
2978 3988
2979 3988
2980 3988
2981 3988
2982 3988
2986 3991
2987 3992
2988 3993
2989 3993
2990 3993
2991 3993
2992 3993
2993 3993
2996 3996
2997 3997
2998 3998
2999 3998
3000 3998
3001 3998
3002 3998
3006 4002
3007 4002
3008 4003
3009 4003
3010 4003
3011 4003
3012 4003
3013 4003
3014 4003
3015 4004
3016 4004
3019 4007
3020 4007
3021 4007
3022 4007
3023 4007
3024 4007
3025 4008
3026 4008
3027 4008
3028 4008
3029 4008
3030 4008
3031 4008
3035 4012
3036 4013
3037 4013
3038 4013
3039 4013
3040 4013
3041 4013
3045 4017
3046 4018
3047 4018
3048 4018
3049 4018
3053 4022
3054 4023
3055 4023
3058 4026
3059 4027
3060 4027
3064 4029
3065 4030
3066 4031
3067 4031
3068 4031
3069 4032
3073 4036
3074 4037
3075 4038
3078 4041
3079 4041
3080 4041
3081 4041
3082 4041
3083 4041
3084 4041
3085 4041
3086 4042
3087 4042
3088 4042
3089 4042
3090 4042
3094 4046
3095 4046
3096 4047
3097 4047
3098 4047
3099 4047
3100 4047
3104 4051
3105 4051
3106 4052
3107 4052
3108 4052
3109 4052
3110 4052
3111 4052
3114 4055
3115 4056
3116 4057
3117 4057
3118 4057
3119 4057
3123 4061
3124 4062
3125 4063
3127 4065
3128 4065
3129 4065
3130 4065
3131 4065
3132 4065
3133 4065
3134 4065
3135 4066
3136 4066
3138 4068
3139 4068
3141 4070
3142 4070
3143 4071
3144 4071
3145 4071
3146 4071
3147 4071
3148 4071
3149 4071
3153 4075
3154 4075
3155 4076
3156 4076
3157 4076
3158 4076
3162 4080
3163 4081
3164 4081
3165 4081
3166 4081
3167 4081
3168 4081
3172 4085
3173 4085
3174 4086
3175 4086
3176 4086
3177 4086
3181 4090
3182 4091
3183 4091
3184 4091
3185 4091
3186 4091
3187 4091
3188 4091
3189 4091
3192 4094
3193 4095
3194 4096
3195 4096
3196 4096
3197 4096
3198 4096
3199 4096
3202 4099
3203 4100
3204 4101
3205 4101
3206 4101
3207 4101
3210 4104
3211 4105
3212 4105
3213 4105
3216 4108
3217 4108
3218 4109
3219 4109
3220 4109
3221 4110
3222 4111
3225 4114
3226 4114
3227 4114
3228 4114
3229 4114
3230 4114
3231 4114
3232 4114
3233 4115
3234 4115
3235 4115
3236 4115
3237 4115
3241 4119
3242 4119
3243 4120
3244 4120
3245 4120
3246 4120
3250 4124
3251 4124
3252 4125
3253 4125
3254 4125
3255 4125
3256 4125
3260 4129
3261 4129
3262 4130
3263 4130
3264 4130
3265 4130
3266 4130
3267 4130
3270 4133
3271 4134
3272 4135
3273 4135
3274 4135
3275 4135
3276 4135
3277 4135
3280 4138
3281 4139
3282 4140
3283 4140
3284 4140
3285 4140
3286 4140
3289 4143
3290 4143
3291 4144
3292 4144
3293 4144
3294 4144
3295 4144
3299 4147
3300 4148
3301 4149
3302 4149
3303 4149
3304 4149
3305 4149
3306 4149
3309 4152
3310 4153
3311 4154
3312 4154
3313 4154
3314 4154
3315 4154
3316 4154
3319 4157
3320 4158
3321 4159
3322 4159
3323 4159
3324 4159
3325 4159
3326 4159
3327 4159
3328 4160
3329 4160
3332 4163
3333 4163
3334 4163
3335 4163
3336 4163
3337 4163
3338 4164
3339 4165
3342 4168
3343 4168
3344 4168
3345 4168
3346 4168
3347 4168
3348 4168
3349 4169
3350 4169
3354 4173
3355 4174
3358 4177
3359 4178
3360 4179
3361 4179
3362 4179
3363 4179
3364 4179
3365 4179
3367 4181
3368 4181
3369 4182
3370 4182
3371 4182
3372 4183
3373 4183
3374 4183
3377 4186
3378 4187
3379 4188
3380 4188
3381 4188
3382 4188
3386 4192
3387 4193
3388 4193
3389 4193
3390 4193
3391 4193
3392 4193
3396 4197
3397 4198
3398 4198
3406 4201
3407 4202
3408 4203
3409 4203
3410 4203
3411 4203
3415 4207
3416 4208
3417 4208
3426 4211
3427 4212
3428 4213
3429 4213
3430 4213
3431 4213
3435 4217
3436 4218
3437 4218
3438 4218
3439 4218
3440 4218
3441 4218
3442 4218
3445 4221
3446 4221
3447 4222
3448 4222
3450 4224
3451 4224
3453 4226
3454 4226
3455 4227
3456 4227
3457 4227
3458 4227
3459 4227
3460 4227
3461 4227
3465 4231
3466 4231
3467 4232
3468 4232
3469 4232
3470 4232
3471 4232
3472 4232
3475 4235
3476 4236
3477 4237
3478 4237
3479 4237
3480 4237
3481 4237
3484 4240
3485 4241
3486 4242
3487 4242
3488 4242
3489 4242
3490 4242
3491 4242
3494 4245
3495 4246
3496 4247
3497 4247
3498 4247
3499 4247
3500 4247
3501 4247
3504 4250
3505 4251
3506 4252
3507 4252
3508 4252
3509 4252
3513 4256
3514 4257
3515 4257
3516 4257
3517 4257
3518 4257
3519 4257
3520 4257
3521 4257
3523 4259
3524 4260
3525 4261
3526 4261
3527 4261
3528 4262
3529 4262
3532 4265
3533 4265
3534 4265
3535 4266
3536 4266
3537 4266
3538 4266
3539 4266
3540 4266
3543 4269
3544 4270
3545 4271
3546 4271
3547 4271
3548 4271
3549 4271
3553 4275
3554 4275
3555 4276
3556 4276
3557 4276
3558 4276
3559 4276
3562 4279
3563 4280
3564 4281
3565 4281
3566 4281
3567 4281
3568 4281
3572 4285
3573 4285
3574 4286
3575 4286
3576 4286
3577 4286
3578 4286
3579 4286
3582 4289
3583 4290
3584 4291
3585 4291
3586 4291
3587 4291
3588 4291
3589 4291
3590 4291
3591 4291
3592 4292
3593 4292
3596 4295
3597 4295
3598 4295
3599 4295
3600 4295
3601 4296
3602 4296
3605 4299
3606 4300
3607 4300
3608 4300
3609 4300
3610 4300
3611 4300
3612 4300
3616 4303
3617 4304
3618 4305
3619 4305
3621 4307
3622 4307
3624 4309
3625 4309
3626 4309
3627 4309
3628 4310
3631 4313
3632 4314
3633 4315
3634 4315
3635 4315
3636 4315
3637 4315
3638 4315
3639 4315
3640 4315
3641 4316
3644 4319
3645 4319
3646 4319
3647 4320
3650 4323
3651 4324
3652 4325
3653 4325
3654 4325
3655 4325
3656 4325
3657 4325
3658 4325
3660 4327
3661 4327
3663 4329
3664 4329
3665 4329
3666 4329
3667 4329
3668 4329
3669 4330
3670 4331
3671 4331
3674 4334
3675 4334
3676 4334
3677 4334
3678 4334
3679 4335
3680 4335
3681 4335
3682 4335
3683 4335
3684 4335
3688 4339
3689 4340
3690 4340
3691 4340
3692 4340
3693 4340
3694 4340
3695 4340
3699 4344
3700 4345
3701 4345
3702 4345
3703 4345
3704 4345
3705 4345
3709 4349
3710 4349
3711 4350
3712 4350
3713 4350
3714 4350
3715 4350
3719 4354
3720 4354
3721 4355
3722 4355
3723 4355
3724 4355
3728 4359
3729 4360
3730 4360
3731 4360
3732 4360
3733 4360
3734 4360
3735 4360
3739 4364
3740 4364
3741 4365
3742 4365
3743 4365
3744 4365
3745 4365
3749 4369
3750 4370
3751 4370
3752 4370
3753 4370
3754 4370
3758 4374
3759 4374
3760 4375
3761 4375
3762 4375
3763 4376
3764 4377
3765 4378
3766 4379
3767 4379
3768 4379
3769 4379
3773 4383
3774 4383
3775 4384
3776 4384
3777 4384
3778 4384
3779 4384
3780 4384
3784 4388
3785 4389
3788 4392
3789 4393
3790 4394
3791 4394
3792 4394
3793 4394
3794 4394
3795 4394
3797 4396
3798 4396
3800 4398
3801 4398
3802 4398
3803 4398
3804 4399
3807 4402
3808 4403
3809 4404
3810 4404
3811 4404
3812 4404
3813 4404
3814 4404
3817 4407
3818 4407
3819 4408
3820 4408
3821 4408
3822 4408
3823 4408
3824 4409
3827 4412
3828 4413
3829 4414
3830 4414
3831 4414
3832 4414
3835 4417
3836 4418
3837 4418
3841 4420
3842 4420
3844 4422
3845 4422
3846 4422
3847 4422
3848 4423
3849 4423
3850 4423
3851 4423
3852 4423
3856 4427
3857 4428
3858 4428
3859 4428
3860 4428
3861 4428
3865 4432
3866 4433
3867 4433
3868 4433
3869 4433
3870 4433
3874 4437
3875 4438
3876 4439
3879 4442
3880 4442
3881 4442
3882 4442
3883 4442
3884 4442
3885 4442
3886 4443
3895 4446
3896 4447
3897 4448
3898 4448
3899 4448
3900 4448
3904 4452
3905 4453
3906 4453
3907 4453
3908 4453
3909 4453
3910 4453
3911 4453
3914 4456
3915 4457
3919 4461
3920 4461
3921 4461
3922 4461
3923 4461
3924 4462
3925 4462
3926 4462
3927 4462
3928 4462
3929 4462
3933 4466
3934 4467
3935 4467
3936 4467
3937 4467
3938 4467
3939 4467
3943 4471
3944 4472
3945 4473
3948 4476
3949 4476
3950 4476
3951 4476
3952 4476
3953 4476
3954 4476
3955 4477
3956 4477
3957 4477
3958 4477
3962 4481
3963 4482
3964 4482
3965 4482
3966 4482
3967 4482
3968 4482
3972 4486
3973 4487
3974 4487
3975 4487
3976 4487
3977 4487
3978 4487
3982 4491
3983 4492
3984 4492
3985 4492
3986 4492
3987 4492
3988 4492
3991 4495
3992 4496
3993 4497
3996 4500
3997 4500
3998 4500
3999 4500
4000 4500
4001 4500
4002 4501
4003 4501
4004 4501
4005 4501
4006 4501
4007 4501
4008 4501
4012 4505
4013 4506
4014 4506
4015 4506
4016 4506
4017 4506
4021 4510
4022 4511
4023 4511
4024 4511
4025 4511
4026 4511
4030 4515
4031 4516
4032 4516
4033 4516
4034 4516
4035 4516
4036 4516
4037 4516
4041 4520
4042 4521
4043 4521
4044 4521
4045 4521
4046 4521
4050 4525
4051 4526
4052 4526
4053 4526
4054 4526
4055 4526
4056 4526
4060 4530
4061 4531
4062 4531
4063 4531
4064 4531
4065 4531
4066 4531
4069 4534
4070 4535
4071 4535
4072 4535
4075 4538
4076 4538
4077 4539
4078 4539
4079 4539
4080 4540
4081 4540
4082 4540
4083 4540
4084 4540
4085 4540
4089 4544
4090 4545
4091 4545
4092 4545
4093 4545
4094 4545
4095 4545
4099 4549
4100 4550
4101 4551
4104 4554
4105 4554
4106 4554
4107 4554
4108 4554
4109 4554
4110 4555
4111 4555
4112 4555
4113 4555
4114 4555
4118 4559
4119 4560
4120 4560
4121 4560
4122 4560
4123 4560
4124 4560
4125 4560
4129 4564
4130 4565
4131 4565
4132 4565
4133 4565
4134 4565
4138 4569
4139 4570
4140 4570
4141 4570
4142 4570
4143 4570
4144 4570
4147 4573
4148 4574
4149 4574
4153 4578
4154 4578
4155 4579
4156 4579
4157 4579
4158 4580
4159 4580
4162 4583
4163 4583
4164 4583
4165 4583
4166 4583
4167 4584
4168 4585
4169 4585
4172 4588
4173 4588
4174 4588
4175 4588
4176 4588
4177 4588
4178 4589
4179 4589
4180 4589
4181 4589
4182 4589
4186 4593
4187 4594
4188 4595
4191 4598
4192 4598
4193 4598
4194 4598
4195 4598
4196 4598
4197 4598
4198 4599
4199 4599
4200 4599
4201 4599
4205 4603
4206 4604
4207 4605
4208 4605
4211 4608
4212 4609
4213 4609
4214 4609
4215 4609
4216 4609
4217 4610
4218 4610
4220 4612
4221 4612
4222 4612
4223 4612
4224 4612
4225 4613
4226 4614
4227 4614
4230 4617
4231 4617
4232 4617
4233 4618
4234 4618
4236 4620
4237 4620
4239 4622
4240 4622
4241 4622
4242 4623
4243 4623
4246 4626
4247 4627
4248 4628
4249 4628
4250 4628
4251 4628
4252 4628
4253 4628
4256 4631
4257 4632
4258 4633
4259 4633
4260 4633
4261 4633
4262 4633
4263 4633
4265 4635
4266 4636
4267 4637
4268 4638
4269 4638
4270 4638
4271 4638
4272 4638
4273 4638
4275 4640
4276 4640
4278 4642
4279 4642
4280 4642
4281 4642
4282 4642
4283 4643
4285 4645
4286 4646
4287 4647
4288 4648
4289 4648
4290 4648
4291 4648
4294 4651
4295 4652
4296 4652
4304 4655
4305 4656
4306 4657
4307 4657
4308 4657
4309 4657
4310 4657
4311 4657
4314 4660
4315 4661
4316 4662
4317 4662
4318 4662
4319 4662
4320 4662
4321 4662
4324 4665
4325 4666
4326 4667
4327 4667
4328 4667
4329 4667
4330 4667
4334 4671
4335 4671
4336 4672
4337 4672
4338 4672
4339 4672
4340 4672
4341 4672
4344 4675
4345 4676
4346 4677
4347 4677
4348 4677
4349 4677
4350 4677
4351 4677
4354 4680
4355 4681
4356 4682
4357 4682
4358 4682
4359 4682
4360 4682
4361 4682
4362 4682
4364 4684
4365 4684
4367 4686
4368 4686
4369 4687
4370 4687
4371 4687
4372 4687
4374 4689
4375 4690
4376 4691
4377 4691
4378 4691
4379 4691
4380 4691
4383 4694
4384 4695
4385 4696
4386 4696
4387 4696
4388 4696
4392 4700
4393 4701
4394 4701
4395 4701
4396 4701
4397 4701
4398 4701
4399 4701
4400 4701
4403 4704
4404 4705
4405 4706
4406 4706
4407 4706
4408 4706
4412 4710
4413 4711
4414 4711
4415 4711
4416 4711
4417 4711
4418 4711
4422 4715
4423 4716
4424 4716
4425 4716
4426 4716
4427 4716
4428 4716
4432 4720
4433 4720
4434 4721
4435 4721
4436 4721
4437 4721
4438 4721
4439 4721
4442 4724
4443 4725
4444 4726
4445 4726
4446 4726
4447 4727
4448 4727
4450 4729
4451 4729
4452 4730
4453 4730
4461 4733
4462 4734
4463 4735
4464 4735
4465 4735
4466 4735
4470 4739
4471 4740
4472 4740
4473 4740
4474 4740
4475 4740
4476 4740
4477 4740
4481 4744
4482 4745
4491 4748
4492 4749
4493 4750
4494 4750
4495 4750
4496 4750
4497 4750
4500 4753
4501 4753
4502 4754
4503 4754
4504 4754
4505 4754
4506 4754
4507 4754
4508 4754
4509 4754
4510 4755
4511 4756
4514 4759
4515 4760
4516 4760
4517 4760
4520 4763
4521 4764
4522 4765
4523 4765
4525 4767
4526 4767
4527 4768
4528 4768
4529 4768
4530 4769
4531 4769
4532 4769
4533 4769
4534 4769
4535 4769
4539 4773
4540 4773
4541 4774
4542 4774
4543 4774
4544 4774
4545 4774
4549 4778
4550 4779
4551 4779
4552 4779
4553 4779
4554 4779
4558 4783
4559 4784
4560 4784
4561 4784
4562 4784
4563 4784
4564 4784
4565 4784
4569 4788
4570 4789
4571 4789
4572 4789
4573 4789
4574 4789
4578 4793
4579 4794
4580 4794
4581 4794
4582 4794
4583 4794
4587 4798
4588 4799
4589 4799
4590 4799
4591 4799
4592 4799
4593 4799
4594 4799
4598 4803
4599 4804
4600 4804
4601 4804
4603 4806
4604 4807
4605 4808
4606 4808
4607 4808
4608 4808
4609 4809
4612 4812
4613 4812
4614 4812
4615 4812
4616 4813
4617 4813
4618 4813
4619 4813
4620 4813
4621 4813
4622 4813
4623 4813
4624 4813
4627 4816
4628 4817
4629 4818
4630 4818
4631 4818
4632 4818
4633 4818
4634 4818
4637 4821
4638 4822
4639 4823
4640 4823
4641 4823
4642 4823
4643 4823
4644 4823
4647 4826
4648 4827
4649 4828
4650 4828
4651 4828
4652 4828
4653 4828
4656 4831
4657 4832
4658 4833
4659 4833
4660 4833
4661 4833
4662 4833
4663 4833
4666 4836
4667 4837
4668 4838
4669 4838
4670 4838
4671 4838
4672 4838
4673 4838
4674 4838
4675 4838
4676 4839
4677 4839
4680 4842
4681 4842
4682 4842
4683 4842
4684 4842
4685 4842
4686 4843
4687 4844
4689 4846
4690 4847
4691 4847
4695 4851
4696 4851
4697 4852
4698 4852
4699 4852
4700 4852
4701 4852
4702 4852
4705 4855
4706 4856
4707 4857
4708 4857
4709 4857
4710 4857
4711 4857
4712 4857
4715 4860
4716 4861
4717 4862
4718 4862
4719 4862
4720 4862
4721 4862
4722 4862
4725 4865
4726 4866
4727 4867
4728 4867
4729 4867
4730 4867
4731 4867
4732 4867
4733 4867
4734 4868
4735 4868
4738 4871
4739 4871
4740 4871
4741 4871
4742 4871
4743 4871
4744 4872
4745 4872
4746 4872
4747 4872
4748 4872
4749 4872
4753 4876
4754 4877
4755 4877
4756 4877
4757 4877
4758 4877
4762 4881
4763 4882
4764 4883
4765 4884
4766 4885
4767 4886
4768 4886
4769 4886
4770 4886
4773 4889
4774 4889
4775 4890
4776 4890
4777 4890
4778 4890
4779 4890
4780 4891
4783 4894
4784 4895
4785 4896
4786 4896
4787 4896
4788 4896
4789 4896
4790 4896
4793 4899
4794 4900
4795 4901
4796 4901
4797 4901
4798 4901
4802 4905
4803 4906
4804 4906
4812 4908
4813 4909
4814 4910
4815 4910
4816 4910
4817 4910
4818 4910
4819 4910
4820 4910
4821 4910
4822 4911
4823 4911
4824 4911
4825 4911
4826 4911
4827 4911
4831 4915
4832 4916
4833 4917
4836 4920
4837 4921
4838 4921
4839 4921
4840 4921
4842 4923
4843 4924
4844 4925
4845 4925
4846 4925
4847 4925
4848 4925
4851 4928
4852 4929
4853 4930
4854 4930
4855 4930
4856 4930
4857 4930
4858 4930
4859 4930
4861 4932
4862 4932
4864 4934
4865 4934
4866 4934
4867 4934
4868 4934
4869 4934
4870 4934
4871 4934
4872 4934
4877 4939
4878 4939
4879 4939
4880 4940
4881 4941
4882 4942
4884 4944
4885 4944
4886 4944
4887 4944
4888 4944
4889 4944
4890 4945
4891 4945
4892 4945
4893 4945
4894 4945
4895 4945
4896 4945
4900 4949
4901 4950
4902 4950
4903 4950
4904 4950
4908 4954
4909 4955
4910 4956
4911 4956
4914 4959
4915 4959
4916 4959
4917 4959
4918 4960
4920 4962
4921 4963
4922 4964
4923 4965
4924 4965
4925 4965
4926 4965
4929 4968
4930 4969
4931 4970
4932 4970
4933 4970
4934 4970
4935 4970
4936 4970
4937 4970
4939 4972
4940 4972
4942 4974
4943 4974
4944 4974
4945 4974
4946 4974
4947 4974
4948 4974
4949 4974
4950 4975
4951 4975
4952 4975
4953 4975
4954 4975
4958 4979
4959 4980
4960 4981
4963 4984
4964 4984
4965 4984
4966 4984
4967 4984
4968 4984
4969 4985
4970 4985
4974 4989
4975 4989
4976 4989
4977 4989
4978 4989
4979 4990
4980 4990
4981 4990
4982 4990
4983 4990
4984 4990
4985 4990
4989 4994
4990 4994
4995 4999
4996 4999
4997 4999
4998 4999
4999 4999
