5000 5000
0 39 0 39
39 78 0 39
0 39 39 78
39 78 39 78
78 156 0 78
0 78 78 156
78 117 78 117
117 156 78 117
78 156 117 156
156 312 0 156
0 156 156 312
156 195 156 175
195 214 156 165
195 204 165 175
204 214 165 175
214 234 156 175
156 195 175 195
195 234 175 195
156 175 195 214
175 185 195 204
185 195 195 204
175 185 204 209
185 195 204 209
175 180 209 214
180 185 209 214
185 190 209 214
190 195 209 214
156 195 214 234
195 234 195 234
234 312 156 234
156 312 234 312
312 468 0 312
468 546 0 156
546 625 0 156
468 487 156 175
468 487 175 195
487 497 156 175
497 507 156 165
507 526 156 165
497 502 165 170
502 504 165 167
504 507 165 167
502 507 167 170
497 507 170 175
487 507 175 195
468 507 195 234
507 526 165 175
507 526 175 195
507 526 195 214
507 526 214 234
526 536 156 165
526 531 165 167
526 528 167 170
528 531 167 170
526 531 170 175
531 536 165 170
531 536 170 175
536 546 156 175
526 536 175 185
526 536 185 195
526 536 195 204
526 536 204 214
536 538 175 177
538 541 175 177
536 541 177 180
541 546 175 180
536 541 180 185
541 543 180 182
543 546 180 182
541 546 182 185
536 546 185 190
536 541 190 195
536 541 195 199
536 541 199 204
541 546 190 195
541 546 195 204
536 546 204 214
526 546 214 234
468 546 234 273
468 546 273 312
546 625 156 312
625 937 0 312
937 1093 0 312
1093 1171 0 156
1171 1210 0 78
1210 1250 0 78
1171 1210 78 117
1210 1250 78 117
1171 1190 117 136
1190 1200 117 126
1200 1210 117 126
1190 1200 126 136
1200 1210 126 136
1171 1210 136 156
1210 1250 117 156
1093 1171 156 312
1171 1210 156 175
1171 1190 175 195
1171 1190 195 214
1171 1190 214 234
1171 1190 234 253
1171 1190 253 273
1171 1190 273 292
1171 1180 292 297
1171 1180 297 302
1171 1180 302 312
1180 1190 292 302
1180 1190 302 312
1190 1210 175 195
1190 1200 195 204
1190 1200 204 214
1200 1210 195 214
1190 1200 214 224
1190 1200 224 234
1190 1200 234 253
1190 1200 253 263
1200 1210 214 224
1200 1210 224 234
1210 1250 156 234
1200 1210 234 253
1200 1210 253 258
1200 1210 258 263
1190 1210 263 273
1190 1210 273 292
1190 1210 292 312
1210 1250 234 312
0 156 312 468
0 156 468 625
0 156 625 781
0 156 781 859
0 39 859 898
39 78 859 898
0 78 898 937
0 78 937 976
0 19 976 995
0 19 995 1015
19 24 976 980
19 24 980 982
19 24 982 985
24 29 976 985
19 29 985 990
19 29 990 995
29 39 976 995
19 29 995 1000
29 39 995 1000
19 24 1000 1005
24 29 1000 1002
24 29 1002 1005
29 34 1000 1005
34 36 1000 1002
36 37 1000 1002
37 39 1000 1002
34 39 1002 1005
19 39 1005 1015
39 78 976 1015
0 78 1015 1093
78 97 859 878
78 87 878 888
78 87 888 898
87 88 878 879
87 88 879 880
88 89 878 879
88 89 879 880
89 92 878 880
87 92 880 883
92 97 878 883
87 92 883 888
92 97 883 888
87 92 888 893
87 92 893 898
92 97 888 893
92 97 893 898
97 117 859 878
97 117 878 898
117 156 859 898
78 156 898 937
78 156 937 1015
78 156 1015 1054
78 117 1054 1093
117 156 1054 1073
117 156 1073 1093
0 156 1093 1250
0 156 1250 1406
0 156 1406 1562
0 156 1562 1718
156 195 312 351
195 234 312 351
156 195 351 390
156 195 390 429
156 195 429 468
156 195 468 507
195 214 351 370
214 234 351 370
195 214 370 390
195 204 390 399
204 214 390 399
195 199 399 404
195 199 404 409
199 201 399 401
199 201 401 402
199 201 402 404
201 204 399 401
201 204 401 404
199 204 404 409
204 214 399 409
214 234 370 390
234 312 312 390
312 390 312 390
390 429 312 351
429 438 312 321
438 443 312 321
443 448 312 316
448 453 312 316
443 448 316 321
448 453 316 321
453 458 312 321
458 468 312 321
468 487 312 321
429 438 321 331
438 448 321 331
448 458 321 331
458 468 321 331
468 487 321 331
487 497 312 331
497 507 312 331
429 433 331 336
433 435 331 333
435 438 331 333
433 438 333 336
429 438 336 341
438 448 331 341
429 448 341 351
448 468 331 351
468 487 331 341
487 497 331 336
487 492 336 341
492 494 336 338
494 497 336 338
492 494 338 339
492 494 339 341
494 497 338 341
497 507 331 341
468 487 341 351
487 507 341 351
507 546 312 351
390 429 351 390
429 468 351 390
468 507 351 370
507 546 351 370
468 487 370 390
487 497 370 380
497 502 370 372
497 499 372 375
499 502 372 375
502 507 370 375
497 502 375 380
502 507 375 380
487 497 380 390
497 502 380 385
502 507 380 385
497 507 385 390
507 526 370 390
526 536 370 380
536 546 370 380
526 536 380 385
526 536 385 390
536 546 380 390
214 234 390 409
195 234 409 429
195 234 429 468
195 204 468 477
195 204 477 487
204 214 468 477
204 209 477 482
209 214 477 482
204 214 482 487
214 234 468 487
195 214 487 507
214 234 487 507
156 234 507 546
156 234 546 585
156 234 585 625
156 195 625 664
156 195 664 703
156 195 703 742
156 195 742 781
195 234 625 644
195 214 644 664
195 214 664 683
214 234 644 664
214 234 664 683
195 234 683 703
195 234 703 722
195 204 722 732
195 204 732 742
195 204 742 751
195 204 751 761
195 204 761 771
195 204 771 781
204 214 722 732
204 209 732 737
204 209 737 742
204 209 742 751
209 214 732 737
209 214 737 739
209 211 739 742
209 211 742 746
211 214 739 742
211 214 742 746
209 214 746 748
209 211 748 749
209 211 749 751
211 214 748 751
204 214 751 761
204 214 761 771
204 214 771 781
214 234 722 742
214 234 742 761
214 234 761 781
234 312 390 468
312 390 390 468
390 429 390 429
429 468 390 429
390 429 429 468
429 468 429 468
468 546 390 468
546 625 312 468
234 312 468 507
234 312 507 546
234 312 546 625
234 312 625 703
234 312 703 781
156 312 781 937
156 312 937 1093
156 312 1093 1171
156 234 1171 1250
234 312 1171 1250
156 312 1250 1328
156 234 1328 1367
156 195 1367 1406
156 195 1406 1445
156 195 1445 1484
156 195 1484 1523
156 195 1523 1562
156 195 1562 1601
195 204 1367 1371
195 199 1371 1376
199 204 1371 1373
199 201 1373 1374
199 200 1374 1375
200 201 1374 1375
199 201 1375 1376
201 204 1373 1376
195 204 1376 1386
204 214 1367 1376
204 214 1376 1386
195 214 1386 1406
195 214 1406 1425
195 204 1425 1430
195 199 1430 1435
195 199 1435 1440
199 201 1430 1432
201 204 1430 1432
199 204 1432 1435
199 204 1435 1440
195 204 1440 1445
195 204 1445 1454
204 214 1425 1435
204 214 1435 1445
204 209 1445 1449
204 209 1449 1454
209 214 1445 1449
209 214 1449 1451
209 211 1451 1452
209 211 1452 1454
211 214 1451 1454
195 214 1454 1464
195 214 1464 1484
214 234 1367 1386
214 234 1386 1406
214 234 1406 1425
214 234 1425 1445
214 224 1445 1454
214 224 1454 1464
214 224 1464 1474
214 224 1474 1479
214 219 1479 1484
219 224 1479 1484
224 234 1445 1464
224 229 1464 1469
224 229 1469 1474
229 234 1464 1469
229 234 1469 1474
224 234 1474 1484
195 234 1484 1523
195 234 1523 1562
195 214 1562 1571
195 214 1571 1581
195 204 1581 1591
204 209 1581 1583
204 209 1583 1586
209 214 1581 1586
204 214 1586 1591
195 214 1591 1601
214 234 1562 1581
214 234 1581 1601
156 234 1601 1640
156 234 1640 1679
156 195 1679 1718
195 214 1679 1688
195 204 1688 1698
204 214 1688 1693
204 209 1693 1698
209 214 1693 1698
195 214 1698 1718
214 234 1679 1698
214 234 1698 1708
214 224 1708 1713
214 224 1713 1718
224 234 1708 1718
234 312 1328 1367
234 312 1367 1406
234 312 1406 1484
234 312 1484 1562
234 312 1562 1640
234 312 1640 1718
0 312 1718 1875
0 156 1875 1953
156 195 1875 1914
195 214 1875 1894
214 224 1875 1884
224 234 1875 1884
214 224 1884 1894
224 234 1884 1894
195 214 1894 1914
214 234 1894 1914
156 195 1914 1953
195 234 1914 1953
0 156 1953 2031
0 156 2031 2187
0 78 2187 2226
0 39 2226 2265
0 39 2265 2304
0 39 2304 2343
39 48 2226 2235
39 48 2235 2245
48 50 2226 2230
50 51 2226 2228
51 52 2226 2227
52 53 2226 2227
51 52 2227 2228
52 53 2227 2228
50 53 2228 2230
48 53 2230 2235
53 58 2226 2235
48 58 2235 2245
58 78 2226 2245
39 78 2245 2265
39 78 2265 2304
39 78 2304 2323
39 58 2323 2343
58 78 2323 2333
58 68 2333 2343
68 78 2333 2338
68 73 2338 2343
73 78 2338 2343
78 156 2187 2226
78 156 2226 2265
78 117 2265 2284
78 97 2284 2304
97 107 2284 2294
107 109 2284 2286
109 112 2284 2286
107 109 2286 2289
109 112 2286 2289
107 112 2289 2294
112 117 2284 2289
112 117 2289 2291
112 117 2291 2294
97 117 2294 2304
78 117 2304 2343
117 156 2265 2284
117 156 2284 2304
117 156 2304 2343
234 253 1875 1884
234 243 1884 1894
243 248 1884 1889
248 253 1884 1889
243 253 1889 1894
253 263 1875 1894
263 273 1875 1884
273 282 1875 1884
263 273 1884 1889
263 265 1889 1891
265 268 1889 1891
263 265 1891 1894
265 268 1891 1892
265 268 1892 1894
268 273 1889 1894
234 273 1894 1914
282 292 1875 1884
273 292 1884 1894
292 302 1875 1884
292 297 1884 1889
297 302 1884 1886
297 299 1886 1887
297 299 1887 1889
299 302 1886 1889
292 302 1889 1894
302 312 1875 1884
302 304 1884 1885
302 303 1885 1886
303 304 1885 1886
304 307 1884 1886
302 307 1886 1889
307 312 1884 1889
302 312 1889 1894
273 312 1894 1914
234 312 1914 1953
156 312 1953 2031
156 312 2031 2187
156 312 2187 2343
0 312 2343 2500
312 390 468 507
390 409 468 487
409 429 468 487
390 409 487 507
409 419 487 497
419 424 487 492
424 429 487 492
419 424 492 497
424 429 492 494
424 426 494 497
426 429 494 497
409 429 497 507
429 468 468 507
468 507 468 487
507 526 468 477
507 526 477 487
526 546 468 487
468 487 487 507
487 507 487 497
487 497 497 502
487 492 502 507
492 494 502 504
494 497 502 504
492 494 504 505
492 494 505 507
494 497 504 507
497 507 497 507
507 526 487 507
526 546 487 507
312 390 507 546
312 390 546 625
312 390 625 703
312 390 703 781
390 429 507 546
429 468 507 546
468 546 507 546
546 625 468 546
390 429 546 585
390 429 585 625
390 429 625 664
390 409 664 683
409 419 664 683
419 424 664 668
419 424 668 673
424 429 664 673
419 429 673 683
390 429 683 703
390 429 703 742
390 409 742 761
409 419 742 761
419 429 742 751
419 424 751 756
424 429 751 753
424 426 753 754
424 425 754 755
425 426 754 755
424 426 755 756
426 429 753 756
419 424 756 761
424 429 756 761
390 429 761 781
429 468 546 585
468 546 546 585
429 468 585 605
429 448 605 615
448 468 605 615
429 438 615 625
438 443 615 620
443 448 615 620
448 453 615 620
453 458 615 617
453 455 617 618
453 455 618 620
455 458 617 620
438 448 620 625
429 448 625 634
429 438 634 644
438 443 634 639
443 445 634 636
445 446 634 636
446 448 634 636
443 448 636 639
438 448 639 644
448 458 620 625
458 468 615 625
448 458 625 634
448 458 634 644
458 468 625 644
429 468 644 664
429 468 664 703
429 468 703 742
429 468 742 781
312 468 781 937
312 468 937 1093
312 468 1093 1171
312 390 1171 1210
312 351 1210 1250
351 370 1210 1220
351 370 1220 1230
351 370 1230 1250
370 380 1210 1220
380 390 1210 1215
380 382 1215 1217
382 385 1215 1217
380 385 1217 1220
385 390 1215 1220
370 390 1220 1230
370 390 1230 1240
370 380 1240 1250
380 385 1240 1245
385 390 1240 1245
380 385 1245 1247
380 382 1247 1250
382 385 1247 1248
382 385 1248 1250
385 390 1245 1250
390 429 1171 1210
390 409 1210 1230
390 399 1230 1235
390 394 1235 1240
394 395 1235 1236
394 395 1236 1237
395 396 1235 1236
395 396 1236 1237
396 399 1235 1237
394 399 1237 1240
399 409 1230 1240
390 409 1240 1250
409 429 1210 1230
409 429 1230 1250
429 468 1171 1210
429 468 1210 1250
312 468 1250 1328
312 351 1328 1367
351 370 1328 1347
370 380 1328 1347
380 385 1328 1337
380 382 1337 1339
380 382 1339 1342
380 382 1342 1344
380 382 1344 1347
382 385 1337 1339
382 385 1339 1342
382 385 1342 1344
382 385 1344 1347
385 390 1328 1332
385 390 1332 1337
385 390 1337 1342
385 390 1342 1347
390 409 1328 1347
351 390 1347 1367
312 390 1367 1406
312 390 1406 1445
312 331 1445 1464
312 331 1464 1484
331 341 1445 1454
331 341 1454 1464
341 346 1445 1449
341 346 1449 1454
346 351 1445 1449
346 351 1449 1454
341 351 1454 1464
331 351 1464 1484
351 390 1445 1484
312 390 1484 1562
312 390 1562 1640
312 390 1640 1679
312 351 1679 1698
312 331 1698 1718
331 351 1698 1708
331 351 1708 1718
351 390 1679 1718
409 429 1328 1347
390 429 1347 1367
390 429 1367 1386
390 429 1386 1406
390 409 1406 1425
409 419 1406 1425
419 429 1406 1415
419 424 1415 1420
424 429 1415 1420
419 424 1420 1425
424 429 1420 1422
424 426 1422 1423
424 426 1423 1425
426 429 1422 1425
390 429 1425 1445
390 409 1445 1464
390 409 1464 1484
390 409 1484 1503
390 409 1503 1523
409 419 1445 1464
409 419 1464 1474
409 419 1474 1484
419 429 1445 1454
419 424 1454 1459
419 424 1459 1464
424 429 1454 1459
424 429 1459 1464
419 429 1464 1474
419 429 1474 1479
419 421 1479 1481
421 424 1479 1481
419 424 1481 1484
424 429 1479 1484
409 429 1484 1503
409 429 1503 1523
390 429 1523 1562
390 429 1562 1601
390 429 1601 1640
429 468 1328 1367
429 468 1367 1406
429 468 1406 1445
429 468 1445 1484
429 468 1484 1523
429 468 1523 1562
429 468 1562 1601
429 468 1601 1640
390 468 1640 1679
390 429 1679 1698
390 409 1698 1718
409 419 1698 1708
409 419 1708 1718
419 424 1698 1703
424 426 1698 1700
424 426 1700 1703
419 424 1703 1708
426 429 1698 1700
426 429 1700 1703
424 429 1703 1708
419 429 1708 1718
429 468 1679 1718
312 468 1718 1875
312 321 1875 1879
321 326 1875 1879
312 316 1879 1881
312 316 1881 1884
316 321 1879 1884
312 321 1884 1894
321 326 1879 1881
321 323 1881 1884
323 326 1881 1882
323 324 1882 1884
324 325 1882 1883
325 326 1882 1883
324 326 1883 1884
326 331 1875 1884
321 326 1884 1889
326 331 1884 1886
326 328 1886 1889
328 331 1886 1887
328 329 1887 1889
329 331 1887 1889
321 331 1889 1894
331 351 1875 1894
351 390 1875 1894
390 409 1875 1894
409 419 1875 1884
409 414 1884 1889
414 419 1884 1889
409 419 1889 1894
419 429 1875 1894
312 331 1894 1914
331 336 1894 1899
336 341 1894 1899
341 346 1894 1899
346 351 1894 1899
331 336 1899 1904
336 341 1899 1904
341 351 1899 1904
351 370 1894 1904
331 341 1904 1914
341 351 1904 1909
341 351 1909 1914
351 360 1904 1914
360 365 1904 1906
365 370 1904 1906
360 362 1906 1909
362 365 1906 1909
365 367 1906 1909
367 370 1906 1909
360 370 1909 1914
370 390 1894 1914
390 409 1894 1914
409 429 1894 1914
429 468 1875 1914
312 390 1914 1953
390 429 1914 1953
429 468 1914 1953
312 468 1953 2031
312 468 2031 2187
468 507 585 605
468 507 605 625
507 546 585 625
546 625 546 625
625 937 312 625
937 1093 312 468
1093 1171 312 468
1171 1250 312 468
937 1093 468 625
1093 1171 468 546
1171 1250 468 546
1093 1171 546 625
1171 1250 546 625
468 487 625 644
487 507 625 644
468 487 644 664
487 492 644 649
492 497 644 646
492 494 646 649
494 497 646 649
487 497 649 654
497 507 644 654
487 507 654 664
507 526 625 644
526 536 625 644
536 546 625 634
536 546 634 639
536 546 639 644
507 546 644 664
468 546 664 703
468 546 703 742
468 507 742 781
507 526 742 761
507 526 761 781
526 546 742 761
526 528 761 763
526 528 763 766
526 528 766 768
528 531 761 763
528 529 763 764
529 531 763 764
528 531 764 766
531 536 761 766
528 531 766 768
526 531 768 771
531 536 766 771
526 536 771 776
526 531 776 781
531 536 776 781
536 546 761 771
536 546 771 781
546 625 625 781
468 546 781 937
546 625 781 937
625 937 625 937
937 1093 625 937
1093 1171 625 781
1171 1190 625 644
1190 1210 625 644
1171 1210 644 664
1171 1210 664 703
1210 1250 625 703
1171 1250 703 781
1093 1171 781 937
1171 1210 781 859
1210 1230 781 800
1210 1220 800 810
1220 1230 800 810
1210 1220 810 820
1220 1230 810 815
1220 1225 815 820
1225 1227 815 817
1227 1230 815 817
1225 1227 817 820
1227 1230 817 820
1230 1250 781 820
1210 1230 820 839
1210 1220 839 849
1220 1225 839 844
1225 1227 839 841
1227 1230 839 841
1225 1227 841 844
1227 1230 841 844
1220 1225 844 846
1220 1222 846 849
1222 1225 846 849
1225 1230 844 849
1210 1220 849 859
1220 1230 849 859
1230 1250 820 859
1171 1210 859 898
1210 1215 859 868
1215 1217 859 863
1217 1220 859 863
1215 1220 863 868
1220 1230 859 868
1210 1220 868 878
1220 1230 868 878
1210 1230 878 898
1230 1250 859 898
1171 1210 898 937
1210 1250 898 937
468 625 937 1093
468 625 1093 1250
625 937 937 1250
937 1093 937 1093
1093 1171 937 1093
1171 1210 937 1015
1210 1250 937 1015
1171 1210 1015 1054
1210 1250 1015 1054
1171 1190 1054 1073
1190 1200 1054 1073
1200 1210 1054 1073
1210 1230 1054 1073
1171 1210 1073 1093
1210 1230 1073 1083
1210 1215 1083 1088
1215 1220 1083 1088
1210 1220 1088 1093
1220 1230 1083 1093
1230 1250 1054 1093
937 1250 1093 1250
1250 2500 0 1250
468 625 1250 1562
468 546 1562 1640
468 546 1640 1679
468 507 1679 1718
507 526 1679 1688
507 516 1688 1693
516 521 1688 1693
507 511 1693 1698
511 516 1693 1698
521 526 1688 1693
516 526 1693 1698
526 546 1679 1698
507 546 1698 1718
546 625 1562 1718
468 625 1718 1875
468 546 1875 1914
468 546 1914 1953
468 546 1953 2031
546 625 1875 2031
468 625 2031 2187
312 625 2187 2500
625 1250 1250 1875
625 1250 1875 2187
625 1250 2187 2500
1250 2500 1250 2500
2500 5000 0 2500
0 1250 2500 3750
0 1250 3750 5000
1250 2500 2500 3750
2500 2812 2500 2812
2812 3125 2500 2812
2500 2578 2812 2890
2578 2656 2812 2851
2656 2675 2812 2831
2675 2685 2812 2821
2685 2695 2812 2821
2675 2677 2821 2823
2677 2680 2821 2823
2675 2677 2823 2826
2677 2680 2823 2826
2680 2685 2821 2826
2685 2690 2821 2823
2685 2687 2823 2826
2687 2690 2823 2824
2687 2690 2824 2826
2690 2695 2821 2826
2675 2685 2826 2831
2685 2690 2826 2831
2690 2695 2826 2831
2656 2675 2831 2851
2675 2685 2831 2841
2685 2695 2831 2836
2685 2690 2836 2841
2690 2695 2836 2841
2675 2695 2841 2851
2695 2734 2812 2851
2578 2597 2851 2870
2597 2607 2851 2870
2607 2612 2851 2860
2612 2617 2851 2855
2612 2617 2855 2860
2607 2612 2860 2865
2612 2614 2860 2862
2614 2617 2860 2862
2612 2614 2862 2865
2614 2617 2862 2865
2607 2612 2865 2870
2612 2617 2865 2870
2617 2636 2851 2870
2636 2646 2851 2870
2646 2656 2851 2860
2646 2656 2860 2865
2646 2648 2865 2867
2648 2651 2865 2867
2646 2648 2867 2870
2648 2651 2867 2870
2651 2656 2865 2870
2578 2597 2870 2890
2597 2607 2870 2880
2607 2617 2870 2880
2597 2617 2880 2890
2617 2656 2870 2890
2656 2734 2851 2890
2734 2812 2812 2890
2500 2656 2890 2968
2656 2812 2890 2968
2500 2812 2968 3125
2812 3125 2812 3125
3125 3750 2500 3125
2500 3750 3125 3750
3750 5000 2500 3750
1250 2500 3750 5000
2500 3750 3750 5000
3750 5000 3750 5000

