5000 5000
0 4 0 4
4 9 0 4
0 4 4 9
0 4 9 14
0 4 14 19
4 9 4 9
9 19 0 9
4 9 9 11
4 6 11 14
6 9 11 14
4 9 14 19
0 9 19 29
0 9 29 39
0 9 39 48
0 9 48 58
9 19 9 14
9 14 14 19
9 14 19 24
9 14 24 29
9 14 29 34
9 14 34 39
14 19 14 19
19 39 0 19
14 19 19 24
14 19 24 29
14 16 29 31
14 16 31 34
16 19 29 31
16 19 31 34
14 19 34 39
9 19 39 48
9 19 48 58
0 19 58 78
0 19 78 97
0 19 97 117
19 29 19 29
29 39 19 29
19 24 29 34
19 24 34 39
19 21 39 43
19 21 43 45
19 21 45 48
21 24 39 43
21 24 43 45
21 24 45 48
19 24 48 53
19 24 53 58
19 24 58 63
24 29 29 34
24 29 34 39
24 29 39 48
24 29 48 53
24 29 53 58
24 29 58 63
19 29 63 68
19 29 68 78
19 29 78 97
29 39 29 39
39 78 0 39
29 39 39 58
29 34 58 60
29 31 60 63
31 34 60 63
29 34 63 68
29 34 68 73
29 34 73 78
34 39 58 63
34 39 63 68
34 36 68 70
34 36 70 73
36 39 68 70
36 39 70 73
34 39 73 78
29 39 78 97
19 39 97 117
0 39 117 156
0 39 156 195
0 39 195 234
39 58 39 58
58 78 39 58
39 48 58 68
39 48 68 73
39 43 73 78
39 43 78 82
39 43 82 87
39 43 87 92
39 43 92 97
43 48 73 78
43 48 78 82
43 48 82 84
43 45 84 87
43 45 87 89
43 45 89 92
45 48 84 87
45 48 87 89
45 48 89 92
43 48 92 97
39 48 97 107
39 48 107 117
39 48 117 126
39 48 126 136
48 58 58 68
48 58 68 78
48 58 78 87
48 53 87 92
48 53 92 94
48 50 94 97
48 50 97 99
48 50 99 102
48 50 102 104
50 53 94 97
50 53 97 99
50 53 99 102
50 53 102 104
48 53 104 107
48 53 107 112
48 53 112 117
48 53 117 126
53 58 87 92
53 58 92 97
53 58 97 102
53 58 102 107
53 55 107 109
53 55 109 112
53 55 112 114
53 55 114 117
55 58 107 109
55 58 109 112
55 58 112 114
55 58 114 117
53 58 117 126
48 58 126 136
39 58 136 156
39 58 156 175
39 58 175 195
58 78 58 78
78 156 0 78
58 78 78 97
58 68 97 107
68 78 97 107
58 68 107 112
58 63 112 117
58 60 117 121
58 60 121 123
58 60 123 126
60 63 117 121
60 63 121 123
60 63 123 126
58 63 126 131
58 63 131 136
58 63 136 141
63 68 112 117
63 68 117 126
63 68 126 131
63 65 131 133
65 68 131 133
63 68 133 136
63 68 136 141
58 68 141 146
58 68 146 156
58 68 156 175
68 78 107 117
68 78 117 136
68 73 136 141
68 73 141 146
68 73 146 151
68 73 151 156
73 78 136 141
73 78 141 146
73 78 146 148
73 75 148 151
75 78 148 151
73 78 151 156
68 78 156 175
58 78 175 195
39 78 195 234
0 78 234 312
0 78 312 390
0 78 390 468
78 117 78 117
117 156 78 117
78 97 117 136
78 87 136 146
78 87 146 151
78 82 151 156
78 82 156 160
78 82 160 165
78 82 165 170
78 82 170 175
82 87 151 156
82 87 156 160
82 87 160 165
82 84 165 167
82 84 167 170
84 87 165 167
84 87 167 170
82 87 170 175
78 87 175 185
78 87 185 195
78 87 195 204
78 87 204 214
87 97 136 146
87 97 146 156
87 97 156 165
87 97 165 170
87 92 170 175
87 92 175 180
87 92 180 185
87 92 185 190
87 92 190 195
87 92 195 204
92 97 170 175
92 97 175 180
92 97 180 185
92 97 185 190
92 97 190 195
92 97 195 204
87 97 204 214
78 97 214 234
78 97 234 253
78 97 253 273
97 117 117 136
97 117 136 156
97 117 156 175
97 107 175 185
97 107 185 195
97 102 195 204
102 107 195 204
97 102 204 209
97 102 209 214
97 102 214 219
102 107 204 209
102 107 209 214
102 107 214 219
97 107 219 224
97 107 224 234
97 107 234 253
107 117 175 185
107 117 185 195
107 117 195 214
107 112 214 219
107 112 219 224
107 112 224 229
107 112 229 234
112 117 214 219
112 117 219 224
112 117 224 229
112 117 229 234
107 117 234 253
97 117 253 273
78 117 273 312
78 117 312 351
78 117 351 390
117 156 117 156
156 312 0 156
117 156 156 195
117 136 195 214
117 136 214 224
117 126 224 234
117 121 234 238
117 121 238 243
117 121 243 248
117 121 248 253
117 121 253 258
117 121 258 263
121 126 234 238
121 126 238 243
121 126 243 248
121 126 248 253
121 126 253 258
121 126 258 263
117 126 263 273
117 126 273 282
117 126 282 292
126 136 224 234
126 136 234 243
126 136 243 253
126 131 253 258
126 131 258 263
126 131 263 268
126 131 268 273
126 131 273 282
131 136 253 258
131 136 258 263
131 136 263 268
131 136 268 273
131 136 273 282
126 136 282 292
117 136 292 312
117 136 312 331
117 136 331 351
136 156 195 214
136 156 214 234
136 156 234 253
136 156 253 263
136 146 263 273
136 141 273 282
136 141 282 287
136 141 287 292
136 141 292 297
136 141 297 302
141 146 273 282
141 146 282 287
141 146 287 292
141 146 292 297
141 146 297 302
136 146 302 312
136 146 312 331
146 156 263 273
146 156 273 292
146 151 292 297
146 151 297 302
146 151 302 307
146 151 307 312
146 151 312 321
151 156 292 297
151 156 297 302
151 156 302 307
151 156 307 312
151 156 312 321
146 156 321 331
136 156 331 351
117 156 351 390
78 156 390 468
0 156 468 625
0 156 625 781
0 156 781 937
156 234 156 234
234 312 156 234
156 195 234 273
156 175 273 292
156 175 292 302
156 165 302 312
156 160 312 316
160 165 312 316
156 160 316 321
156 160 321 326
156 160 326 331
156 160 331 336
156 160 336 341
160 165 316 321
160 165 321 326
160 162 326 328
160 162 328 331
162 165 326 328
162 165 328 331
160 165 331 336
160 165 336 341
156 165 341 351
156 165 351 360
156 165 360 370
165 175 302 312
165 175 312 321
165 175 321 331
165 170 331 336
165 170 336 341
165 170 341 346
165 170 346 351
165 170 351 360
170 175 331 336
170 175 336 341
170 175 341 346
170 175 346 351
170 175 351 360
165 175 360 370
156 175 370 390
156 175 390 409
156 175 409 429
175 195 273 292
175 195 292 312
175 195 312 331
175 195 331 341
175 185 341 351
175 180 351 360
175 177 360 362
177 180 360 362
175 180 362 365
175 180 365 370
175 180 370 375
175 180 375 380
180 185 351 360
180 185 360 365
180 185 365 370
180 185 370 375
180 185 375 380
175 185 380 390
175 185 390 409
185 195 341 351
185 195 351 370
185 190 370 375
185 190 375 380
185 190 380 385
185 190 385 390
185 190 390 399
190 195 370 375
190 195 375 380
190 195 380 385
190 195 385 390
190 195 390 399
185 195 399 409
175 195 409 429
156 195 429 468
156 195 468 507
156 195 507 546
195 234 234 273
195 234 273 312
195 234 312 351
195 214 351 370
195 214 370 380
195 204 380 390
195 199 390 394
195 199 394 399
195 199 399 404
195 199 404 409
195 199 409 414
195 199 414 419
199 204 390 394
199 204 394 399
199 204 399 404
199 204 404 409
199 204 409 414
199 204 414 419
195 204 419 429
195 204 429 438
195 204 438 448
204 214 380 390
204 214 390 399
204 214 399 409
204 209 409 414
204 209 414 419
204 209 419 424
204 209 424 429
204 209 429 438
209 214 409 414
209 214 414 419
209 214 419 424
209 214 424 429
209 214 429 438
204 214 438 448
195 214 448 468
195 214 468 487
195 214 487 507
214 234 351 370
214 234 370 390
214 234 390 409
214 234 409 419
214 224 419 429
214 219 429 438
214 219 438 443
214 219 443 448
214 219 448 453
214 219 453 458
219 224 429 438
219 224 438 443
219 224 443 448
219 224 448 453
219 224 453 458
214 224 458 468
214 224 468 487
224 234 419 429
224 234 429 448
224 229 448 453
224 229 453 458
224 229 458 463
224 229 463 468
224 229 468 477
229 234 448 453
229 234 453 458
229 234 458 463
229 234 463 468
229 234 468 477
224 234 477 487
214 234 487 507
195 234 507 546
156 234 546 625
156 234 625 703
156 234 703 781
234 312 234 312
312 625 0 312
234 312 312 390
234 273 390 429
234 273 429 448
234 253 448 468
234 243 468 477
234 238 477 482
234 238 482 487
238 243 477 482
238 243 482 487
234 243 487 497
234 243 497 507
234 243 507 516
234 243 516 526
243 253 468 477
243 253 477 487
243 248 487 492
248 253 487 492
243 248 492 497
243 248 497 502
243 248 502 507
243 248 507 516
248 253 492 497
248 253 497 502
248 253 502 507
248 253 507 516
243 253 516 526
234 253 526 546
234 253 546 565
234 253 565 585
253 273 448 468
253 273 468 487
253 273 487 497
253 263 497 507
253 258 507 516
253 258 516 521
253 258 521 526
253 258 526 531
253 258 531 536
258 263 507 516
258 263 516 521
258 263 521 526
258 263 526 531
258 263 531 536
253 263 536 546
253 263 546 565
263 273 497 507
263 273 507 526
263 268 526 531
263 268 531 536
263 268 536 541
263 268 541 546
268 273 526 531
268 273 531 536
268 273 536 541
268 273 541 546
263 273 546 565
253 273 565 585
234 273 585 625
234 273 625 664
234 273 664 703
273 312 390 429
273 312 429 468
273 312 468 507
273 292 507 526
273 292 526 536
273 282 536 546
273 277 546 550
273 277 550 555
273 277 555 560
273 277 560 565
273 277 565 570
273 277 570 575
277 282 546 550
277 282 550 555
277 282 555 560
277 282 560 565
277 282 565 570
277 282 570 575
273 282 575 585
273 282 585 595
273 282 595 605
282 292 536 546
282 292 546 555
282 292 555 565
282 287 565 570
282 287 570 575
282 287 575 580
282 287 580 585
282 287 585 590
282 287 590 595
287 292 565 570
287 292 570 575
287 292 575 580
287 292 580 585
287 292 585 590
287 292 590 595
282 292 595 605
273 292 605 625
273 292 625 644
273 292 644 664
292 312 507 526
292 312 526 546
292 312 546 565
292 312 565 575
292 302 575 585
292 297 585 590
292 297 590 595
292 297 595 600
292 297 600 605
292 297 605 610
292 297 610 615
297 302 585 590
297 302 590 595
297 302 595 600
297 302 600 605
297 299 605 607
297 299 607 610
299 302 605 607
299 302 607 610
297 302 610 615
292 302 615 625
292 302 625 644
302 312 575 585
302 312 585 595
302 312 595 605
302 307 605 610
302 307 610 612
302 304 612 615
302 304 615 617
302 304 617 620
304 307 612 615
304 307 615 617
304 307 617 620
302 307 620 625
302 307 625 634
307 312 605 610
307 312 610 615
307 312 615 620
307 312 620 625
307 309 625 629
309 312 625 629
307 312 629 634
302 312 634 644
292 312 644 664
273 312 664 703
234 312 703 781
156 312 781 937
0 312 937 1250
0 312 1250 1562
0 312 1562 1875
312 468 312 468
468 625 312 468
312 390 468 546
312 351 546 585
312 351 585 605
312 331 605 625
312 316 625 629
312 316 629 634
312 316 634 639
312 316 639 644
312 316 644 649
312 316 649 654
316 321 625 629
316 321 629 634
321 331 625 634
316 321 634 639
316 318 639 641
316 318 641 644
316 318 644 646
316 318 646 649
318 321 639 641
318 321 641 644
318 321 644 646
318 321 646 649
316 321 649 654
312 321 654 664
312 321 664 673
312 321 673 683
321 331 634 644
321 326 644 649
321 323 649 651
321 323 651 654
321 323 654 656
323 326 649 651
323 326 651 654
323 326 654 656
321 326 656 659
321 326 659 664
321 326 664 673
326 331 644 649
326 331 649 654
326 331 654 659
326 328 659 661
326 328 661 664
326 328 664 668
328 331 659 661
328 331 661 664
328 331 664 668
326 331 668 673
321 331 673 683
312 331 683 703
312 331 703 722
312 331 722 742
331 351 605 625
331 351 625 644
331 341 644 654
331 341 654 659
331 336 659 664
331 333 664 668
331 333 668 670
331 333 670 673
331 333 673 675
331 333 675 678
333 336 664 668
333 336 668 670
333 336 670 673
333 336 673 675
333 336 675 678
331 336 678 683
331 336 683 688
331 336 688 693
336 341 659 664
336 341 664 673
336 341 673 678
336 338 678 680
336 338 680 683
336 338 683 685
336 338 685 688
338 341 678 680
338 341 680 683
338 341 683 685
338 341 685 688
336 341 688 693
331 341 693 703
331 341 703 722
341 351 644 654
341 351 654 664
341 351 664 683
341 346 683 688
341 343 688 690
341 343 690 693
341 343 693 695
341 343 695 698
343 346 688 690
343 346 690 693
343 346 693 695
343 346 695 698
341 346 698 703
341 346 703 712
346 351 683 688
346 351 688 693
346 351 693 698
346 348 698 700
346 348 700 703
346 348 703 707
348 351 698 700
348 351 700 703
348 351 703 707
346 351 707 712
341 351 712 722
331 351 722 742
312 351 742 781
312 351 781 820
312 351 820 859
351 390 546 585
351 390 585 625
351 390 625 664
351 370 664 683
370 390 664 683
351 370 683 693
351 360 693 703
351 355 703 707
351 353 707 709
351 353 709 712
351 353 712 714
351 353 714 717
353 355 707 709
353 355 709 712
353 355 712 714
353 355 714 717
351 355 717 722
351 355 722 727
351 355 727 732
355 360 703 707
355 360 707 712
355 360 712 717
355 357 717 719
355 357 719 722
355 357 722 724
357 360 717 719
357 360 719 722
357 360 722 724
355 360 724 727
355 360 727 732
351 360 732 742
351 360 742 751
351 360 751 761
360 370 693 703
360 370 703 712
360 370 712 722
360 365 722 727
360 362 727 729
360 362 729 732
362 365 727 729
362 365 729 732
360 365 732 737
360 365 737 742
360 365 742 751
365 370 722 727
365 370 727 732
365 370 732 737
365 367 737 739
365 367 739 742
367 370 737 739
367 370 739 742
365 370 742 751
360 370 751 761
351 370 761 781
351 370 781 800
351 370 800 820
370 390 683 703
370 390 703 722
370 380 722 732
370 380 732 742
370 375 742 746
370 372 746 748
370 372 748 751
370 372 751 753
370 372 753 756
372 375 746 748
372 375 748 751
372 375 751 753
372 375 753 756
370 375 756 761
370 375 761 766
370 375 766 771
375 380 742 751
375 380 751 756
375 380 756 761
375 380 761 766
375 380 766 771
370 380 771 781
370 380 781 800
380 390 722 732
380 390 732 742
380 390 742 761
380 385 761 766
380 385 766 771
380 385 771 776
380 385 776 781
380 385 781 790
380 385 790 795
385 390 761 766
385 390 766 771
385 390 771 776
385 390 776 781
385 390 781 790
385 390 790 795
380 390 795 800
370 390 800 820
351 390 820 859
312 390 859 937
312 390 937 1015
312 390 1015 1093
390 468 468 546
390 468 546 625
468 625 468 625
625 1250 0 625
390 468 625 703
390 429 703 742
429 468 703 742
390 409 742 761
390 409 761 781
390 399 781 785
390 394 785 790
390 394 790 795
390 394 795 800
390 394 800 805
390 394 805 810
394 399 785 790
394 399 790 795
394 399 795 800
394 399 800 805
394 399 805 810
390 399 810 820
390 399 820 829
390 399 829 839
399 409 781 790
399 409 790 800
399 409 800 805
399 404 805 810
399 404 810 815
399 404 815 820
399 404 820 829
404 409 805 810
404 409 810 815
404 409 815 820
404 409 820 829
399 409 829 839
390 409 839 859
390 409 859 878
390 409 878 898
409 429 742 761
409 429 761 781
409 429 781 800
409 429 800 810
409 419 810 820
409 414 820 829
409 414 829 831
409 411 831 834
409 411 834 836
409 411 836 839
411 414 831 834
411 414 834 836
411 414 836 839
409 414 839 844
409 414 844 849
409 414 849 854
409 414 854 859
414 419 820 829
414 419 829 834
414 419 834 839
414 419 839 844
414 419 844 849
414 419 849 854
414 419 854 859
409 419 859 878
409 419 878 888
419 429 810 820
419 429 820 839
419 429 839 849
419 424 849 854
419 424 854 859
419 424 859 868
419 424 868 873
419 424 873 878
424 429 849 854
424 429 854 859
424 429 859 868
424 429 868 873
424 429 873 878
419 429 878 888
409 429 888 898
390 429 898 937
390 429 937 976
390 429 976 1015
429 468 742 781
429 468 781 820
429 468 820 839
429 448 839 859
429 438 859 868
429 433 868 873
429 433 873 878
429 433 878 883
429 433 883 888
433 438 868 873
433 438 873 878
433 438 878 883
433 438 883 888
429 438 888 898
429 438 898 907
429 438 907 917
438 448 859 868
438 448 868 878
438 448 878 883
438 443 883 888
438 443 888 893
438 443 893 898
438 443 898 907
443 448 883 888
443 448 888 893
443 448 893 898
443 448 898 907
438 448 907 917
429 448 917 937
429 448 937 956
429 448 956 976
448 468 839 859
448 468 859 878
448 468 878 888
448 458 888 898
448 453 898 907
448 453 907 912
448 453 912 917
448 453 917 922
448 453 922 927
448 453 927 932
453 458 898 907
453 458 907 912
453 458 912 917
453 458 917 922
453 458 922 927
453 458 927 932
448 458 932 937
448 458 937 956
458 468 888 898
458 468 898 917
458 468 917 922
458 463 922 927
458 463 927 932
458 463 932 937
458 463 937 946
463 468 922 927
463 468 927 932
463 468 932 937
463 468 937 946
458 468 946 956
448 468 956 976
429 468 976 1015
390 468 1015 1093
312 468 1093 1250
312 468 1250 1562
468 625 625 937
625 937 625 937
937 1250 625 937
468 477 937 946
468 472 946 951
468 472 951 956
468 472 956 961
468 472 961 966
472 477 946 951
472 477 951 956
472 477 956 961
472 477 961 966
468 477 966 976
468 477 976 985
468 477 985 995
477 487 937 946
477 487 946 956
477 487 956 961
477 482 961 966
477 482 966 971
477 482 971 976
477 482 976 985
477 482 985 990
482 487 961 966
482 487 966 971
482 487 971 976
482 487 976 985
482 487 985 990
477 487 990 995
468 487 995 1015
468 487 1015 1034
468 487 1034 1054
487 507 937 956
487 507 956 976
487 497 976 985
487 492 985 990
487 492 990 995
487 492 995 1000
487 492 1000 1005
487 492 1005 1010
492 497 985 990
492 497 990 995
492 497 995 1000
492 497 1000 1005
492 497 1005 1010
487 497 1010 1015
487 497 1015 1034
497 507 976 995
497 507 995 1005
497 502 1005 1010
497 502 1010 1015
497 502 1015 1024
497 502 1024 1029
502 507 1005 1010
502 507 1010 1015
502 507 1015 1024
502 507 1024 1029
497 507 1029 1034
487 507 1034 1054
468 507 1054 1093
468 507 1093 1132
468 507 1132 1171
507 546 937 976
507 546 976 995
507 526 995 1015
526 546 995 1015
507 516 1015 1024
507 511 1024 1029
507 511 1029 1034
507 511 1034 1039
507 511 1039 1044
511 516 1024 1029
511 516 1029 1034
511 516 1034 1039
511 516 1039 1044
507 516 1044 1054
507 516 1054 1063
507 516 1063 1073
516 526 1015 1024
516 526 1024 1034
516 526 1034 1044
516 521 1044 1049
516 521 1049 1054
516 521 1054 1063
521 526 1044 1049
521 526 1049 1054
521 526 1054 1063
516 526 1063 1073
507 526 1073 1093
507 526 1093 1112
507 526 1112 1132
526 546 1015 1034
526 546 1034 1054
526 536 1054 1063
526 531 1063 1068
526 531 1068 1073
526 531 1073 1078
526 531 1078 1083
531 536 1063 1068
531 536 1068 1073
531 536 1073 1078
531 536 1078 1083
526 536 1083 1093
526 536 1093 1112
536 546 1054 1073
536 546 1073 1083
536 541 1083 1088
536 541 1088 1093
536 541 1093 1102
541 546 1083 1088
541 546 1088 1093
541 546 1093 1102
536 546 1102 1112
526 546 1112 1132
507 546 1132 1171
468 546 1171 1250
468 546 1250 1406
546 625 937 1093
546 555 1093 1102
546 550 1102 1107
546 550 1107 1112
550 555 1102 1107
550 555 1107 1112
546 555 1112 1122
546 555 1122 1132
546 555 1132 1141
546 555 1141 1151
555 565 1093 1102
555 565 1102 1112
555 565 1112 1122
555 560 1122 1127
555 560 1127 1132
555 560 1132 1141
560 565 1122 1127
560 565 1127 1132
560 565 1132 1141
555 565 1141 1151
546 565 1151 1171
546 565 1171 1190
546 565 1190 1210
565 585 1093 1112
565 585 1112 1122
565 575 1122 1132
565 570 1132 1141
565 570 1141 1146
565 570 1146 1151
565 570 1151 1156
565 570 1156 1161
570 575 1132 1141
570 575 1141 1146
570 575 1146 1151
570 575 1151 1156
570 575 1156 1161
565 575 1161 1171
565 575 1171 1190
575 585 1122 1132
575 585 1132 1151
575 585 1151 1156
575 580 1156 1161
575 580 1161 1166
575 580 1166 1171
575 580 1171 1180
580 585 1156 1161
580 585 1161 1166
580 585 1166 1171
585 625 1093 1171
580 585 1171 1180
575 585 1180 1190
565 585 1190 1210
546 585 1210 1250
546 585 1250 1328
585 590 1171 1180
590 595 1171 1180
585 590 1180 1185
585 590 1185 1190
585 590 1190 1195
585 590 1195 1200
590 595 1180 1185
590 595 1185 1190
595 605 1171 1190
590 595 1190 1195
595 605 1190 1195
590 595 1195 1200
585 595 1200 1210
585 595 1210 1220
585 595 1220 1230
595 600 1195 1200
600 605 1195 1200
595 600 1200 1205
595 600 1205 1210
595 600 1210 1215
595 600 1215 1220
595 600 1220 1225
600 605 1200 1205
600 605 1205 1210
605 625 1171 1210
600 605 1210 1215
600 605 1215 1220
600 605 1220 1225
595 605 1225 1230
585 605 1230 1250
585 605 1250 1289
605 615 1210 1220
615 625 1210 1220
605 610 1220 1225
605 610 1225 1230
605 610 1230 1235
605 610 1235 1240
610 615 1220 1225
610 615 1225 1230
615 625 1220 1230
610 615 1230 1235
610 615 1235 1240
605 615 1240 1250
605 615 1250 1269
615 625 1230 1240
615 620 1240 1245
615 620 1245 1250
615 620 1250 1259
620 625 1240 1245
620 625 1245 1250
620 625 1250 1259
615 625 1259 1269
605 625 1269 1289
585 625 1289 1328
546 625 1328 1406
468 625 1406 1562
312 625 1562 1875
0 625 1875 2500
625 781 937 1093
781 937 937 1093
625 703 1093 1171
625 664 1171 1210
625 664 1210 1230
625 644 1230 1250
625 634 1250 1259
625 629 1259 1264
625 629 1264 1269
625 629 1269 1274
629 634 1259 1264
629 634 1264 1269
629 634 1269 1274
625 634 1274 1279
625 634 1279 1289
625 634 1289 1298
625 634 1298 1308
634 644 1250 1259
634 644 1259 1269
634 644 1269 1279
634 639 1279 1284
634 639 1284 1289
634 639 1289 1298
639 644 1279 1284
639 644 1284 1289
639 644 1289 1298
634 644 1298 1308
625 644 1308 1328
625 644 1328 1347
625 644 1347 1367
644 664 1230 1250
644 664 1250 1269
644 664 1269 1289
644 654 1289 1298
644 649 1298 1303
644 649 1303 1308
644 649 1308 1313
644 649 1313 1318
649 654 1298 1303
649 654 1303 1308
649 654 1308 1313
649 654 1313 1318
644 654 1318 1328
644 654 1328 1347
654 664 1289 1308
654 664 1308 1318
654 659 1318 1323
654 659 1323 1328
659 664 1318 1323
659 664 1323 1328
654 664 1328 1347
644 664 1347 1367
625 664 1367 1406
625 664 1406 1445
625 664 1445 1484
664 703 1171 1210
664 703 1210 1250
664 703 1250 1289
664 703 1289 1308
664 683 1308 1328
664 673 1328 1337
664 673 1337 1347
664 673 1347 1357
664 673 1357 1367
664 673 1367 1376
664 673 1376 1386
673 683 1328 1337
673 683 1337 1347
673 683 1347 1357
673 678 1357 1362
673 678 1362 1367
673 678 1367 1376
678 683 1357 1362
678 683 1362 1367
678 683 1367 1376
673 683 1376 1386
664 683 1386 1406
664 683 1406 1425
664 683 1425 1445
683 703 1308 1328
683 703 1328 1347
683 703 1347 1367
683 693 1367 1376
683 688 1376 1381
683 688 1381 1386
688 693 1376 1381
688 693 1381 1386
693 703 1367 1386
683 693 1386 1396
683 693 1396 1406
683 693 1406 1425
693 703 1386 1391
693 698 1391 1396
693 698 1396 1401
693 698 1401 1406
698 703 1391 1396
698 703 1396 1401
698 703 1401 1406
693 703 1406 1425
683 703 1425 1445
664 703 1445 1484
625 703 1484 1562
625 703 1562 1640
625 703 1640 1718
703 781 1093 1171
703 781 1171 1250
703 781 1250 1328
703 742 1328 1367
703 742 1367 1386
703 722 1386 1406
703 712 1406 1415
712 722 1406 1415
703 707 1415 1420
703 707 1420 1425
707 712 1415 1420
707 712 1420 1425
703 712 1425 1435
703 712 1435 1445
703 712 1445 1454
703 712 1454 1464
712 722 1415 1425
712 717 1425 1430
717 722 1425 1430
712 717 1430 1435
712 717 1435 1440
712 717 1440 1445
712 717 1445 1454
717 722 1430 1435
717 722 1435 1440
717 722 1440 1445
717 722 1445 1454
712 722 1454 1464
703 722 1464 1484
703 722 1484 1503
703 722 1503 1523
722 742 1386 1406
722 742 1406 1425
722 742 1425 1435
722 732 1435 1445
722 727 1445 1454
722 727 1454 1459
722 727 1459 1464
722 727 1464 1469
727 732 1445 1454
727 732 1454 1459
727 732 1459 1464
727 732 1464 1469
722 732 1469 1474
722 732 1474 1484
722 732 1484 1503
732 742 1435 1445
732 742 1445 1464
732 742 1464 1469
732 737 1469 1474
732 737 1474 1479
732 737 1479 1484
737 742 1469 1474
737 742 1474 1479
737 742 1479 1484
732 742 1484 1503
722 742 1503 1523
703 742 1523 1562
703 742 1562 1601
703 742 1601 1640
742 781 1328 1367
742 781 1367 1406
742 781 1406 1445
742 761 1445 1464
742 761 1464 1474
742 751 1474 1484
742 751 1484 1493
742 746 1493 1498
746 751 1493 1498
742 751 1498 1503
742 751 1503 1513
742 751 1513 1523
742 751 1523 1532
742 751 1532 1542
751 761 1474 1484
751 761 1484 1493
751 761 1493 1503
751 756 1503 1508
756 761 1503 1508
751 756 1508 1513
751 756 1513 1518
751 756 1518 1523
756 761 1508 1513
756 761 1513 1518
756 761 1518 1523
751 761 1523 1532
751 761 1532 1542
742 761 1542 1562
742 761 1562 1581
742 761 1581 1601
761 781 1445 1464
761 781 1464 1484
761 781 1484 1503
761 781 1503 1513
761 771 1513 1523
761 766 1523 1532
761 766 1532 1537
761 766 1537 1542
766 771 1523 1532
766 771 1532 1537
766 771 1537 1542
761 771 1542 1552
761 771 1552 1562
761 771 1562 1581
771 781 1513 1523
771 781 1523 1542
771 781 1542 1547
771 776 1547 1552
776 781 1547 1552
771 776 1552 1557
771 776 1557 1562
776 781 1552 1557
776 781 1557 1562
771 781 1562 1581
761 781 1581 1601
742 781 1601 1640
703 781 1640 1718
625 781 1718 1875
625 781 1875 2031
625 781 2031 2187
781 937 1093 1250
937 1250 937 1250
1250 2500 0 1250
781 937 1250 1406
781 859 1406 1484
781 820 1484 1523
781 800 1523 1542
781 800 1542 1552
781 790 1552 1562
781 790 1562 1571
781 785 1571 1576
785 790 1571 1576
781 790 1576 1581
781 790 1581 1591
781 790 1591 1601
781 790 1601 1610
790 800 1552 1562
790 800 1562 1571
790 800 1571 1581
790 800 1581 1591
790 800 1591 1601
790 800 1601 1610
781 800 1610 1620
781 800 1620 1640
781 800 1640 1659
781 800 1659 1679
800 820 1523 1542
800 820 1542 1562
800 820 1562 1581
800 820 1581 1591
800 810 1591 1601
800 805 1601 1610
800 805 1610 1615
800 805 1615 1620
805 810 1601 1610
805 810 1610 1615
805 810 1615 1620
800 810 1620 1630
800 810 1630 1640
800 810 1640 1659
810 820 1591 1601
810 820 1601 1620
810 820 1620 1625
810 815 1625 1630
810 815 1630 1635
810 815 1635 1640
815 820 1625 1630
815 820 1630 1635
815 820 1635 1640
810 820 1640 1659
800 820 1659 1679
781 820 1679 1718
781 820 1718 1757
781 820 1757 1796
820 859 1484 1523
820 859 1523 1562
820 859 1562 1601
820 839 1601 1620
820 839 1620 1640
820 829 1640 1649
820 829 1649 1659
820 829 1659 1669
820 829 1669 1679
820 829 1679 1688
829 839 1640 1649
829 839 1649 1659
829 839 1659 1664
829 834 1664 1669
829 834 1669 1674
834 839 1664 1669
834 839 1669 1674
829 839 1674 1679
829 839 1679 1688
820 839 1688 1698
820 839 1698 1718
820 839 1718 1737
820 839 1737 1757
839 859 1601 1620
839 859 1620 1640
839 859 1640 1659
839 859 1659 1669
839 849 1669 1679
839 844 1679 1688
839 844 1688 1693
839 844 1693 1698
844 849 1679 1688
844 849 1688 1693
844 849 1693 1698
839 849 1698 1708
839 849 1708 1718
839 849 1718 1737
849 859 1669 1679
849 859 1679 1698
849 859 1698 1708
849 859 1708 1718
849 859 1718 1737
839 859 1737 1757
820 859 1757 1796
781 859 1796 1875
781 859 1875 1953
781 859 1953 2031
859 937 1406 1484
859 937 1484 1562
859 937 1562 1640
859 898 1640 1679
859 878 1679 1698
878 898 1679 1698
859 878 1698 1708
859 868 1708 1718
859 868 1718 1727
859 868 1727 1737
859 868 1737 1747
859 868 1747 1757
868 878 1708 1718
868 878 1718 1727
868 878 1727 1737
868 873 1737 1742
868 873 1742 1747
873 878 1737 1742
873 878 1742 1747
868 878 1747 1757
859 878 1757 1776
859 878 1776 1796
859 878 1796 1815
878 898 1698 1718
878 898 1718 1737
878 888 1737 1747
878 888 1747 1757
878 888 1757 1776
878 888 1776 1786
878 888 1786 1796
888 898 1737 1747
888 898 1747 1757
888 898 1757 1776
888 898 1776 1786
888 898 1786 1796
878 898 1796 1815
859 898 1815 1835
859 898 1835 1875
859 898 1875 1914
859 898 1914 1953
898 937 1640 1679
898 937 1679 1718
898 937 1718 1757
898 917 1757 1776
898 907 1776 1786
898 907 1786 1796
898 907 1796 1805
898 907 1805 1815
898 907 1815 1825
898 907 1825 1835
907 917 1776 1786
907 917 1786 1796
907 917 1796 1805
907 917 1805 1815
907 917 1815 1825
907 917 1825 1835
898 917 1835 1855
898 917 1855 1875
898 917 1875 1894
898 917 1894 1914
917 937 1757 1776
917 937 1776 1796
917 937 1796 1815
917 927 1815 1825
917 927 1825 1835
917 927 1835 1845
917 927 1845 1855
917 927 1855 1865
917 927 1865 1875
927 937 1815 1825
927 937 1825 1835
927 937 1835 1845
927 937 1845 1855
927 937 1855 1865
927 937 1865 1875
917 937 1875 1894
917 937 1894 1914
898 937 1914 1953
859 937 1953 2031
781 937 2031 2187
625 937 2187 2500
937 1250 1250 1562
937 1093 1562 1718
937 1015 1718 1796
937 976 1796 1835
937 956 1835 1855
937 946 1855 1865
937 946 1865 1875
937 946 1875 1884
937 946 1884 1894
937 946 1894 1904
937 946 1904 1914
946 956 1855 1865
946 956 1865 1875
946 956 1875 1884
946 956 1884 1894
946 956 1894 1904
946 956 1904 1914
937 956 1914 1933
937 956 1933 1953
937 956 1953 1972
937 956 1972 1992
956 976 1835 1855
956 976 1855 1875
956 976 1875 1894
956 966 1894 1904
956 966 1904 1914
956 966 1914 1933
956 966 1933 1943
956 966 1943 1953
966 976 1894 1904
966 976 1904 1914
966 976 1914 1933
966 976 1933 1943
966 976 1943 1953
956 976 1953 1972
956 976 1972 1992
937 976 1992 2031
937 976 2031 2070
937 976 2070 2109
976 1015 1796 1835
976 1015 1835 1875
976 1015 1875 1914
976 995 1914 1933
995 1015 1914 1933
976 995 1933 1943
976 985 1943 1953
976 985 1953 1962
976 985 1962 1972
976 985 1972 1982
976 985 1982 1992
985 995 1943 1953
985 995 1953 1962
985 995 1962 1972
985 995 1972 1982
985 995 1982 1992
976 995 1992 2011
976 995 2011 2031
976 995 2031 2050
995 1015 1933 1953
995 1015 1953 1972
995 1015 1972 1982
995 1005 1982 1992
995 1005 1992 2011
995 1005 2011 2021
995 1005 2021 2031
1005 1015 1982 1992
1005 1015 1992 2011
1005 1015 2011 2021
1005 1015 2021 2031
995 1015 2031 2050
976 1015 2050 2070
976 1015 2070 2109
937 1015 2109 2187
937 1015 2187 2265
937 1015 2265 2343
1015 1093 1718 1796
1015 1093 1796 1875
1015 1093 1875 1953
1015 1054 1953 1992
1015 1034 1992 2011
1034 1054 1992 2011
1015 1034 2011 2021
1015 1024 2021 2031
1015 1024 2031 2040
1015 1024 2040 2050
1015 1024 2050 2060
1015 1024 2060 2070
1024 1034 2021 2031
1024 1034 2031 2040
1024 1034 2040 2050
1024 1034 2050 2060
1024 1034 2060 2070
1015 1034 2070 2089
1015 1034 2089 2109
1015 1034 2109 2128
1034 1054 2011 2031
1034 1054 2031 2050
1034 1044 2050 2060
1034 1044 2060 2070
1034 1044 2070 2089
1034 1044 2089 2099
1034 1044 2099 2109
1044 1054 2050 2060
1044 1054 2060 2070
1044 1054 2070 2089
1044 1054 2089 2099
1044 1054 2099 2109
1034 1054 2109 2128
1015 1054 2128 2148
1015 1054 2148 2187
1015 1054 2187 2226
1015 1054 2226 2265
1054 1093 1953 1992
1054 1093 1992 2031
1054 1093 2031 2070
1054 1073 2070 2089
1054 1063 2089 2099
1054 1063 2099 2109
1054 1063 2109 2118
1054 1063 2118 2128
1054 1063 2128 2138
1054 1063 2138 2148
1063 1073 2089 2099
1063 1073 2099 2109
1063 1073 2109 2118
1063 1073 2118 2128
1063 1068 2128 2133
1068 1073 2128 2133
1063 1073 2133 2138
1063 1073 2138 2148
1054 1073 2148 2167
1054 1073 2167 2187
1054 1073 2187 2206
1073 1093 2070 2089
1073 1093 2089 2109
1073 1093 2109 2128
1073 1083 2128 2138
1073 1083 2138 2148
1073 1083 2148 2167
1073 1083 2167 2177
1073 1083 2177 2187
1083 1093 2128 2138
1083 1093 2138 2148
1083 1093 2148 2167
1083 1093 2167 2177
1083 1093 2177 2187
1073 1093 2187 2206
1054 1093 2206 2226
1054 1093 2226 2265
1015 1093 2265 2343
937 1093 2343 2500
1093 1250 1562 1718
1093 1250 1718 1875
1250 1875 1250 1875
1875 2500 1250 1875
1093 1250 1875 2031
1093 1171 2031 2109
1093 1132 2109 2148
1093 1112 2148 2167
1093 1102 2167 2177
1093 1102 2177 2187
1093 1102 2187 2196
1093 1102 2196 2206
1093 1102 2206 2216
1093 1102 2216 2226
1102 1112 2167 2177
1102 1112 2177 2187
1102 1112 2187 2196
1102 1112 2196 2206
1102 1112 2206 2216
1102 1112 2216 2226
1093 1112 2226 2245
1093 1112 2245 2265
1112 1132 2148 2167
1112 1132 2167 2187
1112 1132 2187 2206
1112 1122 2206 2216
1112 1122 2216 2226
1112 1122 2226 2245
1112 1122 2245 2255
1112 1122 2255 2265
1122 1132 2206 2216
1122 1132 2216 2226
1122 1132 2226 2245
1122 1132 2245 2255
1122 1132 2255 2265
1093 1132 2265 2304
1093 1132 2304 2343
1093 1132 2343 2382
1132 1171 2109 2148
1132 1171 2148 2187
1132 1171 2187 2226
1132 1151 2226 2245
1132 1141 2245 2255
1132 1141 2255 2265
1132 1141 2265 2274
1132 1141 2274 2284
1132 1141 2284 2294
1132 1141 2294 2304
1141 1151 2245 2255
1141 1151 2255 2265
1141 1151 2265 2274
1141 1151 2274 2284
1141 1151 2284 2294
1141 1151 2294 2304
1132 1151 2304 2323
1132 1151 2323 2343
1151 1171 2226 2245
1151 1171 2245 2265
1151 1171 2265 2284
1151 1161 2284 2294
1151 1161 2294 2304
1151 1161 2304 2323
1151 1161 2323 2333
1151 1161 2333 2343
1161 1171 2284 2294
1161 1171 2294 2304
1161 1171 2304 2323
1161 1171 2323 2333
1161 1171 2333 2343
1132 1171 2343 2382
1093 1171 2382 2421
1093 1171 2421 2500
1171 1250 2031 2187
1171 1250 2187 2265
1171 1210 2265 2304
1171 1190 2304 2323
1171 1180 2323 2333
1171 1180 2333 2343
1171 1180 2343 2352
1171 1180 2352 2362
1171 1180 2362 2372
1180 1190 2323 2333
1180 1190 2333 2343
1180 1190 2343 2352
1180 1190 2352 2362
1180 1190 2362 2372
1171 1190 2372 2382
1171 1190 2382 2401
1171 1190 2401 2421
1190 1210 2304 2323
1190 1210 2323 2343
1210 1250 2265 2343
1190 1210 2343 2362
1190 1200 2362 2372
1190 1200 2372 2382
1190 1200 2382 2401
1190 1200 2401 2411
1200 1210 2362 2372
1200 1210 2372 2382
1200 1210 2382 2401
1200 1210 2401 2411
1190 1210 2411 2421
1171 1210 2421 2460
1171 1210 2460 2500
1210 1250 2343 2382
1210 1230 2382 2401
1210 1220 2401 2411
1210 1220 2411 2421
1210 1220 2421 2440
1210 1220 2440 2450
1210 1220 2450 2460
1220 1230 2401 2411
1220 1230 2411 2421
1220 1230 2421 2440
1220 1230 2440 2450
1220 1230 2450 2460
1210 1230 2460 2480
1210 1230 2480 2500
1230 1250 2382 2421
1230 1250 2421 2440
1230 1240 2440 2450
1230 1240 2450 2460
1230 1240 2460 2470
1230 1240 2470 2480
1230 1240 2480 2490
1230 1240 2490 2500
1240 1250 2440 2450
1240 1250 2450 2460
1240 1250 2460 2470
1240 1250 2470 2480
1240 1250 2480 2490
1240 1250 2490 2500
0 1250 2500 3750
0 1250 3750 5000
1250 1562 1875 2187
1562 1875 1875 2187
1250 1406 2187 2343
1250 1328 2343 2421
1250 1289 2421 2460
1250 1269 2460 2480
1250 1259 2480 2490
1250 1259 2490 2500
1250 1259 2500 2509
1250 1259 2509 2519
1259 1269 2480 2490
1259 1269 2490 2500
1259 1269 2500 2509
1259 1269 2509 2519
1250 1269 2519 2539
1250 1269 2539 2558
1250 1269 2558 2578
1250 1269 2578 2597
1269 1289 2460 2480
1269 1289 2480 2500
1269 1289 2500 2519
1269 1279 2519 2529
1269 1279 2529 2539
1269 1279 2539 2558
1269 1279 2558 2568
1269 1279 2568 2578
1279 1289 2519 2529
1279 1289 2529 2539
1279 1289 2539 2558
1279 1289 2558 2568
1279 1289 2568 2578
1269 1289 2578 2597
1250 1289 2597 2617
1250 1289 2617 2656
1250 1289 2656 2695
1250 1289 2695 2734
1289 1328 2421 2460
1289 1328 2460 2500
1289 1328 2500 2539
1289 1308 2539 2558
1289 1298 2558 2568
1289 1298 2568 2578
1289 1298 2578 2587
1289 1298 2587 2597
1298 1308 2558 2568
1298 1308 2568 2578
1298 1308 2578 2587
1298 1308 2587 2597
1289 1308 2597 2617
1289 1308 2617 2636
1289 1308 2636 2656
1289 1308 2656 2675
1308 1328 2539 2558
1308 1328 2558 2578
1308 1328 2578 2597
1308 1318 2597 2607
1308 1318 2607 2617
1308 1318 2617 2636
1308 1318 2636 2646
1308 1318 2646 2656
1318 1328 2597 2607
1318 1328 2607 2617
1318 1328 2617 2636
1318 1328 2636 2646
1318 1328 2646 2656
1308 1328 2656 2675
1289 1328 2675 2695
1289 1328 2695 2734
1250 1328 2734 2812
1250 1328 2812 2890
1250 1328 2890 2968
1328 1406 2343 2421
1328 1406 2421 2500
1328 1406 2500 2578
1328 1367 2578 2617
1328 1347 2617 2636
1347 1367 2617 2636
1328 1337 2636 2646
1328 1337 2646 2656
1328 1337 2656 2665
1328 1337 2665 2675
1328 1337 2675 2685
1328 1337 2685 2695
1337 1347 2636 2646
1337 1347 2646 2656
1337 1347 2656 2665
1337 1347 2665 2675
1337 1347 2675 2685
1337 1347 2685 2695
1328 1347 2695 2714
1328 1347 2714 2734
1328 1347 2734 2753
1347 1367 2636 2656
1347 1367 2656 2675
1347 1357 2675 2685
1347 1357 2685 2695
1347 1357 2695 2714
1347 1357 2714 2724
1347 1357 2724 2734
1357 1367 2675 2685
1357 1367 2685 2695
1357 1367 2695 2714
1357 1367 2714 2724
1357 1367 2724 2734
1347 1367 2734 2753
1328 1367 2753 2773
1328 1367 2773 2812
1328 1367 2812 2851
1328 1367 2851 2890
1367 1406 2578 2617
1367 1406 2617 2656
1367 1406 2656 2695
1367 1386 2695 2714
1367 1376 2714 2724
1367 1376 2724 2734
1367 1376 2734 2743
1367 1376 2743 2753
1367 1376 2753 2763
1367 1376 2763 2773
1376 1386 2714 2724
1376 1386 2724 2734
1376 1386 2734 2743
1376 1386 2743 2753
1376 1386 2753 2763
1376 1386 2763 2773
1367 1386 2773 2792
1367 1386 2792 2812
1367 1386 2812 2831
1386 1406 2695 2714
1386 1406 2714 2734
1386 1406 2734 2753
1386 1396 2753 2763
1386 1396 2763 2773
1386 1396 2773 2792
1386 1396 2792 2802
1386 1396 2802 2812
1396 1406 2753 2763
1396 1406 2763 2773
1396 1406 2773 2792
1396 1406 2792 2802
1396 1406 2802 2812
1386 1406 2812 2831
1367 1406 2831 2851
1367 1406 2851 2890
1328 1406 2890 2968
1250 1406 2968 3125
1250 1406 3125 3281
1406 1562 2187 2343
1406 1562 2343 2500
1406 1562 2500 2656
1406 1484 2656 2734
1406 1445 2734 2773
1406 1425 2773 2792
1406 1415 2792 2802
1406 1415 2802 2812
1406 1415 2812 2821
1406 1415 2821 2831
1406 1415 2831 2841
1406 1415 2841 2851
1415 1425 2792 2802
1415 1425 2802 2812
1415 1425 2812 2821
1415 1425 2821 2831
1415 1425 2831 2841
1415 1425 2841 2851
1406 1425 2851 2870
1406 1425 2870 2890
1406 1425 2890 2909
1425 1445 2773 2792
1425 1445 2792 2812
1425 1445 2812 2831
1425 1435 2831 2841
1425 1435 2841 2851
1425 1435 2851 2870
1425 1435 2870 2880
1425 1435 2880 2890
1435 1445 2831 2841
1435 1445 2841 2851
1435 1445 2851 2870
1435 1445 2870 2880
1435 1445 2880 2890
1425 1445 2890 2909
1406 1445 2909 2929
1406 1445 2929 2968
1406 1445 2968 3007
1406 1445 3007 3046
1445 1484 2734 2773
1445 1484 2773 2812
1445 1484 2812 2851
1445 1464 2851 2870
1445 1454 2870 2880
1445 1454 2880 2890
1445 1454 2890 2899
1445 1454 2899 2909
1445 1454 2909 2919
1445 1454 2919 2929
1454 1464 2870 2880
1454 1464 2880 2890
1454 1464 2890 2899
1454 1464 2899 2909
1454 1464 2909 2919
1454 1464 2919 2929
1445 1464 2929 2948
1445 1464 2948 2968
1445 1464 2968 2987
1464 1484 2851 2870
1464 1484 2870 2890
1464 1484 2890 2909
1464 1474 2909 2919
1464 1474 2919 2929
1464 1474 2929 2948
1464 1474 2948 2958
1464 1474 2958 2968
1474 1484 2909 2919
1474 1484 2919 2929
1474 1484 2929 2948
1474 1484 2948 2958
1474 1484 2958 2968
1464 1484 2968 2987
1445 1484 2987 3007
1445 1484 3007 3046
1406 1484 3046 3125
1406 1484 3125 3203
1406 1484 3203 3281
1484 1562 2656 2734
1484 1562 2734 2812
1484 1562 2812 2890
1484 1523 2890 2929
1484 1503 2929 2948
1503 1523 2929 2948
1484 1493 2948 2958
1484 1493 2958 2968
1484 1493 2968 2977
1484 1493 2977 2987
1484 1493 2987 2997
1484 1493 2997 3007
1493 1503 2948 2958
1493 1503 2958 2968
1493 1503 2968 2977
1493 1503 2977 2982
1493 1498 2982 2987
1493 1498 2987 2992
1493 1498 2992 2997
1498 1503 2982 2987
1498 1503 2987 2992
1498 1503 2992 2997
1493 1503 2997 3007
1484 1503 3007 3026
1484 1503 3026 3046
1484 1503 3046 3065
1484 1503 3065 3085
1503 1523 2948 2968
1503 1523 2968 2987
1503 1513 2987 2997
1503 1513 2997 3007
1503 1513 3007 3026
1503 1513 3026 3036
1503 1513 3036 3046
1513 1523 2987 2997
1513 1523 2997 3007
1513 1523 3007 3026
1513 1523 3026 3036
1513 1523 3036 3046
1503 1523 3046 3065
1503 1523 3065 3085
1484 1523 3085 3125
1484 1523 3125 3164
1484 1523 3164 3203
1523 1562 2890 2929
1523 1562 2929 2968
1523 1562 2968 3007
1523 1542 3007 3026
1523 1532 3026 3036
1523 1532 3036 3046
1523 1532 3046 3055
1523 1532 3055 3065
1523 1532 3065 3075
1523 1532 3075 3085
1532 1542 3026 3036
1532 1542 3036 3046
1532 1542 3046 3055
1532 1542 3055 3065
1532 1542 3065 3075
1532 1542 3075 3085
1523 1542 3085 3105
1523 1542 3105 3125
1523 1542 3125 3144
1523 1542 3144 3164
1542 1562 3007 3026
1542 1562 3026 3046
1542 1562 3046 3065
1542 1552 3065 3075
1542 1552 3075 3085
1542 1547 3085 3090
1542 1547 3090 3095
1547 1552 3085 3090
1547 1552 3090 3095
1542 1552 3095 3105
1542 1552 3105 3115
1542 1552 3115 3125
1542 1552 3125 3144
1552 1562 3065 3075
1552 1562 3075 3085
1552 1562 3085 3095
1552 1562 3095 3105
1552 1562 3105 3115
1552 1562 3115 3125
1552 1562 3125 3144
1542 1562 3144 3164
1523 1562 3164 3203
1484 1562 3203 3281
1250 1562 3281 3437
1250 1562 3437 3750
1562 1875 2187 2500
1875 2500 1875 2500
2500 5000 0 2500
1562 1875 2500 2812
1562 1718 2812 2968
1562 1640 2968 3046
1562 1601 3046 3085
1562 1581 3085 3105
1562 1571 3105 3115
1562 1571 3115 3125
1562 1571 3125 3134
1562 1571 3134 3144
1562 1571 3144 3154
1562 1571 3154 3164
1571 1581 3105 3115
1571 1581 3115 3125
1571 1581 3125 3134
1571 1581 3134 3144
1571 1576 3144 3149
1576 1581 3144 3149
1571 1576 3149 3154
1576 1581 3149 3154
1571 1581 3154 3164
1562 1581 3164 3183
1562 1581 3183 3203
1562 1581 3203 3222
1562 1581 3222 3242
1581 1601 3085 3105
1581 1601 3105 3125
1581 1601 3125 3144
1581 1591 3144 3154
1581 1591 3154 3164
1581 1591 3164 3183
1581 1591 3183 3193
1581 1591 3193 3203
1581 1591 3203 3222
1591 1601 3144 3154
1591 1601 3154 3164
1591 1601 3164 3183
1591 1596 3183 3188
1591 1596 3188 3193
1596 1601 3183 3188
1596 1601 3188 3193
1591 1601 3193 3203
1591 1601 3203 3222
1581 1601 3222 3242
1562 1601 3242 3281
1601 1640 3046 3085
1601 1640 3085 3125
1601 1640 3125 3164
1601 1620 3164 3183
1601 1610 3183 3193
1601 1610 3193 3203
1601 1610 3203 3212
1601 1610 3212 3222
1601 1610 3222 3232
1601 1610 3232 3242
1601 1610 3242 3251
1610 1620 3183 3193
1610 1620 3193 3203
1610 1620 3203 3212
1610 1620 3212 3222
1610 1620 3222 3232
1610 1620 3232 3242
1610 1620 3242 3251
1601 1620 3251 3261
1601 1620 3261 3281
1620 1640 3164 3183
1620 1640 3183 3203
1620 1640 3203 3222
1620 1640 3222 3232
1620 1630 3232 3242
1620 1630 3242 3261
1620 1630 3261 3271
1620 1630 3271 3281
1630 1640 3232 3242
1630 1640 3242 3261
1630 1640 3261 3271
1630 1640 3271 3281
1562 1640 3281 3359
1562 1640 3359 3437
1640 1718 2968 3046
1640 1718 3046 3125
1640 1718 3125 3203
1640 1679 3203 3242
1640 1659 3242 3261
1659 1679 3242 3261
1640 1659 3261 3271
1640 1649 3271 3281
1640 1649 3281 3290
1640 1649 3290 3300
1640 1649 3300 3310
1640 1649 3310 3320
1649 1659 3271 3281
1649 1659 3281 3290
1649 1659 3290 3300
1649 1659 3300 3310
1649 1659 3310 3320
1640 1659 3320 3339
1659 1679 3261 3281
1659 1679 3281 3300
1659 1679 3300 3310
1659 1669 3310 3320
1659 1669 3320 3329
1659 1669 3329 3334
1659 1669 3334 3339
1669 1679 3310 3320
1669 1679 3320 3329
1669 1679 3329 3334
1669 1674 3334 3339
1674 1679 3334 3339
1640 1679 3339 3359
1640 1679 3359 3398
1679 1718 3203 3242
1679 1718 3242 3281
1679 1718 3281 3320
1679 1698 3320 3339
1698 1718 3320 3339
1679 1688 3339 3344
1679 1688 3344 3349
1688 1698 3339 3344
1688 1693 3344 3349
1693 1698 3344 3349
1679 1698 3349 3359
1698 1718 3339 3349
1698 1708 3349 3354
1708 1718 3349 3354
1698 1708 3354 3359
1708 1718 3354 3359
1679 1718 3359 3378
1679 1718 3378 3398
1640 1718 3398 3437
1562 1718 3437 3593
1718 1875 2812 2968
1718 1875 2968 3125
1718 1875 3125 3281
1718 1796 3281 3359
1718 1727 3359 3363
1718 1727 3363 3368
1727 1732 3359 3363
1732 1737 3359 3363
1727 1732 3363 3368
1732 1737 3363 3368
1718 1737 3368 3378
1737 1747 3359 3368
1737 1747 3368 3373
1737 1747 3373 3378
1747 1757 3359 3368
1747 1757 3368 3373
1747 1757 3373 3378
1718 1757 3378 3398
1718 1757 3398 3437
1757 1796 3359 3378
1757 1766 3378 3383
1757 1766 3383 3388
1766 1776 3378 3383
1766 1776 3383 3388
1757 1776 3388 3398
1757 1776 3398 3417
1776 1796 3378 3388
1776 1786 3388 3393
1776 1786 3393 3398
1776 1786 3398 3407
1776 1786 3407 3417
1786 1796 3388 3393
1786 1796 3393 3398
1786 1796 3398 3407
1786 1796 3407 3417
1757 1796 3417 3437
1718 1796 3437 3515
1718 1796 3515 3593
1796 1875 3281 3359
1796 1835 3359 3378
1796 1835 3378 3398
1796 1805 3398 3402
1796 1805 3402 3407
1805 1810 3398 3402
1805 1810 3402 3407
1810 1815 3398 3402
1810 1815 3402 3407
1796 1815 3407 3417
1796 1815 3417 3437
1815 1825 3398 3407
1815 1825 3407 3412
1815 1825 3412 3417
1815 1825 3417 3427
1825 1835 3398 3407
1825 1835 3407 3412
1825 1835 3412 3417
1825 1835 3417 3422
1825 1835 3422 3427
1815 1835 3427 3437
1796 1835 3437 3476
1796 1835 3476 3515
1835 1875 3359 3398
1835 1855 3398 3417
1855 1875 3398 3417
1835 1845 3417 3422
1835 1845 3422 3427
1835 1845 3427 3437
1845 1855 3417 3427
1845 1855 3427 3432
1845 1855 3432 3437
1835 1855 3437 3456
1835 1855 3456 3476
1855 1875 3417 3427
1855 1865 3427 3432
1855 1865 3432 3437
1855 1865 3437 3446
1855 1865 3446 3456
1865 1875 3427 3437
1865 1870 3437 3441
1865 1870 3441 3446
1870 1875 3437 3441
1870 1875 3441 3446
1865 1875 3446 3456
1855 1875 3456 3476
1835 1875 3476 3515
1796 1875 3515 3593
1562 1875 3593 3750
1250 1875 3750 4375
1875 2500 2500 3125
2500 3750 2500 3125
1875 2187 3125 3437
2187 2500 3125 3437
1875 1884 3437 3441
1875 1884 3441 3446
1875 1884 3446 3451
1875 1884 3451 3456
1884 1894 3437 3446
1884 1894 3446 3451
1884 1894 3451 3456
1875 1894 3456 3476
1894 1904 3437 3446
1894 1904 3446 3451
1894 1904 3451 3456
1894 1904 3456 3461
1894 1904 3461 3466
1904 1914 3437 3446
1904 1914 3446 3456
1904 1914 3456 3461
1904 1914 3461 3466
1894 1914 3466 3476
1875 1914 3476 3515
1914 1953 3437 3456
1914 1923 3456 3461
1914 1923 3461 3466
1914 1923 3466 3471
1914 1923 3471 3476
1923 1933 3456 3466
1923 1933 3466 3471
1923 1933 3471 3476
1914 1933 3476 3495
1933 1953 3456 3466
1933 1943 3466 3471
1933 1943 3471 3476
1933 1938 3476 3485
1938 1943 3476 3480
1938 1943 3480 3485
1933 1943 3485 3495
1943 1953 3466 3476
1943 1948 3476 3480
1943 1948 3480 3485
1948 1953 3476 3480
1948 1953 3480 3485
1943 1953 3485 3495
1914 1953 3495 3515
1875 1953 3515 3593
1953 2031 3437 3476
1953 1962 3476 3480
1953 1962 3480 3485
1953 1962 3485 3490
1953 1962 3490 3495
1962 1972 3476 3485
1962 1967 3485 3490
1967 1972 3485 3490
1962 1972 3490 3495
1953 1972 3495 3505
1953 1972 3505 3515
1972 1982 3476 3485
1972 1982 3485 3490
1972 1977 3490 3495
1977 1982 3490 3495
1972 1982 3495 3500
1972 1982 3500 3505
1982 1992 3476 3485
1982 1992 3485 3495
1982 1987 3495 3497
1982 1987 3497 3500
1987 1992 3495 3500
1982 1992 3500 3505
1972 1992 3505 3515
1953 1992 3515 3554
1992 2031 3476 3495
1992 2001 3495 3500
1992 1996 3500 3502
1992 1996 3502 3505
1996 2001 3500 3502
1996 2001 3502 3505
1992 2001 3505 3510
1992 2001 3510 3515
2001 2011 3495 3500
2001 2011 3500 3505
2001 2006 3505 3507
2001 2006 3507 3510
2006 2011 3505 3507
2006 2011 3507 3510
2001 2011 3510 3515
1992 2011 3515 3534
2011 2031 3495 3505
2011 2021 3505 3510
2011 2016 3510 3512
2011 2016 3512 3515
2011 2016 3515 3524
2016 2021 3510 3512
2016 2021 3512 3515
2016 2021 3515 3519
2016 2021 3519 3524
2011 2021 3524 3534
2021 2031 3505 3510
2021 2031 3510 3515
2021 2026 3515 3519
2021 2026 3519 3524
2026 2031 3515 3519
2026 2031 3519 3521
2026 2031 3521 3524
2021 2031 3524 3534
1992 2031 3534 3554
1953 2031 3554 3593
1875 2031 3593 3750
2031 2187 3437 3515
2031 2040 3515 3519
2031 2035 3519 3521
2031 2035 3521 3524
2035 2040 3519 3521
2035 2040 3521 3524
2031 2040 3524 3534
2040 2045 3515 3519
2040 2045 3519 3521
2040 2045 3521 3524
2040 2045 3524 3529
2045 2050 3515 3519
2045 2050 3519 3524
2050 2060 3515 3524
2060 2070 3515 3524
2045 2050 3524 3526
2045 2050 3526 3529
2040 2050 3529 3534
2031 2050 3534 3554
2050 2060 3524 3529
2060 2070 3524 3529
2050 2055 3529 3534
2055 2060 3529 3531
2055 2060 3531 3534
2050 2060 3534 3539
2050 2060 3539 3544
2060 2070 3529 3534
2060 2065 3534 3536
2060 2065 3536 3539
2065 2070 3534 3536
2065 2070 3536 3539
2060 2070 3539 3544
2050 2070 3544 3554
2031 2070 3554 3593
2070 2109 3515 3534
2070 2079 3534 3539
2070 2074 3539 3541
2070 2074 3541 3544
2074 2079 3539 3541
2074 2079 3541 3544
2070 2079 3544 3554
2079 2089 3534 3539
2079 2084 3539 3541
2079 2084 3541 3544
2079 2084 3544 3549
2084 2089 3539 3544
2084 2089 3544 3546
2084 2089 3546 3549
2079 2089 3549 3554
2070 2089 3554 3573
2089 2109 3534 3544
2089 2094 3544 3546
2089 2094 3546 3549
2089 2094 3549 3554
2094 2099 3544 3546
2094 2099 3546 3549
2094 2099 3549 3551
2094 2099 3551 3554
2089 2099 3554 3563
2089 2099 3563 3573
2099 2109 3544 3549
2099 2104 3549 3551
2099 2104 3551 3554
2099 2104 3554 3558
2099 2104 3558 3563
2104 2109 3549 3551
2104 2109 3551 3554
2104 2109 3554 3558
2104 2109 3558 3563
2099 2109 3563 3573
2070 2109 3573 3593
2109 2187 3515 3554
2109 2113 3554 3558
2113 2118 3554 3558
2109 2118 3558 3563
2118 2123 3554 3558
2118 2123 3558 3563
2123 2128 3554 3558
2123 2128 3558 3563
2128 2138 3554 3563
2109 2128 3563 3573
2109 2128 3573 3593
2128 2133 3563 3568
2133 2138 3563 3568
2128 2138 3568 3573
2128 2138 3573 3583
2138 2148 3554 3563
2138 2148 3563 3568
2138 2143 3568 3570
2138 2143 3570 3573
2143 2148 3568 3573
2138 2148 3573 3578
2138 2148 3578 3583
2128 2148 3583 3593
2148 2187 3554 3573
2148 2157 3573 3578
2148 2157 3578 3583
2157 2167 3573 3578
2157 2162 3578 3583
2162 2167 3578 3583
2148 2167 3583 3593
2167 2187 3573 3583
2167 2177 3583 3588
2167 2177 3588 3593
2177 2187 3583 3588
2177 2187 3588 3593
2187 2500 3437 3593
2031 2187 3593 3671
2031 2187 3671 3750
1875 2187 3750 4062
2187 2196 3593 3597
2196 2201 3593 3597
2201 2206 3593 3597
2187 2196 3597 3602
2196 2201 3597 3602
2201 2206 3597 3602
2206 2216 3593 3602
2216 2226 3593 3602
2187 2206 3602 3612
2206 2216 3602 3607
2216 2226 3602 3607
2206 2216 3607 3612
2216 2226 3607 3612
2226 2265 3593 3612
2187 2206 3612 3632
2206 2216 3612 3622
2216 2226 3612 3617
2226 2235 3612 3617
2235 2245 3612 3617
2216 2226 3617 3622
2226 2235 3617 3622
2235 2245 3617 3622
2245 2265 3612 3622
2206 2226 3622 3632
2187 2226 3632 3671
2226 2245 3622 3632
2245 2255 3622 3627
2245 2255 3627 3632
2255 2265 3622 3632
2265 2343 3593 3632
2226 2245 3632 3651
2245 2255 3632 3641
2255 2260 3632 3636
2260 2265 3632 3636
2265 2274 3632 3636
2274 2279 3632 3636
2279 2284 3632 3636
2255 2260 3636 3641
2260 2265 3636 3641
2265 2274 3636 3641
2274 2279 3636 3641
2279 2284 3636 3641
2284 2294 3632 3641
2294 2304 3632 3641
2245 2255 3641 3651
2255 2265 3641 3651
2265 2284 3641 3651
2284 2294 3641 3646
2294 2304 3641 3646
2284 2294 3646 3651
2294 2304 3646 3651
2304 2343 3632 3651
2226 2265 3651 3671
2187 2265 3671 3750
2265 2284 3651 3671
2284 2304 3651 3661
2304 2313 3651 3656
2313 2323 3651 3656
2304 2313 3656 3661
2313 2323 3656 3661
2323 2343 3651 3661
2284 2304 3661 3671
2304 2313 3661 3671
2313 2323 3661 3666
2323 2333 3661 3666
2333 2343 3661 3666
2313 2323 3666 3671
2323 2333 3666 3671
2333 2343 3666 3671
2343 2500 3593 3671
2265 2304 3671 3710
2304 2323 3671 3690
2323 2333 3671 3680
2333 2343 3671 3680
2343 2352 3671 3675
2352 2357 3671 3675
2357 2362 3671 3675
2343 2352 3675 3680
2352 2357 3675 3680
2357 2362 3675 3680
2362 2372 3671 3680
2372 2382 3671 3680
2323 2333 3680 3690
2333 2343 3680 3690
2343 2362 3680 3690
2362 2372 3680 3685
2372 2382 3680 3685
2362 2372 3685 3690
2372 2382 3685 3690
2382 2421 3671 3690
2421 2460 3671 3690
2304 2343 3690 3710
2343 2362 3690 3710
2362 2382 3690 3700
2382 2391 3690 3695
2391 2401 3690 3695
2382 2391 3695 3700
2391 2401 3695 3700
2401 2421 3690 3700
2362 2382 3700 3710
2382 2401 3700 3710
2401 2411 3700 3705
2411 2421 3700 3705
2401 2411 3705 3710
2411 2421 3705 3710
2421 2460 3690 3710
2460 2500 3671 3710
2265 2343 3710 3750
2343 2421 3710 3750
2421 2430 3710 3715
2430 2440 3710 3715
2421 2430 3715 3720
2430 2440 3715 3720
2440 2460 3710 3720
2460 2480 3710 3720
2421 2440 3720 3730
2440 2450 3720 3725
2450 2460 3720 3725
2460 2470 3720 3725
2440 2450 3725 3730
2450 2460 3725 3730
2460 2470 3725 3730
2470 2480 3720 3730
2480 2500 3710 3730
2421 2460 3730 3750
2460 2470 3730 3735
2470 2480 3730 3735
2460 2470 3735 3740
2470 2480 3735 3740
2480 2500 3730 3740
2460 2480 3740 3750
2480 2490 3740 3745
2490 2500 3740 3745
2480 2490 3745 3750
2490 2500 3745 3750
2187 2343 3750 3906
2187 2343 3906 4062
2343 2421 3750 3828
2421 2460 3750 3789
2460 2480 3750 3769
2480 2490 3750 3769
2490 2500 3750 3759
2490 2500 3759 3769
2460 2480 3769 3789
2480 2500 3769 3789
2421 2460 3789 3828
2460 2500 3789 3828
2343 2421 3828 3906
2421 2500 3828 3906
2343 2500 3906 4062
1875 2500 4062 4375
1250 2500 4375 5000
2500 3125 3125 3437
2500 2812 3437 3593
2500 2656 3593 3671
2500 2578 3671 3710
2500 2539 3710 3730
2500 2539 3730 3750
2500 2509 3750 3754
2500 2509 3754 3759
2509 2514 3750 3754
2509 2514 3754 3759
2514 2519 3750 3754
2514 2519 3754 3759
2500 2519 3759 3769
2519 2529 3750 3759
2529 2539 3750 3759
2519 2529 3759 3764
2519 2529 3764 3769
2529 2539 3759 3764
2529 2539 3764 3769
2500 2539 3769 3789
2539 2578 3710 3750
2539 2578 3750 3769
2539 2548 3769 3774
2539 2548 3774 3779
2548 2558 3769 3774
2548 2558 3774 3779
2539 2558 3779 3789
2558 2578 3769 3779
2558 2568 3779 3784
2558 2568 3784 3789
2568 2578 3779 3784
2568 2578 3784 3789
2500 2578 3789 3828
2578 2656 3671 3750
2578 2617 3750 3769
2578 2597 3769 3779
2578 2597 3779 3789
2578 2587 3789 3793
2578 2587 3793 3798
2587 2592 3789 3793
2587 2592 3793 3798
2592 2597 3789 3793
2592 2597 3793 3798
2578 2597 3798 3808
2597 2617 3769 3789
2597 2602 3789 3793
2597 2602 3793 3798
2602 2607 3789 3798
2597 2607 3798 3803
2597 2607 3803 3808
2607 2617 3789 3798
2607 2617 3798 3803
2607 2617 3803 3808
2578 2617 3808 3828
2617 2656 3750 3789
2617 2636 3789 3798
2617 2636 3798 3808
2617 2626 3808 3813
2617 2626 3813 3818
2626 2636 3808 3813
2626 2636 3813 3818
2617 2636 3818 3828
2636 2656 3789 3808
2636 2656 3808 3818
2636 2646 3818 3828
2646 2656 3818 3823
2646 2656 3823 3828
2500 2656 3828 3906
2656 2812 3593 3750
2656 2734 3750 3789
2656 2695 3789 3808
2656 2675 3808 3818
2656 2675 3818 3828
2656 2665 3828 3837
2665 2670 3828 3832
2665 2670 3832 3837
2670 2675 3828 3832
2670 2675 3832 3837
2656 2675 3837 3847
2675 2695 3808 3828
2675 2685 3828 3837
2675 2685 3837 3842
2675 2685 3842 3847
2685 2695 3828 3837
2685 2695 3837 3842
2685 2695 3842 3847
2656 2695 3847 3867
2695 2734 3789 3828
2695 2714 3828 3837
2695 2714 3837 3847
2695 2704 3847 3852
2695 2704 3852 3857
2704 2714 3847 3852
2704 2714 3852 3857
2695 2714 3857 3867
2714 2734 3828 3847
2714 2734 3847 3857
2714 2724 3857 3867
2724 2734 3857 3862
2724 2734 3862 3867
2656 2734 3867 3906
2734 2812 3750 3828
2734 2773 3828 3847
2734 2753 3847 3857
2734 2753 3857 3867
2734 2743 3867 3876
2743 2753 3867 3876
2734 2753 3876 3886
2753 2773 3847 3867
2753 2763 3867 3876
2753 2763 3876 3881
2753 2763 3881 3886
2763 2773 3867 3876
2763 2773 3876 3881
2763 2773 3881 3886
2734 2773 3886 3906
2773 2812 3828 3867
2773 2812 3867 3886
2773 2782 3886 3891
2773 2782 3891 3896
2782 2792 3886 3891
2782 2792 3891 3896
2773 2792 3896 3906
2792 2812 3886 3896
2792 2802 3896 3901
2792 2802 3901 3906
2802 2812 3896 3901
2802 2812 3901 3906
2500 2812 3906 4062
2500 2812 4062 4375
2812 3125 3437 3750
3125 3750 3125 3750
3750 5000 2500 3750
2812 2968 3750 3828
2812 2890 3828 3867
2812 2851 3867 3886
2812 2831 3886 3896
2812 2831 3896 3906
2812 2821 3906 3910
2812 2821 3910 3915
2821 2826 3906 3910
2821 2826 3910 3915
2826 2831 3906 3910
2826 2831 3910 3915
2812 2831 3915 3925
2831 2851 3886 3906
2831 2841 3906 3915
2831 2841 3915 3920
2831 2841 3920 3925
2841 2851 3906 3915
2841 2851 3915 3920
2841 2851 3920 3925
2812 2851 3925 3945
2851 2890 3867 3906
2851 2870 3906 3915
2851 2870 3915 3925
2851 2860 3925 3930
2851 2860 3930 3935
2860 2870 3925 3930
2860 2870 3930 3935
2851 2870 3935 3945
2870 2890 3906 3925
2870 2890 3925 3935
2870 2880 3935 3940
2870 2880 3940 3945
2880 2890 3935 3940
2880 2890 3940 3945
2812 2890 3945 3984
2890 2968 3828 3906
2890 2929 3906 3925
2890 2909 3925 3935
2890 2909 3935 3945
2890 2899 3945 3949
2890 2899 3949 3954
2899 2904 3945 3949
2899 2904 3949 3954
2904 2909 3945 3949
2904 2909 3949 3954
2890 2909 3954 3964
2909 2929 3925 3945
2929 2968 3906 3945
2909 2919 3945 3954
2909 2919 3954 3959
2909 2919 3959 3964
2919 2929 3945 3954
2919 2929 3954 3959
2919 2929 3959 3964
2890 2929 3964 3984
2929 2968 3945 3964
2929 2938 3964 3969
2929 2938 3969 3974
2938 2948 3964 3969
2938 2948 3969 3974
2929 2948 3974 3984
2948 2968 3964 3974
2948 2958 3974 3979
2948 2958 3979 3984
2958 2968 3974 3979
2958 2968 3979 3984
2812 2968 3984 4062
2968 3125 3750 3906
2968 3046 3906 3945
2968 3007 3945 3964
2968 2987 3964 3974
2968 2987 3974 3984
2968 2977 3984 3988
2968 2977 3988 3993
2977 2982 3984 3988
2977 2982 3988 3993
2982 2987 3984 3988
2982 2987 3988 3993
2968 2987 3993 4003
2987 3007 3964 3984
2987 2992 3984 3988
2987 2992 3988 3993
2992 2997 3984 3993
2987 2997 3993 3998
2987 2997 3998 4003
2997 3007 3984 3993
2997 3007 3993 3998
2997 3007 3998 4003
2968 3007 4003 4023
3007 3046 3945 3984
3007 3026 3984 3993
3007 3026 3993 4003
3007 3016 4003 4008
3007 3016 4008 4013
3016 3026 4003 4008
3016 3026 4008 4013
3007 3026 4013 4023
3026 3046 3984 4003
3026 3036 4003 4008
3026 3036 4008 4013
3026 3036 4013 4018
3026 3036 4018 4023
3036 3046 4003 4013
3036 3046 4013 4018
3036 3046 4018 4023
2968 3046 4023 4062
3046 3125 3906 3984
3046 3085 3984 4003
3046 3065 4003 4013
3046 3055 4013 4018
3046 3055 4018 4023
3046 3055 4023 4032
3055 3065 4013 4023
3055 3060 4023 4027
3055 3060 4027 4032
3060 3065 4023 4027
3060 3065 4027 4032
3046 3065 4032 4042
3065 3085 4003 4023
3085 3125 3984 4023
3065 3070 4023 4027
3065 3070 4027 4032
3070 3075 4023 4032
3065 3075 4032 4037
3065 3075 4037 4042
3075 3085 4023 4032
3085 3095 4023 4032
3095 3105 4023 4032
3075 3085 4032 4037
3075 3085 4037 4042
3085 3095 4032 4042
3095 3105 4032 4042
3105 3125 4023 4042
3046 3085 4042 4062
3085 3095 4042 4047
3095 3105 4042 4047
3085 3095 4047 4052
3095 3105 4047 4052
3105 3125 4042 4052
3085 3105 4052 4062
3105 3115 4052 4057
3115 3125 4052 4057
3105 3115 4057 4062
3115 3125 4057 4062
2812 3125 4062 4218
2812 3125 4218 4375
3125 3437 3750 3906
3125 3281 3906 3984
3125 3203 3984 4023
3125 3164 4023 4042
3125 3164 4042 4062
3125 3134 4062 4066
3125 3134 4066 4071
3134 3139 4062 4066
3134 3139 4066 4071
3139 3144 4062 4066
3139 3144 4066 4071
3125 3144 4071 4081
3144 3154 4062 4071
3144 3154 4071 4076
3144 3154 4076 4081
3154 3164 4062 4071
3154 3164 4071 4076
3154 3164 4076 4081
3125 3164 4081 4101
3164 3203 4023 4062
3164 3203 4062 4081
3164 3173 4081 4086
3164 3173 4086 4091
3173 3183 4081 4086
3173 3183 4086 4091
3164 3183 4091 4101
3183 3203 4081 4091
3183 3193 4091 4096
3183 3193 4096 4101
3193 3203 4091 4096
3193 3203 4096 4101
3125 3203 4101 4140
3203 3281 3984 4062
3203 3281 4062 4101
3203 3212 4101 4105
3203 3212 4105 4110
3212 3217 4101 4105
3212 3217 4105 4110
3217 3222 4101 4110
3203 3222 4110 4120
3222 3232 4101 4110
3232 3242 4101 4110
3222 3232 4110 4115
3222 3232 4115 4120
3232 3242 4110 4115
3232 3242 4115 4120
3203 3242 4120 4140
3242 3281 4101 4120
3242 3251 4120 4125
3242 3251 4125 4130
3251 3261 4120 4125
3251 3261 4125 4130
3242 3261 4130 4140
3261 3281 4120 4130
3261 3271 4130 4135
3261 3271 4135 4140
3271 3281 4130 4135
3271 3281 4135 4140
3125 3281 4140 4218
3125 3281 4218 4375
3281 3437 3906 4062
3437 3750 3750 4062
3750 4375 3750 4062
3281 3359 4062 4101
3281 3320 4101 4120
3281 3300 4120 4130
3281 3300 4130 4140
3281 3290 4140 4144
3281 3290 4144 4149
3290 3295 4140 4144
3290 3295 4144 4149
3295 3300 4140 4144
3295 3300 4144 4149
3281 3300 4149 4159
3300 3320 4120 4140
3300 3310 4140 4149
3300 3310 4149 4154
3300 3310 4154 4159
3310 3320 4140 4149
3310 3320 4149 4154
3310 3320 4154 4159
3281 3320 4159 4179
3320 3359 4101 4140
3320 3339 4140 4149
3320 3339 4149 4159
3320 3329 4159 4164
3320 3329 4164 4169
3329 3339 4159 4164
3329 3339 4164 4169
3320 3339 4169 4179
3339 3359 4140 4159
3339 3349 4159 4164
3339 3349 4164 4169
3339 3349 4169 4179
3349 3359 4159 4169
3349 3359 4169 4174
3349 3359 4174 4179
3281 3359 4179 4218
3359 3437 4062 4140
3359 3398 4140 4159
3359 3378 4159 4169
3359 3378 4169 4179
3359 3368 4179 4188
3368 3373 4179 4183
3368 3373 4183 4188
3373 3378 4179 4183
3373 3378 4183 4188
3359 3378 4188 4198
3378 3398 4159 4179
3378 3388 4179 4188
3378 3388 4188 4193
3378 3388 4193 4198
3388 3398 4179 4188
3388 3398 4188 4193
3388 3398 4193 4198
3359 3398 4198 4218
3398 3437 4140 4179
3398 3437 4179 4198
3398 3407 4198 4203
3398 3407 4203 4208
3407 3417 4198 4203
3407 3417 4203 4208
3398 3417 4208 4218
3417 3437 4198 4208
3417 3427 4208 4213
3417 3427 4213 4218
3427 3437 4208 4213
3427 3437 4213 4218
3281 3437 4218 4296
3281 3437 4296 4375
3437 3593 4062 4140
3437 3515 4140 4179
3437 3476 4179 4198
3437 3476 4198 4218
3437 3446 4218 4222
3437 3446 4222 4227
3446 3451 4218 4222
3446 3451 4222 4227
3451 3456 4218 4222
3451 3456 4222 4227
3437 3456 4227 4237
3456 3466 4218 4227
3456 3466 4227 4232
3456 3466 4232 4237
3466 3476 4218 4227
3466 3476 4227 4232
3466 3476 4232 4237
3437 3476 4237 4257
3476 3515 4179 4218
3476 3515 4218 4237
3476 3485 4237 4242
3476 3485 4242 4247
3485 3495 4237 4242
3485 3495 4242 4247
3476 3495 4247 4257
3495 3515 4237 4247
3495 3505 4247 4252
3495 3505 4252 4257
3505 3515 4247 4252
3505 3515 4252 4257
3437 3515 4257 4296
3515 3593 4140 4218
3593 3750 4062 4218
3750 4062 4062 4218
3515 3554 4218 4237
3515 3554 4237 4257
3515 3524 4257 4261
3515 3524 4261 4266
3524 3529 4257 4261
3524 3529 4261 4266
3529 3534 4257 4261
3529 3534 4261 4266
3515 3534 4266 4276
3534 3544 4257 4266
3544 3554 4257 4266
3534 3544 4266 4271
3534 3544 4271 4276
3544 3554 4266 4271
3544 3554 4271 4276
3515 3554 4276 4296
3554 3593 4218 4257
3554 3593 4257 4276
3554 3563 4276 4281
3563 3573 4276 4281
3554 3563 4281 4286
3563 3573 4281 4286
3573 3593 4276 4286
3554 3573 4286 4296
3573 3583 4286 4291
3583 3593 4286 4291
3573 3583 4291 4296
3583 3593 4291 4296
3437 3593 4296 4375
3593 3671 4218 4257
3593 3632 4257 4276
3593 3612 4276 4286
3593 3602 4286 4291
3593 3602 4291 4296
3593 3602 4296 4305
3602 3612 4286 4296
3602 3607 4296 4300
3602 3607 4300 4305
3607 3612 4296 4300
3607 3612 4300 4305
3593 3612 4305 4315
3612 3632 4276 4296
3632 3671 4257 4296
3671 3750 4218 4296
3750 3906 4218 4296
3612 3617 4296 4300
3612 3617 4300 4305
3617 3622 4296 4305
3622 3632 4296 4305
3612 3622 4305 4315
3622 3632 4305 4310
3622 3632 4310 4315
3593 3632 4315 4335
3632 3651 4296 4305
3632 3651 4305 4315
3651 3671 4296 4315
3671 3710 4296 4315
3632 3641 4315 4320
3632 3641 4320 4325
3641 3651 4315 4320
3641 3651 4320 4325
3632 3651 4325 4335
3651 3671 4315 4325
3671 3690 4315 4325
3651 3661 4325 4330
3651 3661 4330 4335
3661 3671 4325 4330
3661 3671 4330 4335
3593 3671 4335 4375
3671 3680 4325 4330
3671 3680 4330 4335
3680 3690 4325 4335
3690 3710 4315 4335
3710 3750 4296 4335
3750 3828 4296 4335
3671 3680 4335 4340
3671 3680 4340 4345
3680 3690 4335 4340
3690 3700 4335 4340
3680 3690 4340 4345
3671 3690 4345 4355
3690 3700 4340 4345
3700 3710 4335 4345
3710 3730 4335 4345
3690 3700 4345 4350
3690 3700 4350 4355
3700 3710 4345 4350
3710 3720 4345 4350
3700 3710 4350 4355
3671 3710 4355 4375
3710 3720 4350 4355
3720 3730 4345 4355
3730 3750 4335 4355
3750 3789 4335 4355
3710 3720 4355 4365
3720 3730 4355 4360
3730 3740 4355 4360
3720 3730 4360 4365
3710 3730 4365 4375
3730 3740 4360 4365
3740 3750 4355 4365
3750 3769 4355 4365
3730 3740 4365 4375
3740 3750 4365 4370
3750 3759 4365 4370
3740 3750 4370 4375
2500 3750 4375 5000
3750 3759 4370 4375
3759 3769 4365 4375
3769 3789 4355 4375
3789 3828 4335 4375
3828 3906 4296 4375
3906 4062 4218 4375
4062 4375 4062 4375
4375 5000 3750 4375
3750 3759 4375 4384
3759 3764 4375 4379
3764 3769 4375 4379
3769 3774 4375 4379
3759 3764 4379 4384
3764 3769 4379 4384
3769 3774 4379 4384
3774 3779 4375 4384
3779 3789 4375 4384
3789 3808 4375 4384
3750 3769 4384 4394
3769 3779 4384 4394
3779 3789 4384 4389
3779 3789 4389 4394
3789 3808 4384 4394
3808 3828 4375 4394
3828 3867 4375 4394
3750 3789 4394 4414
3789 3798 4394 4399
3798 3808 4394 4399
3789 3798 4399 4404
3798 3808 4399 4404
3808 3828 4394 4404
3828 3847 4394 4404
3789 3808 4404 4414
3808 3818 4404 4409
3818 3828 4404 4409
3808 3818 4409 4414
3818 3828 4409 4414
3828 3847 4404 4414
3847 3867 4394 4414
3867 3906 4375 4414
3906 3984 4375 4414
3750 3828 4414 4453
3828 3837 4414 4418
3837 3842 4414 4418
3842 3847 4414 4418
3828 3837 4418 4423
3837 3842 4418 4423
3842 3847 4418 4423
3847 3857 4414 4423
3857 3867 4414 4423
3828 3847 4423 4433
3847 3857 4423 4428
3857 3867 4423 4428
3847 3857 4428 4433
3857 3867 4428 4433
3867 3906 4414 4433
3750 3828 4453 4531
3828 3867 4433 4453
3867 3876 4433 4438
3876 3886 4433 4438
3867 3876 4438 4443
3876 3886 4438 4443
3886 3906 4433 4443
3867 3886 4443 4453
3886 3896 4443 4448
3896 3906 4443 4448
3886 3896 4448 4453
3896 3906 4448 4453
3906 3984 4414 4453
3984 4062 4375 4453
4062 4218 4375 4453
3828 3906 4453 4492
3906 3915 4453 4457
3915 3920 4453 4457
3906 3915 4457 4462
3915 3920 4457 4462
3920 3925 4453 4462
3925 3935 4453 4462
3935 3945 4453 4462
3906 3925 4462 4472
3925 3935 4462 4467
3935 3945 4462 4467
3925 3935 4467 4472
3935 3945 4467 4472
3945 3984 4453 4472
3906 3925 4472 4492
3925 3945 4472 4482
3945 3954 4472 4477
3954 3964 4472 4477
3945 3954 4477 4482
3954 3964 4477 4482
3964 3984 4472 4482
3925 3945 4482 4492
3945 3964 4482 4492
3964 3974 4482 4487
3974 3984 4482 4487
3964 3974 4487 4492
3974 3984 4487 4492
3984 4062 4453 4492
3828 3906 4492 4531
3750 3906 4531 4687
3906 3945 4492 4531
3945 3984 4492 4511
3984 3993 4492 4496
3993 3998 4492 4496
3998 4003 4492 4496
3984 3993 4496 4501
3993 3998 4496 4501
3998 4003 4496 4501
4003 4013 4492 4501
4013 4023 4492 4501
3984 4003 4501 4511
4003 4013 4501 4506
4013 4023 4501 4506
4003 4013 4506 4511
4013 4023 4506 4511
4023 4062 4492 4511
3945 3984 4511 4531
3984 4023 4511 4531
4023 4032 4511 4516
4032 4042 4511 4516
4023 4032 4516 4521
4032 4042 4516 4521
4042 4062 4511 4521
4023 4042 4521 4531
4042 4052 4521 4526
4052 4062 4521 4526
4042 4052 4526 4531
4052 4062 4526 4531
4062 4218 4453 4531
4218 4375 4375 4531
4375 4687 4375 4531
3906 3984 4531 4609
3984 4023 4531 4570
4023 4042 4531 4550
4042 4052 4531 4540
4052 4062 4531 4540
4062 4071 4531 4535
4071 4076 4531 4535
4076 4081 4531 4535
4062 4071 4535 4540
4071 4076 4535 4540
4076 4081 4535 4540
4081 4091 4531 4540
4091 4101 4531 4540
4042 4052 4540 4550
4052 4062 4540 4550
4062 4081 4540 4550
4081 4091 4540 4545
4091 4101 4540 4545
4081 4091 4545 4550
4091 4101 4545 4550
4101 4140 4531 4550
4023 4062 4550 4570
4062 4081 4550 4570
4081 4101 4550 4560
4101 4110 4550 4555
4110 4120 4550 4555
4101 4110 4555 4560
4110 4120 4555 4560
4120 4140 4550 4560
4081 4101 4560 4570
4101 4120 4560 4570
4120 4130 4560 4565
4130 4140 4560 4565
4120 4130 4565 4570
4130 4140 4565 4570
4140 4218 4531 4570
4218 4296 4531 4570
3984 4062 4570 4609
4062 4101 4570 4609
4101 4140 4570 4589
4140 4149 4570 4574
4149 4154 4570 4574
4140 4149 4574 4579
4149 4154 4574 4579
4154 4159 4570 4579
4159 4169 4570 4579
4169 4179 4570 4579
4140 4159 4579 4589
4159 4169 4579 4584
4169 4179 4579 4584
4159 4169 4584 4589
4169 4179 4584 4589
4179 4218 4570 4589
4101 4140 4589 4609
4140 4159 4589 4609
4159 4179 4589 4599
4179 4188 4589 4594
4188 4198 4589 4594
4179 4188 4594 4599
4188 4198 4594 4599
4198 4218 4589 4599
4159 4179 4599 4609
4179 4198 4599 4609
4198 4208 4599 4604
4208 4218 4599 4604
4198 4208 4604 4609
4208 4218 4604 4609
4218 4296 4570 4609
4296 4375 4531 4609
3906 4062 4609 4687
4062 4140 4609 4687
4140 4179 4609 4648
4179 4198 4609 4628
4198 4208 4609 4618
4208 4213 4609 4618
4213 4218 4609 4613
4218 4227 4609 4613
4227 4232 4609 4613
4213 4218 4613 4618
4218 4227 4613 4618
4227 4232 4613 4618
4232 4237 4609 4618
4237 4247 4609 4618
4247 4257 4609 4618
4198 4208 4618 4628
4208 4218 4618 4628
4218 4237 4618 4628
4237 4247 4618 4623
4247 4257 4618 4623
4237 4247 4623 4628
4247 4257 4623 4628
4257 4296 4609 4628
4296 4335 4609 4628
4179 4218 4628 4648
4218 4237 4628 4648
4237 4247 4628 4638
4247 4257 4628 4633
4257 4266 4628 4633
4266 4276 4628 4633
4247 4257 4633 4638
4257 4266 4633 4638
4266 4276 4633 4638
4276 4296 4628 4638
4237 4257 4638 4648
4257 4266 4638 4648
4266 4276 4638 4643
4276 4286 4638 4643
4286 4296 4638 4643
4266 4276 4643 4648
4276 4286 4643 4648
4286 4296 4643 4648
4296 4335 4628 4648
4335 4375 4609 4648
4140 4218 4648 4687
4218 4257 4648 4687
4257 4276 4648 4667
4276 4286 4648 4657
4286 4291 4648 4652
4291 4296 4648 4652
4296 4305 4648 4652
4305 4310 4648 4652
4286 4291 4652 4657
4291 4296 4652 4657
4296 4305 4652 4657
4305 4310 4652 4657
4310 4315 4648 4657
4315 4325 4648 4657
4325 4335 4648 4657
4276 4286 4657 4667
4286 4296 4657 4667
4296 4305 4657 4667
4305 4315 4657 4662
4315 4325 4657 4662
4325 4335 4657 4662
4305 4315 4662 4667
4315 4325 4662 4667
4325 4335 4662 4667
4335 4355 4648 4667
4355 4375 4648 4667
4257 4296 4667 4687
4296 4315 4667 4687
4315 4325 4667 4677
4325 4335 4667 4672
4335 4345 4667 4672
4345 4355 4667 4672
4325 4335 4672 4677
4335 4345 4672 4677
4345 4355 4672 4677
4355 4375 4667 4677
4315 4335 4677 4687
4335 4345 4677 4687
4345 4355 4677 4682
4355 4365 4677 4682
4365 4375 4677 4682
4345 4355 4682 4687
4355 4365 4682 4687
4365 4375 4682 4687
4375 4687 4531 4687
4687 5000 4375 4687
3750 4062 4687 5000
4062 4218 4687 4843
4218 4296 4687 4765
4296 4335 4687 4726
4335 4355 4687 4706
4355 4365 4687 4696
4365 4370 4687 4696
4370 4375 4687 4691
4375 4384 4687 4691
4370 4375 4691 4696
4375 4384 4691 4696
4384 4394 4687 4696
4394 4404 4687 4696
4404 4414 4687 4696
4355 4365 4696 4706
4365 4375 4696 4706
4375 4384 4696 4706
4384 4394 4696 4701
4394 4404 4696 4701
4384 4394 4701 4706
4394 4404 4701 4706
4404 4414 4696 4706
4414 4453 4687 4706
4335 4355 4706 4726
4355 4375 4706 4726
4375 4394 4706 4726
4394 4404 4706 4716
4404 4414 4706 4711
4414 4423 4706 4711
4404 4414 4711 4716
4414 4423 4711 4716
4423 4433 4706 4716
4433 4453 4706 4716
4394 4414 4716 4726
4414 4423 4716 4726
4423 4433 4716 4721
4433 4443 4716 4721
4423 4433 4721 4726
4433 4443 4721 4726
4443 4453 4716 4726
4453 4531 4687 4726
4296 4335 4726 4765
4335 4375 4726 4765
4375 4414 4726 4765
4414 4433 4726 4745
4433 4443 4726 4735
4443 4448 4726 4735
4448 4453 4726 4730
4453 4462 4726 4730
4448 4453 4730 4735
4453 4462 4730 4735
4462 4472 4726 4735
4472 4482 4726 4735
4482 4492 4726 4735
4433 4443 4735 4745
4443 4453 4735 4745
4453 4462 4735 4745
4462 4472 4735 4740
4472 4482 4735 4740
4462 4472 4740 4745
4472 4482 4740 4745
4482 4492 4735 4745
4492 4531 4726 4745
4414 4453 4745 4765
4453 4472 4745 4765
4472 4482 4745 4755
4482 4492 4745 4750
4492 4501 4745 4750
4501 4511 4745 4750
4482 4492 4750 4755
4492 4501 4750 4755
4501 4511 4750 4755
4511 4531 4745 4755
4472 4492 4755 4765
4492 4511 4755 4765
4511 4521 4755 4760
4511 4521 4760 4765
4521 4531 4755 4765
4531 4687 4687 4765
4218 4296 4765 4843
4296 4375 4765 4843
4375 4453 4765 4843
4453 4492 4765 4804
4492 4511 4765 4784
4511 4521 4765 4774
4521 4526 4765 4774
4526 4531 4765 4769
4531 4540 4765 4769
4526 4531 4769 4774
4531 4540 4769 4774
4540 4550 4765 4774
4550 4560 4765 4774
4560 4570 4765 4774
4511 4521 4774 4784
4521 4531 4774 4784
4531 4540 4774 4784
4540 4550 4774 4779
4550 4560 4774 4779
4540 4550 4779 4784
4550 4560 4779 4784
4560 4570 4774 4784
4570 4609 4765 4784
4492 4531 4784 4804
4531 4550 4784 4804
4550 4560 4784 4794
4560 4570 4784 4789
4570 4579 4784 4789
4560 4570 4789 4794
4570 4579 4789 4794
4579 4589 4784 4794
4589 4609 4784 4794
4550 4570 4794 4804
4570 4579 4794 4804
4579 4589 4794 4799
4589 4599 4794 4799
4579 4589 4799 4804
4589 4599 4799 4804
4599 4609 4794 4804
4609 4687 4765 4804
4453 4531 4804 4843
4531 4570 4804 4843
4570 4589 4804 4823
4589 4599 4804 4813
4599 4604 4804 4808
4604 4609 4804 4808
4599 4604 4808 4813
4604 4609 4808 4813
4609 4628 4804 4813
4628 4638 4804 4813
4638 4648 4804 4813
4589 4599 4813 4823
4599 4609 4813 4823
4609 4628 4813 4823
4628 4638 4813 4818
4628 4638 4818 4823
4638 4648 4813 4823
4648 4687 4804 4823
4570 4609 4823 4843
4609 4628 4823 4843
4628 4648 4823 4833
4648 4657 4823 4828
4648 4657 4828 4833
4657 4667 4823 4833
4667 4687 4823 4833
4628 4648 4833 4843
4648 4667 4833 4843
4667 4677 4833 4838
4677 4687 4833 4838
4667 4677 4838 4843
4677 4687 4838 4843
4687 5000 4687 4843
4062 4375 4843 5000
4375 4531 4843 5000
4531 4609 4843 4921
4609 4648 4843 4882
4648 4667 4843 4862
4667 4677 4843 4852
4677 4687 4843 4852
4687 4696 4843 4847
4687 4696 4847 4852
4696 4706 4843 4852
4706 4716 4843 4852
4716 4726 4843 4852
4667 4677 4852 4862
4677 4687 4852 4862
4687 4706 4852 4862
4706 4716 4852 4857
4716 4726 4852 4857
4706 4716 4857 4862
4716 4726 4857 4862
4726 4765 4843 4862
4648 4687 4862 4882
4687 4706 4862 4882
4706 4716 4862 4872
4716 4726 4862 4867
4726 4735 4862 4867
4735 4745 4862 4867
4716 4726 4867 4872
4726 4735 4867 4872
4735 4745 4867 4872
4745 4765 4862 4872
4706 4726 4872 4882
4726 4745 4872 4882
4745 4755 4872 4877
4755 4765 4872 4877
4745 4755 4877 4882
4755 4765 4877 4882
4765 4843 4843 4882
4609 4687 4882 4921
4687 4726 4882 4921
4726 4745 4882 4901
4745 4755 4882 4891
4755 4765 4882 4891
4765 4774 4882 4886
4765 4774 4886 4891
4774 4784 4882 4891
4784 4794 4882 4891
4794 4804 4882 4891
4745 4755 4891 4901
4755 4765 4891 4901
4765 4784 4891 4901
4784 4794 4891 4896
4794 4804 4891 4896
4784 4794 4896 4901
4794 4804 4896 4901
4804 4843 4882 4901
4726 4765 4901 4921
4765 4784 4901 4921
4784 4794 4901 4911
4794 4804 4901 4906
4804 4813 4901 4906
4813 4823 4901 4906
4794 4804 4906 4911
4804 4813 4906 4911
4813 4823 4906 4911
4823 4843 4901 4911
4784 4804 4911 4921
4804 4823 4911 4921
4823 4833 4911 4916
4833 4843 4911 4916
4823 4833 4916 4921
4833 4843 4916 4921
4843 5000 4843 4921
4531 4687 4921 5000
4687 4765 4921 5000
4765 4804 4921 4960
4804 4823 4921 4940
4823 4833 4921 4930
4833 4838 4921 4930
4838 4843 4921 4925
4843 4852 4921 4925
4838 4843 4925 4930
4843 4852 4925 4930
4852 4862 4921 4930
4862 4872 4921 4930
4872 4882 4921 4930
4823 4833 4930 4940
4833 4843 4930 4940
4843 4862 4930 4940
4862 4872 4930 4935
4862 4872 4935 4940
4872 4882 4930 4940
4882 4921 4921 4940
4804 4843 4940 4960
4843 4862 4940 4960
4862 4882 4940 4950
4882 4891 4940 4945
4891 4901 4940 4945
4882 4891 4945 4950
4891 4901 4945 4950
4901 4921 4940 4950
4862 4882 4950 4960
4882 4901 4950 4960
4901 4911 4950 4955
4901 4911 4955 4960
4911 4921 4950 4960
4921 5000 4921 4960
4765 4843 4960 5000
4843 4882 4960 5000
4882 4901 4960 4980
4901 4921 4960 4970
4921 4930 4960 4965
4921 4930 4965 4970
4930 4940 4960 4970
4940 4960 4960 4970
4901 4921 4970 4980
4921 4940 4970 4980
4940 4950 4970 4975
4950 4960 4970 4975
4940 4950 4975 4980
4950 4960 4975 4980
4960 5000 4960 4980
4882 4921 4980 5000
4921 4960 4980 5000
4960 4970 4980 4985
4960 4970 4985 4990
4970 4980 4980 4990
4980 5000 4980 4990
4960 4980 4990 5000
4980 4990 4990 4995
4980 4990 4995 5000
4990 5000 4990 5000

