0 0
0 1
0 2
0 3
0 4
0 5
0 6
0 7
0 8
0 9
0 10
0 11
0 12
0 13
0 14
0 15
0 16
0 17
0 18
0 19
0 20
0 21
0 22
0 23
0 24
0 25
0 26
0 27
0 28
0 29
0 30
0 31
0 32
0 33
0 34
0 35
0 36
0 37
0 38
0 39
0 40
0 41
0 42
0 43
0 44
0 45
0 46
0 47
0 48
0 49
0 50
0 51
0 52
0 53
0 54
0 55
0 56
0 57
0 58
0 59
0 60
0 61
0 62
0 63
0 64
0 65
0 66
0 67
0 68
0 69
0 70
0 71
0 72
0 73
0 74
0 75
0 76
0 77
0 78
0 79
0 80
0 81
0 82
0 83
0 84
0 85
0 86
0 87
0 88
0 89
0 90
0 91
0 92
0 93
0 94
0 95
0 96
0 97
0 98
0 99
0 100
0 101
0 102
0 103
0 104
0 105
0 106
0 107
0 108
0 109
0 110
0 111
0 112
0 113
0 114
0 115
0 116
0 117
0 118
0 119
0 120
0 121
0 122
0 123
0 124
0 125
0 126
0 127
0 128
0 129
0 130
0 131
0 132
0 133
0 134
0 135
0 136
0 137
0 138
0 139
0 140
0 141
0 142
0 143
0 144
0 145
0 146
0 147
0 148
0 149
0 150
0 151
0 152
0 153
0 154
0 155
0 156
0 157
0 158
0 159
0 160
0 161
0 162
0 163
0 164
0 165
0 166
0 167
0 168
0 169
0 170
0 171
0 172
0 173
0 174
0 175
0 176
0 177
0 178
0 179
0 180
0 181
0 182
0 183
0 184
0 185
0 186
0 187
0 188
0 189
0 190
0 191
0 192
0 193
0 194
0 195
0 196
0 197
0 198
0 199
0 200
0 201
0 202
0 203
0 204
0 205
0 206
0 207
0 208
0 209
0 210
0 211
0 212
0 213
0 214
0 215
0 216
0 217
0 218
0 219
0 220
0 221
0 222
0 223
0 224
0 225
0 226
0 227
0 228
0 229
0 230
0 231
0 232
0 233
0 234
0 235
0 236
0 237
0 238
0 239
0 240
0 241
0 242
0 243
0 244
0 245
0 246
0 247
0 248
0 249
0 250
0 251
0 252
0 253
0 254
0 255
0 256
0 257
0 258
0 259
0 260
0 261
0 262
0 263
0 264
0 265
0 266
0 267
0 268
0 269
0 270
0 271
0 272
0 273
0 274
0 275
0 276
0 277
0 278
0 279
0 280
0 281
0 282
0 283
0 284
0 285
0 286
0 287
0 288
0 289
0 290
0 291
0 292
0 293
0 294
0 295
0 296
0 297
0 298
0 299
0 300
0 301
0 302
0 303
0 304
0 305
0 306
0 307
0 308
0 309
0 310
0 311
0 312
0 313
0 314
0 315
0 316
0 317
0 318
0 319
0 320
0 321
0 322
0 323
0 324
0 325
0 326
0 327
0 328
0 329
0 330
0 331
0 332
0 333
0 334
0 335
0 336
0 337
0 338
0 339
0 340
0 341
0 342
0 343
0 344
0 345
0 346
0 347
0 348
0 349
0 350
0 351
0 352
0 353
0 354
0 355
0 356
0 357
0 358
0 359
0 360
0 361
0 362
0 363
0 364
0 365
0 366
0 367
0 368
0 369
0 370
0 371
0 372
0 373
0 374
0 375
0 376
0 377
0 378
0 379
0 380
0 381
0 382
0 383
0 384
0 385
0 386
0 387
0 388
0 389
0 390
0 391
0 392
0 393
0 394
0 395
0 396
0 397
0 398
0 399
0 400
0 401
0 402
0 403
0 404
0 405
0 406
0 407
0 408
0 409
0 410
0 411
0 412
0 413
0 414
0 415
0 416
0 417
0 418
0 419
0 420
0 421
0 422
0 423
0 424
0 425
0 426
0 427
0 428
0 429
0 430
0 431
0 432
0 433
0 434
0 435
0 436
0 437
0 438
0 439
0 440
0 441
0 442
0 443
0 444
0 445
0 446
0 447
0 448
0 449
0 450
0 451
0 452
0 453
0 454
0 455
0 456
0 457
0 458
0 459
0 460
0 461
0 462
0 463
0 464
0 465
0 466
0 467
0 468
0 469
0 470
0 471
0 472
0 473
0 474
0 475
0 476
0 477
0 478
0 479
0 480
0 481
0 482
0 483
0 484
0 485
0 486
0 487
0 488
0 489
0 490
0 491
0 492
0 493
0 494
0 495
0 496
0 497
0 498
0 499
0 500
0 501
0 502
0 503
0 504
0 505
0 506
0 507
0 508
0 509
0 510
0 511
0 512
0 513
0 514
0 515
0 516
0 517
0 518
0 519
0 520
0 521
0 522
0 523
0 524
0 525
0 526
0 527
0 528
0 529
0 530
0 531
0 532
0 533
0 534
0 535
0 536
0 537
0 538
0 539
0 540
0 541
0 542
0 543
0 544
0 545
0 546
0 547
0 548
0 549
0 550
0 551
0 552
0 553
0 554
0 555
0 556
0 557
0 558
0 559
0 560
0 561
0 562
0 563
0 564
0 565
0 566
0 567
0 568
0 569
0 570
0 571
0 572
0 573
0 574
0 575
0 576
0 577
0 578
0 579
0 580
0 581
0 582
0 583
0 584
0 585
0 586
0 587
0 588
0 589
0 590
0 591
0 592
0 593
0 594
0 595
0 596
0 597
0 598
0 599
0 600
0 601
0 602
0 603
0 604
1 605
2 606
3 607
4 608
5 609
6 610
7 611
8 612
9 613
10 614
11 615
12 616
13 617
14 618
15 619
16 620
17 621
18 622
19 623
20 624
21 625
22 626
23 627
24 628
25 629
26 630
27 631
28 632
29 633
30 634
31 635
32 636
33 637
34 638
35 639
36 640
37 641
38 642
39 643
40 644
41 645
42 646
43 647
44 648
45 649
46 650
47 651
48 652
49 653
50 654
51 655
52 656
53 657
54 658
55 659
56 660
57 661
58 662
59 663
60 664
61 665
62 666
63 667
64 668
65 669
66 670
67 671
68 672
69 673
70 674
71 675
72 676
73 677
74 678
75 679
76 680
77 681
78 682
79 683
80 684
81 685
82 686
83 687
84 688
85 689
86 690
87 691
88 692
89 693
90 694
91 695
92 696
93 697
94 698
95 699
96 700
97 701
98 702
99 703
100 704
101 705
102 706
103 707
104 708
105 709
106 710
107 711
108 712
109 713
110 714
111 715
112 716
113 717
114 718
115 719
116 720
117 721
118 722
119 723
120 724
121 725
122 726
123 727
124 728
125 729
126 730
127 731
128 732
129 733
130 734
131 735
132 736
133 737
134 738
135 739
136 740
137 741
138 742
139 743
140 744
141 745
142 746
143 747
144 748
145 749
146 750
147 751
148 752
149 753
150 754
151 755
152 756
153 757
154 758
155 759
156 760
157 761
158 762
159 763
160 764
161 765
162 766
163 767
164 768
165 769
166 770
167 771
168 772
169 773
170 774
171 775
172 776
173 777
174 778
175 779
176 780
177 781
178 782
179 783
180 784
181 785
182 786
183 787
184 788
185 789
186 790
187 791
188 792
189 793
190 794
191 795
192 796
193 797
194 798
195 799
196 800
197 801
198 802
199 803
200 804
201 805
202 806
203 807
204 808
205 809
206 810
207 811
208 812
209 813
210 814
211 815
212 816
213 817
214 818
215 819
216 820
217 821
218 822
219 823
220 824
221 825
222 826
223 827
224 828
225 829
226 830
227 831
228 832
229 833
230 834
231 835
232 836
233 837
234 838
235 839
236 840
237 841
238 842
239 843
240 844
241 845
242 846
243 847
244 848
245 849
246 850
247 851
248 852
249 853
250 854
251 855
252 856
253 857
254 858
255 859
256 860
257 861
258 862
259 863
260 864
261 865
262 866
263 867
264 868
265 869
266 870
267 871
268 872
269 873
270 874
271 875
272 876
273 877
274 878
275 879
276 880
277 881
278 882
279 883
280 884
281 885
282 886
283 887
284 888
285 889
286 890
287 891
288 892
289 893
290 894
291 895
292 896
293 897
294 898
295 899
296 900
297 901
298 902
299 903
300 904
301 905
302 906
303 907
304 908
305 909
306 910
307 911
308 912
309 913
310 914
311 915
312 916
313 917
314 918
315 919
316 920
317 921
318 922
319 923
320 924
321 925
322 926
323 927
324 928
325 929
326 930
327 931
328 932
329 933
330 934
331 935
332 936
333 937
334 938
335 939
336 940
337 941
338 942
339 943
340 944
341 945
342 946
343 947
344 948
345 949
346 950
347 951
348 952
349 953
350 954
351 955
352 956
353 957
354 958
355 959
356 960
357 961
358 962
359 963
360 964
361 965
362 966
363 967
364 968
365 969
366 970
367 971
368 972
369 973
370 974
371 975
372 976
373 977
374 978
375 979
376 980
377 981
378 982
379 983
380 984
381 985
382 986
383 987
384 988
385 989
386 990
387 991
388 992
389 993
390 994
391 995
392 996
393 997
394 998
395 999
396 1000
397 1001
398 1002
399 1003
400 1004
401 1005
402 1006
403 1007
404 1008
405 1009
406 1010
407 1011
408 1012
409 1013
410 1014
411 1015
412 1016
413 1017
414 1018
415 1019
416 1020
417 1021
418 1022
419 1023
420 1024
421 1025
422 1026
423 1027
424 1028
425 1029
426 1030
427 1031
428 1032
429 1033
430 1034
431 1035
432 1036
433 1037
434 1038
435 1039
436 1040
437 1041
438 1042
439 1043
440 1044
441 1045
442 1046
443 1047
444 1048
445 1049
446 1050
447 1051
448 1052
449 1053
450 1054
451 1055
452 1056
453 1057
454 1058
455 1059
456 1060
457 1061
458 1062
459 1063
460 1064
461 1065
462 1066
463 1067
464 1068
465 1069
466 1070
467 1071
468 1072
469 1073
470 1074
471 1075
472 1076
473 1077
474 1078
475 1079
476 1080
477 1081
478 1082
479 1083
480 1084
481 1085
482 1086
483 1087
484 1088
485 1089
486 1090
487 1091
488 1092
489 1093
490 1094
491 1095
492 1096
493 1097
494 1098
495 1099
496 1100
497 1101
498 1102
499 1103
500 1104
501 1105
502 1106
503 1107
504 1108
505 1109
506 1110
507 1111
508 1112
509 1113
510 1114
511 1115
512 1116
513 1117
514 1118
515 1119
516 1120
517 1121
518 1122
519 1123
520 1124
521 1125
522 1126
523 1127
524 1128
525 1129
526 1130
527 1131
528 1132
529 1133
530 1134
531 1135
532 1136
533 1137
534 1138
535 1139
536 1140
537 1141
538 1142
539 1143
540 1144
541 1145
542 1146
543 1147
544 1148
545 1149
546 1150
547 1151
548 1152
549 1153
550 1154
551 1155
552 1156
553 1157
554 1158
555 1159
556 1160
557 1161
558 1162
559 1163
560 1164
561 1165
562 1166
563 1167
564 1168
565 1169
566 1170
567 1171
568 1172
569 1173
570 1174
571 1175
572 1176
573 1177
574 1178
575 1179
576 1180
577 1181
578 1182
579 1183
580 1184
581 1185
582 1186
583 1187
584 1188
585 1189
586 1190
587 1191
588 1192
589 1193
590 1194
591 1195
592 1196
593 1197
594 1198
595 1199
596 1200
597 1201
598 1202
599 1203
600 1204
601 1205
602 1206
603 1207
604 1208
605 1209
606 1210
607 1211
608 1212
609 1213
610 1214
611 1215
612 1216
613 1217
614 1218
615 1219
616 1220
617 1221
618 1222
619 1223
620 1224
621 1225
622 1226
623 1227
624 1228
625 1229
626 1230
627 1231
628 1232
629 1233
630 1234
631 1235
632 1236
633 1237
634 1238
635 1239
636 1240
637 1241
638 1242
639 1243
640 1244
641 1245
642 1246
643 1247
644 1248
645 1249
646 1250
647 1251
648 1252
649 1253
650 1254
651 1255
652 1256
653 1257
654 1258
655 1259
656 1260
657 1261
658 1262
659 1263
660 1264
661 1265
662 1266
663 1267
664 1268
665 1269
666 1270
667 1271
668 1272
669 1273
670 1274
671 1275
672 1276
673 1277
674 1278
675 1279
676 1280
677 1281
678 1282
679 1283
680 1284
681 1285
682 1286
683 1287
684 1288
685 1289
686 1290
687 1291
688 1292
689 1293
690 1294
691 1295
692 1296
693 1297
694 1298
695 1299
696 1300
697 1301
698 1302
699 1303
700 1304
701 1305
702 1306
703 1307
704 1308
705 1309
706 1310
707 1311
708 1312
709 1313
710 1314
711 1315
712 1316
713 1317
714 1318
715 1319
716 1320
717 1321
718 1322
719 1323
720 1324
721 1325
722 1326
723 1327
724 1328
725 1329
726 1330
727 1331
728 1332
729 1333
730 1334
731 1335
732 1336
733 1337
734 1338
735 1339
736 1340
737 1341
738 1342
739 1343
740 1344
741 1345
742 1346
743 1347
744 1348
745 1349
746 1350
747 1351
748 1352
749 1353
750 1354
751 1355
752 1356
753 1357
754 1358
755 1359
756 1360
757 1361
758 1362
759 1363
760 1364
761 1365
762 1366
763 1367
764 1368
765 1369
766 1370
767 1371
768 1372
769 1373
770 1374
771 1375
772 1376
773 1377
774 1378
775 1379
776 1380
777 1381
778 1382
779 1383
780 1384
781 1385
782 1386
783 1387
784 1388
785 1389
786 1390
787 1391
788 1392
789 1393
790 1394
791 1395
792 1396
793 1397
794 1398
795 1399
796 1400
797 1401
798 1402
799 1403
800 1404
801 1405
802 1406
803 1407
804 1408
805 1409
806 1410
807 1411
808 1412
809 1413
810 1414
811 1415
812 1416
813 1417
814 1418
815 1419
816 1420
817 1421
818 1422
819 1423
820 1424
821 1425
822 1426
823 1427
824 1428
825 1429
826 1430
827 1431
828 1432
829 1433
830 1434
831 1435
832 1436
833 1437
834 1438
835 1439
836 1440
837 1441
838 1442
839 1443
840 1444
841 1445
842 1446
843 1447
844 1448
845 1449
846 1450
847 1451
848 1452
849 1453
850 1454
851 1455
852 1456
853 1457
854 1458
855 1459
856 1460
857 1461
858 1462
859 1463
860 1464
861 1465
862 1466
863 1467
864 1468
865 1469
866 1470
867 1471
868 1472
869 1473
870 1474
871 1475
872 1476
873 1477
874 1478
875 1479
876 1480
877 1481
878 1482
879 1483
880 1484
881 1485
882 1486
883 1487
884 1488
885 1489
886 1490
887 1491
888 1492
889 1493
890 1494
891 1495
892 1496
893 1497
894 1498
895 1499
896 1500
897 1501
898 1502
899 1503
900 1504
901 1505
902 1506
903 1507
904 1508
905 1509
906 1510
907 1511
908 1512
909 1513
910 1514
911 1515
912 1516
913 1517
914 1518
915 1519
916 1520
917 1521
918 1522
919 1523
920 1524
921 1525
922 1526
923 1527
924 1528
925 1529
926 1530
927 1531
928 1532
929 1533
930 1534
931 1535
932 1536
933 1537
934 1538
935 1539
936 1540
937 1541
938 1542
939 1543
940 1544
941 1545
942 1546
943 1547
944 1548
945 1549
946 1550
947 1551
948 1552
949 1553
950 1554
951 1555
952 1556
953 1557
954 1558
955 1559
956 1560
957 1561
958 1562
959 1563
960 1564
961 1565
962 1566
963 1567
964 1568
965 1569
966 1570
967 1571
968 1572
969 1573
970 1574
971 1575
972 1576
973 1577
974 1578
975 1579
976 1580
977 1581
978 1582
979 1583
980 1584
981 1585
982 1586
983 1587
984 1588
985 1589
986 1590
987 1591
988 1592
989 1593
990 1594
991 1595
992 1596
993 1597
994 1598
995 1599
996 1600
997 1601
998 1602
999 1603
1000 1604
1001 1605
1002 1606
1003 1607
1004 1608
1005 1609
1006 1610
1007 1611
1008 1612
1009 1613
1010 1614
1011 1615
1012 1616
1013 1617
1014 1618
1015 1619
1016 1620
1017 1621
1018 1622
1019 1623
1020 1624
1021 1625
1022 1626
1023 1627
1024 1628
1025 1629
1026 1630
1027 1631
1028 1632
1029 1633
1030 1634
1031 1635
1032 1636
1033 1637
1034 1638
1035 1639
1036 1640
1037 1641
1038 1642
1039 1643
1040 1644
1041 1645
1042 1646
1043 1647
1044 1648
1045 1649
1046 1650
1047 1651
1048 1652
1049 1653
1050 1654
1051 1655
1052 1656
1053 1657
1054 1658
1055 1659
1056 1660
1057 1661
1058 1662
1059 1663
1060 1664
1061 1665
1062 1666
1063 1667
1064 1668
1065 1669
1066 1670
1067 1671
1068 1672
1069 1673
1070 1674
1071 1675
1072 1676
1073 1677
1074 1678
1075 1679
1076 1680
1077 1681
1078 1682
1079 1683
1080 1684
1081 1685
1082 1686
1083 1687
1084 1688
1085 1689
1086 1690
1087 1691
1088 1692
1089 1693
1090 1694
1091 1695
1092 1696
1093 1697
1094 1698
1095 1699
1096 1700
1097 1701
1098 1702
1099 1703
1100 1704
1101 1705
1102 1706
1103 1707
1104 1708
1105 1709
1106 1710
1107 1711
1108 1712
1109 1713
1110 1714
1111 1715
1112 1716
1113 1717
1114 1718
1115 1719
1116 1720
1117 1721
1118 1722
1119 1723
1120 1724
1121 1725
1122 1726
1123 1727
1124 1728
1125 1729
1126 1730
1127 1731
1128 1732
1129 1733
1130 1734
1131 1735
1132 1736
1133 1737
1134 1738
1135 1739
1136 1740
1137 1741
1138 1742
1139 1743
1140 1744
1141 1745
1142 1746
1143 1747
1144 1748
1145 1749
1146 1750
1147 1751
1148 1752
1149 1753
1150 1754
1151 1755
1152 1756
1153 1757
1154 1758
1155 1759
1156 1760
1157 1761
1158 1762
1159 1763
1160 1764
1161 1765
1162 1766
1163 1767
1164 1768
1165 1769
1166 1770
1167 1771
1168 1772
1169 1773
1170 1774
1171 1775
1172 1776
1173 1777
1174 1778
1175 1779
1176 1780
1177 1781
1178 1782
1179 1783
1180 1784
1181 1785
1182 1786
1183 1787
1184 1788
1185 1789
1186 1790
1187 1791
1188 1792
1189 1793
1190 1794
1191 1795
1192 1796
1193 1797
1194 1798
1195 1799
1196 1800
1197 1801
1198 1802
1199 1803
1200 1804
1201 1805
1202 1806
1203 1807
1204 1808
1205 1809
1206 1810
1207 1811
1208 1812
1209 1813
1210 1814
1211 1815
1212 1816
1213 1817
1214 1818
1215 1819
1216 1820
1217 1821
1218 1822
1219 1823
1220 1824
1221 1825
1222 1826
1223 1827
1224 1828
1225 1829
1226 1830
1227 1831
1228 1832
1229 1833
1230 1834
1231 1835
1232 1836
1233 1837
1234 1838
1235 1839
1236 1840
1237 1841
1238 1842
1239 1843
1240 1844
1241 1845
1242 1846
1243 1847
1244 1848
1245 1849
1246 1850
1247 1851
1248 1852
1249 1853
1250 1854
1251 1855
1252 1856
1253 1857
1254 1858
1255 1859
1256 1860
1257 1861
1258 1862
1259 1863
1260 1864
1261 1865
1262 1866
1263 1867
1264 1868
1265 1869
1266 1870
1267 1871
1268 1872
1269 1873
1270 1874
1271 1875
1272 1876
1273 1877
1274 1878
1275 1879
1276 1880
1277 1881
1278 1882
1279 1883
1280 1884
1281 1885
1282 1886
1283 1887
1284 1888
1285 1889
1286 1890
1287 1891
1288 1892
1289 1893
1290 1894
1291 1895
1292 1896
1293 1897
1294 1898
1295 1899
1296 1900
1297 1901
1298 1902
1299 1903
1300 1904
1301 1905
1302 1906
1303 1907
1304 1908
1305 1909
1306 1910
1307 1911
1308 1912
1309 1913
1310 1914
1311 1915
1312 1916
1313 1917
1314 1918
1315 1919
1316 1920
1317 1921
1318 1922
1319 1923
1320 1924
1321 1925
1322 1926
1323 1927
1324 1928
1325 1929
1326 1930
1327 1931
1328 1932
1329 1933
1330 1934
1331 1935
1332 1936
1333 1937
1334 1938
1335 1939
1336 1940
1337 1941
1338 1942
1339 1943
1340 1944
1341 1945
1342 1946
1343 1947
1344 1948
1345 1949
1346 1950
1347 1951
1348 1952
1349 1953
1350 1954
1351 1955
1352 1956
1353 1957
1354 1958
1355 1959
1356 1960
1357 1961
1358 1962
1359 1963
1360 1964
1361 1965
1362 1966
1363 1967
1364 1968
1365 1969
1366 1970
1367 1971
1368 1972
1369 1973
1370 1974
1371 1975
1372 1976
1373 1977
1374 1978
1375 1979
1376 1980
1377 1981
1378 1982
1379 1983
1380 1984
1381 1985
1382 1986
1383 1987
1384 1988
1385 1989
1386 1990
1387 1991
1388 1992
1389 1993
1390 1994
1391 1995
1392 1996
1393 1997
1394 1998
1395 1999
1396 2000
1397 2001
1398 2002
1399 2003
1400 2004
1401 2005
1402 2006
1403 2007
1404 2008
1405 2009
1406 2010
1407 2011
1408 2012
1409 2013
1410 2014
1411 2015
1412 2016
1413 2017
1414 2018
1415 2019
1416 2020
1417 2021
1418 2022
1419 2023
1420 2024
1421 2025
1422 2026
1423 2027
1424 2028
1425 2029
1426 2030
1427 2031
1428 2032
1429 2033
1430 2034
1431 2035
1432 2036
1433 2037
1434 2038
1435 2039
1436 2040
1437 2041
1438 2042
1439 2043
1440 2044
1441 2045
1442 2046
1443 2047
1444 2048
1445 2049
1446 2050
1447 2051
1448 2052
1449 2053
1450 2054
1451 2055
1452 2056
1453 2057
1454 2058
1455 2059
1456 2060
1457 2061
1458 2062
1459 2063
1460 2064
1461 2065
1462 2066
1463 2067
1464 2068
1465 2069
1466 2070
1467 2071
1468 2072
1469 2073
1470 2074
1471 2075
1472 2076
1473 2077
1474 2078
1475 2079
1476 2080
1477 2081
1478 2082
1479 2083
1480 2084
1481 2085
1482 2086
1483 2087
1484 2088
1485 2089
1486 2090
1487 2091
1488 2092
1489 2093
1490 2094
1491 2095
1492 2096
1493 2097
1494 2098
1495 2099
1496 2100
1497 2101
1498 2102
1499 2103
1500 2104
1501 2105
1502 2106
1503 2107
1504 2108
1505 2109
1506 2110
1507 2111
1508 2112
1509 2113
1510 2114
1511 2115
1512 2116
1513 2117
1514 2118
1515 2119
1516 2120
1517 2121
1518 2122
1519 2123
1520 2124
1521 2125
1522 2126
1523 2127
1524 2128
1525 2129
1526 2130
1527 2131
1528 2132
1529 2133
1530 2134
1531 2135
1532 2136
1533 2137
1534 2138
1535 2139
1536 2140
1537 2141
1538 2142
1539 2143
1540 2144
1541 2145
1542 2146
1543 2147
1544 2148
1545 2149
1546 2150
1547 2151
1548 2152
1549 2153
1550 2154
1551 2155
1552 2156
1553 2157
1554 2158
1555 2159
1556 2160
1557 2161
1558 2162
1559 2163
1560 2164
1561 2165
1562 2166
1563 2167
1564 2168
1565 2169
1566 2170
1567 2171
1568 2172
1569 2173
1570 2174
1571 2175
1572 2176
1573 2177
1574 2178
1575 2179
1576 2180
1577 2181
1578 2182
1579 2183
1580 2184
1581 2185
1582 2186
1583 2187
1584 2188
1585 2189
1586 2190
1587 2191
1588 2192
1589 2193
1590 2194
1591 2195
1592 2196
1593 2197
1594 2198
1595 2199
1596 2200
1597 2201
1598 2202
1599 2203
1600 2204
1601 2205
1602 2206
1603 2207
1604 2208
1605 2209
1606 2210
1607 2211
1608 2212
1609 2213
1610 2214
1611 2215
1612 2216
1613 2217
1614 2218
1615 2219
1616 2220
1617 2221
1618 2222
1619 2223
1620 2224
1621 2225
1622 2226
1623 2227
1624 2228
1625 2229
1626 2230
1627 2231
1628 2232
1629 2233
1630 2234
1631 2235
1632 2236
1633 2237
1634 2238
1635 2239
1636 2240
1637 2241
1638 2242
1639 2243
1640 2244
1641 2245
1642 2246
1643 2247
1644 2248
1645 2249
1646 2250
1647 2251
1648 2252
1649 2253
1650 2254
1651 2255
1652 2256
1653 2257
1654 2258
1655 2259
1656 2260
1657 2261
1658 2262
1659 2263
1660 2264
1661 2265
1662 2266
1663 2267
1664 2268
1665 2269
1666 2270
1667 2271
1668 2272
1669 2273
1670 2274
1671 2275
1672 2276
1673 2277
1674 2278
1675 2279
1676 2280
1677 2281
1678 2282
1679 2283
1680 2284
1681 2285
1682 2286
1683 2287
1684 2288
1685 2289
1686 2290
1687 2291
1688 2292
1689 2293
1690 2294
1691 2295
1692 2296
1693 2297
1694 2298
1695 2299
1696 2300
1697 2301
1698 2302
1699 2303
1700 2304
1701 2305
1702 2306
1703 2307
1704 2308
1705 2309
1706 2310
1707 2311
1708 2312
1709 2313
1710 2314
1711 2315
1712 2316
1713 2317
1714 2318
1715 2319
1716 2320
1717 2321
1718 2322
1719 2323
1720 2324
1721 2325
1722 2326
1723 2327
1724 2328
1725 2329
1726 2330
1727 2331
1728 2332
1729 2333
1730 2334
1731 2335
1732 2336
1733 2337
1734 2338
1735 2339
1736 2340
1737 2341
1738 2342
1739 2343
1740 2344
1741 2345
1742 2346
1743 2347
1744 2348
1745 2349
1746 2350
1747 2351
1748 2352
1749 2353
1750 2354
1751 2355
1752 2356
1753 2357
1754 2358
1755 2359
1756 2360
1757 2361
1758 2362
1759 2363
1760 2364
1761 2365
1762 2366
1763 2367
1764 2368
1765 2369
1766 2370
1767 2371
1768 2372
1769 2373
1770 2374
1771 2375
1772 2376
1773 2377
1774 2378
1775 2379
1776 2380
1777 2381
1778 2382
1779 2383
1780 2384
1781 2385
1782 2386
1783 2387
1784 2388
1785 2389
1786 2390
1787 2391
1788 2392
1789 2393
1790 2394
1791 2395
1792 2396
1793 2397
1794 2398
1795 2399
1796 2400
1797 2401
1798 2402
1799 2403
1800 2404
1801 2405
1802 2406
1803 2407
1804 2408
1805 2409
1806 2410
1807 2411
1808 2412
1809 2413
1810 2414
1811 2415
1812 2416
1813 2417
1814 2418
1815 2419
1816 2420
1817 2421
1818 2422
1819 2423
1820 2424
1821 2425
1822 2426
1823 2427
1824 2428
1825 2429
1826 2430
1827 2431
1828 2432
1829 2433
1830 2434
1831 2435
1832 2436
1833 2437
1834 2438
1835 2439
1836 2440
1837 2441
1838 2442
1839 2443
1840 2444
1841 2445
1842 2446
1843 2447
1844 2448
1845 2449
1846 2450
1847 2451
1848 2452
1849 2453
1850 2454
1851 2455
1852 2456
1853 2457
1854 2458
1855 2459
1856 2460
1857 2461
1858 2462
1859 2463
1860 2464
1861 2465
1862 2466
1863 2467
1864 2468
1865 2469
1866 2470
1867 2471
1868 2472
1869 2473
1870 2474
1871 2475
1872 2476
1873 2477
1874 2478
1875 2479
1876 2480
1877 2481
1878 2482
1879 2483
1880 2484
1881 2485
1882 2486
1883 2487
1884 2488
1885 2489
1886 2490
1887 2491
1888 2492
1889 2493
1890 2494
1891 2495
1892 2496
1893 2497
1894 2498
1895 2499
1896 2500
1897 2501
1898 2502
1899 2503
1900 2504
1901 2505
1902 2506
1903 2507
1904 2508
1905 2509
1906 2510
1907 2511
1908 2512
1909 2513
1910 2514
1911 2515
1912 2516
1913 2517
1914 2518
1915 2519
1916 2520
1917 2521
1918 2522
1919 2523
1920 2524
1921 2525
1922 2526
1923 2527
1924 2528
1925 2529
1926 2530
1927 2531
1928 2532
1929 2533
1930 2534
1931 2535
1932 2536
1933 2537
1934 2538
1935 2539
1936 2540
1937 2541
1938 2542
1939 2543
1940 2544
1941 2545
1942 2546
1943 2547
1944 2548
1945 2549
1946 2550
1947 2551
1948 2552
1949 2553
1950 2554
1951 2555
1952 2556
1953 2557
1954 2558
1955 2559
1956 2560
1957 2561
1958 2562
1959 2563
1960 2564
1961 2565
1962 2566
1963 2567
1964 2568
1965 2569
1966 2570
1967 2571
1968 2572
1969 2573
1970 2574
1971 2575
1972 2576
1973 2577
1974 2578
1975 2579
1976 2580
1977 2581
1978 2582
1979 2583
1980 2584
1981 2585
1982 2586
1983 2587
1984 2588
1985 2589
1986 2590
1987 2591
1988 2592
1989 2593
1990 2594
1991 2595
1992 2596
1993 2597
1994 2598
1995 2599
1996 2600
1997 2601
1998 2602
1999 2603
2000 2604
2001 2605
2002 2606
2003 2607
2004 2608
2005 2609
2006 2610
2007 2611
2008 2612
2009 2613
2010 2614
2011 2615
2012 2616
2013 2617
2014 2618
2015 2619
2016 2620
2017 2621
2018 2622
2019 2623
2020 2624
2021 2625
2022 2626
2023 2627
2024 2628
2025 2629
2026 2630
2027 2631
2028 2632
2029 2633
2030 2634
2031 2635
2032 2636
2033 2637
2034 2638
2035 2639
2036 2640
2037 2641
2038 2642
2039 2643
2040 2644
2041 2645
2042 2646
2043 2647
2044 2648
2045 2649
2046 2650
2047 2651
2048 2652
2049 2653
2050 2654
2051 2655
2052 2656
2053 2657
2054 2658
2055 2659
2056 2660
2057 2661
2058 2662
2059 2663
2060 2664
2061 2665
2062 2666
2063 2667
2064 2668
2065 2669
2066 2670
2067 2671
2068 2672
2069 2673
2070 2674
2071 2675
2072 2676
2073 2677
2074 2678
2075 2679
2076 2680
2077 2681
2078 2682
2079 2683
2080 2684
2081 2685
2082 2686
2083 2687
2084 2688
2085 2689
2086 2690
2087 2691
2088 2692
2089 2693
2090 2694
2091 2695
2092 2696
2093 2697
2094 2698
2095 2699
2096 2700
2097 2701
2098 2702
2099 2703
2100 2704
2101 2705
2102 2706
2103 2707
2104 2708
2105 2709
2106 2710
2107 2711
2108 2712
2109 2713
2110 2714
2111 2715
2112 2716
2113 2717
2114 2718
2115 2719
2116 2720
2117 2721
2118 2722
2119 2723
2120 2724
2121 2725
2122 2726
2123 2727
2124 2728
2125 2729
2126 2730
2127 2731
2128 2732
2129 2733
2130 2734
2131 2735
2132 2736
2133 2737
2134 2738
2135 2739
2136 2740
2137 2741
2138 2742
2139 2743
2140 2744
2141 2745
2142 2746
2143 2747
2144 2748
2145 2749
2146 2750
2147 2751
2148 2752
2149 2753
2150 2754
2151 2755
2152 2756
2153 2757
2154 2758
2155 2759
2156 2760
2157 2761
2158 2762
2159 2763
2160 2764
2161 2765
2162 2766
2163 2767
2164 2768
2165 2769
2166 2770
2167 2771
2168 2772
2169 2773
2170 2774
2171 2775
2172 2776
2173 2777
2174 2778
2175 2779
2176 2780
2177 2781
2178 2782
2179 2783
2180 2784
2181 2785
2182 2786
2183 2787
2184 2788
2185 2789
2186 2790
2187 2791
2188 2792
2189 2793
2190 2794
2191 2795
2192 2796
2193 2797
2194 2798
2195 2799
2196 2800
2197 2801
2198 2802
2199 2803
2200 2804
2201 2805
2202 2806
2203 2807
2204 2808
2205 2809
2206 2810
2207 2811
2208 2812
2209 2813
2210 2814
2211 2815
2212 2816
2213 2817
2214 2818
2215 2819
2216 2820
2217 2821
2218 2822
2219 2823
2220 2824
2221 2825
2222 2826
2223 2827
2224 2828
2225 2829
2226 2830
2227 2831
2228 2832
2229 2833
2230 2834
2231 2835
2232 2836
2233 2837
2234 2838
2235 2839
2236 2840
2237 2841
2238 2842
2239 2843
2240 2844
2241 2845
2242 2846
2243 2847
2244 2848
2245 2849
2246 2850
2247 2851
2248 2852
2249 2853
2250 2854
2251 2855
2252 2856
2253 2857
2254 2858
2255 2859
2256 2860
2257 2861
2258 2862
2259 2863
2260 2864
2261 2865
2262 2866
2263 2867
2264 2868
2265 2869
2266 2870
2267 2871
2268 2872
2269 2873
2270 2874
2271 2875
2272 2876
2273 2877
2274 2878
2275 2879
2276 2880
2277 2881
2278 2882
2279 2883
2280 2884
2281 2885
2282 2886
2283 2887
2284 2888
2285 2889
2286 2890
2287 2891
2288 2892
2289 2893
2290 2894
2291 2895
2292 2896
2293 2897
2294 2898
2295 2899
2296 2900
2297 2901
2298 2902
2299 2903
2300 2904
2301 2905
2302 2906
2303 2907
2304 2908
2305 2909
2306 2910
2307 2911
2308 2912
2309 2913
2310 2914
2311 2915
2312 2916
2313 2917
2314 2918
2315 2919
2316 2920
2317 2921
2318 2922
2319 2923
2320 2924
2321 2925
2322 2926
2323 2927
2324 2928
2325 2929
2326 2930
2327 2931
2328 2932
2329 2933
2330 2934
2331 2935
2332 2936
2333 2937
2334 2938
2335 2939
2336 2940
2337 2941
2338 2942
2339 2943
2340 2944
2341 2945
2342 2946
2343 2947
2344 2948
2345 2949
2346 2950
2347 2951
2348 2952
2349 2953
2350 2954
2351 2955
2352 2956
2353 2957
2354 2958
2355 2959
2356 2960
2357 2961
2358 2962
2359 2963
2360 2964
2361 2965
2362 2966
2363 2967
2364 2968
2365 2969
2366 2970
2367 2971
2368 2972
2369 2973
2370 2974
2371 2975
2372 2976
2373 2977
2374 2978
2375 2979
2376 2980
2377 2981
2378 2982
2379 2983
2380 2984
2381 2985
2382 2986
2383 2987
2384 2988
2385 2989
2386 2990
2387 2991
2388 2992
2389 2993
2390 2994
2391 2995
2392 2996
2393 2997
2394 2998
2395 2999
2396 3000
2397 3001
2398 3002
2399 3003
2400 3004
2401 3005
2402 3006
2403 3007
2404 3008
2405 3009
2406 3010
2407 3011
2408 3012
2409 3013
2410 3014
2411 3015
2412 3016
2413 3017
2414 3018
2415 3019
2416 3020
2417 3021
2418 3022
2419 3023
2420 3024
2421 3025
2422 3026
2423 3027
2424 3028
2425 3029
2426 3030
2427 3031
2428 3032
2429 3033
2430 3034
2431 3035
2432 3036
2433 3037
2434 3038
2435 3039
2436 3040
2437 3041
2438 3042
2439 3043
2440 3044
2441 3045
2442 3046
2443 3047
2444 3048
2445 3049
2446 3050
2447 3051
2448 3052
2449 3053
2450 3054
2451 3055
2452 3056
2453 3057
2454 3058
2455 3059
2456 3060
2457 3061
2458 3062
2459 3063
2460 3064
2461 3065
2462 3066
2463 3067
2464 3068
2465 3069
2466 3070
2467 3071
2468 3072
2469 3073
2470 3074
2471 3075
2472 3076
2473 3077
2474 3078
2475 3079
2476 3080
2477 3081
2478 3082
2479 3083
2480 3084
2481 3085
2482 3086
2483 3087
2484 3088
2485 3089
2486 3090
2487 3091
2488 3092
2489 3093
2490 3094
2491 3095
2492 3096
2493 3097
2494 3098
2495 3099
2496 3100
2497 3101
2498 3102
2499 3103
2500 3104
2501 3105
2502 3106
2503 3107
2504 3108
2505 3109
2506 3110
2507 3111
2508 3112
2509 3113
2510 3114
2511 3115
2512 3116
2513 3117
2514 3118
2515 3119
2516 3120
2517 3121
2518 3122
2519 3123
2520 3124
2521 3125
2522 3126
2523 3127
2524 3128
2525 3129
2526 3130
2527 3131
2528 3132
2529 3133
2530 3134
2531 3135
2532 3136
2533 3137
2534 3138
2535 3139
2536 3140
2537 3141
2538 3142
2539 3143
2540 3144
2541 3145
2542 3146
2543 3147
2544 3148
2545 3149
2546 3150
2547 3151
2548 3152
2549 3153
2550 3154
2551 3155
2552 3156
2553 3157
2554 3158
2555 3159
2556 3160
2557 3161
2558 3162
2559 3163
2560 3164
2561 3165
2562 3166
2563 3167
2564 3168
2565 3169
2566 3170
2567 3171
2568 3172
2569 3173
2570 3174
2571 3175
2572 3176
2573 3177
2574 3178
2575 3179
2576 3180
2577 3181
2578 3182
2579 3183
2580 3184
2581 3185
2582 3186
2583 3187
2584 3188
2585 3189
2586 3190
2587 3191
2588 3192
2589 3193
2590 3194
2591 3195
2592 3196
2593 3197
2594 3198
2595 3199
2596 3200
2597 3201
2598 3202
2599 3203
2600 3204
2601 3205
2602 3206
2603 3207
2604 3208
2605 3209
2606 3210
2607 3211
2608 3212
2609 3213
2610 3214
2611 3215
2612 3216
2613 3217
2614 3218
2615 3219
2616 3220
2617 3221
2618 3222
2619 3223
2620 3224
2621 3225
2622 3226
2623 3227
2624 3228
2625 3229
2626 3230
2627 3231
2628 3232
2629 3233
2630 3234
2631 3235
2632 3236
2633 3237
2634 3238
2635 3239
2636 3240
2637 3241
2638 3242
2639 3243
2640 3244
2641 3245
2642 3246
2643 3247
2644 3248
2645 3249
2646 3250
2647 3251
2648 3252
2649 3253
2650 3254
2651 3255
2652 3256
2653 3257
2654 3258
2655 3259
2656 3260
2657 3261
2658 3262
2659 3263
2660 3264
2661 3265
2662 3266
2663 3267
2664 3268
2665 3269
2666 3270
2667 3271
2668 3272
2669 3273
2670 3274
2671 3275
2672 3276
2673 3277
2674 3278
2675 3279
2676 3280
2677 3281
2678 3282
2679 3283
2680 3284
2681 3285
2682 3286
2683 3287
2684 3288
2685 3289
2686 3290
2687 3291
2688 3292
2689 3293
2690 3294
2691 3295
2692 3296
2693 3297
2694 3298
2695 3299
2696 3300
2697 3301
2698 3302
2699 3303
2700 3304
2701 3305
2702 3306
2703 3307
2704 3308
2705 3309
2706 3310
2707 3311
2708 3312
2709 3313
2710 3314
2711 3315
2712 3316
2713 3317
2714 3318
2715 3319
2716 3320
2717 3321
2718 3322
2719 3323
2720 3324
2721 3325
2722 3326
2723 3327
2724 3328
2725 3329
2726 3330
2727 3331
2728 3332
2729 3333
2730 3334
2731 3335
2732 3336
2733 3337
2734 3338
2735 3339
2736 3340
2737 3341
2738 3342
2739 3343
2740 3344
2741 3345
2742 3346
2743 3347
2744 3348
2745 3349
2746 3350
2747 3351
2748 3352
2749 3353
2750 3354
2751 3355
2752 3356
2753 3357
2754 3358
2755 3359
2756 3360
2757 3361
2758 3362
2759 3363
2760 3364
2761 3365
2762 3366
2763 3367
2764 3368
2765 3369
2766 3370
2767 3371
2768 3372
2769 3373
2770 3374
2771 3375
2772 3376
2773 3377
2774 3378
2775 3379
2776 3380
2777 3381
2778 3382
2779 3383
2780 3384
2781 3385
2782 3386
2783 3387
2784 3388
2785 3389
2786 3390
2787 3391
2788 3392
2789 3393
2790 3394
2791 3395
2792 3396
2793 3397
2794 3398
2795 3399
2796 3400
2797 3401
2798 3402
2799 3403
2800 3404
2801 3405
2802 3406
2803 3407
2804 3408
2805 3409
2806 3410
2807 3411
2808 3412
2809 3413
2810 3414
2811 3415
2812 3416
2813 3417
2814 3418
2815 3419
2816 3420
2817 3421
2818 3422
2819 3423
2820 3424
2821 3425
2822 3426
2823 3427
2824 3428
2825 3429
2826 3430
2827 3431
2828 3432
2829 3433
2830 3434
2831 3435
2832 3436
2833 3437
2834 3438
2835 3439
2836 3440
2837 3441
2838 3442
2839 3443
2840 3444
2841 3445
2842 3446
2843 3447
2844 3448
2845 3449
2846 3450
2847 3451
2848 3452
2849 3453
2850 3454
2851 3455
2852 3456
2853 3457
2854 3458
2855 3459
2856 3460
2857 3461
2858 3462
2859 3463
2860 3464
2861 3465
2862 3466
2863 3467
2864 3468
2865 3469
2866 3470
2867 3471
2868 3472
2869 3473
2870 3474
2871 3475
2872 3476
2873 3477
2874 3478
2875 3479
2876 3480
2877 3481
2878 3482
2879 3483
2880 3484
2881 3485
2882 3486
2883 3487
2884 3488
2885 3489
2886 3490
2887 3491
2888 3492
2889 3493
2890 3494
2891 3495
2892 3496
2893 3497
2894 3498
2895 3499
2896 3500
2897 3501
2898 3502
2899 3503
2900 3504
2901 3505
2902 3506
2903 3507
2904 3508
2905 3509
2906 3510
2907 3511
2908 3512
2909 3513
2910 3514
2911 3515
2912 3516
2913 3517
2914 3518
2915 3519
2916 3520
2917 3521
2918 3522
2919 3523
2920 3524
2921 3525
2922 3526
2923 3527
2924 3528
2925 3529
2926 3530
2927 3531
2928 3532
2929 3533
2930 3534
2931 3535
2932 3536
2933 3537
2934 3538
2935 3539
2936 3540
2937 3541
2938 3542
2939 3543
2940 3544
2941 3545
2942 3546
2943 3547
2944 3548
2945 3549
2946 3550
2947 3551
2948 3552
2949 3553
2950 3554
2951 3555
2952 3556
2953 3557
2954 3558
2955 3559
2956 3560
2957 3561
2958 3562
2959 3563
2960 3564
2961 3565
2962 3566
2963 3567
2964 3568
2965 3569
2966 3570
2967 3571
2968 3572
2969 3573
2970 3574
2971 3575
2972 3576
2973 3577
2974 3578
2975 3579
2976 3580
2977 3581
2978 3582
2979 3583
2980 3584
2981 3585
2982 3586
2983 3587
2984 3588
2985 3589
2986 3590
2987 3591
2988 3592
2989 3593
2990 3594
2991 3595
2992 3596
2993 3597
2994 3598
2995 3599
2996 3600
2997 3601
2998 3602
2999 3603
3000 3604
3001 3605
3002 3606
3003 3607
3004 3608
3005 3609
3006 3610
3007 3611
3008 3612
3009 3613
3010 3614
3011 3615
3012 3616
3013 3617
3014 3618
3015 3619
3016 3620
3017 3621
3018 3622
3019 3623
3020 3624
3021 3625
3022 3626
3023 3627
3024 3628
3025 3629
3026 3630
3027 3631
3028 3632
3029 3633
3030 3634
3031 3635
3032 3636
3033 3637
3034 3638
3035 3639
3036 3640
3037 3641
3038 3642
3039 3643
3040 3644
3041 3645
3042 3646
3043 3647
3044 3648
3045 3649
3046 3650
3047 3651
3048 3652
3049 3653
3050 3654
3051 3655
3052 3656
3053 3657
3054 3658
3055 3659
3056 3660
3057 3661
3058 3662
3059 3663
3060 3664
3061 3665
3062 3666
3063 3667
3064 3668
3065 3669
3066 3670
3067 3671
3068 3672
3069 3673
3070 3674
3071 3675
3072 3676
3073 3677
3074 3678
3075 3679
3076 3680
3077 3681
3078 3682
3079 3683
3080 3684
3081 3685
3082 3686
3083 3687
3084 3688
3085 3689
3086 3690
3087 3691
3088 3692
3089 3693
3090 3694
3091 3695
3092 3696
3093 3697
3094 3698
3095 3699
3096 3700
3097 3701
3098 3702
3099 3703
3100 3704
3101 3705
3102 3706
3103 3707
3104 3708
3105 3709
3106 3710
3107 3711
3108 3712
3109 3713
3110 3714
3111 3715
3112 3716
3113 3717
3114 3718
3115 3719
3116 3720
3117 3721
3118 3722
3119 3723
3120 3724
3121 3725
3122 3726
3123 3727
3124 3728
3125 3729
3126 3730
3127 3731
3128 3732
3129 3733
3130 3734
3131 3735
3132 3736
3133 3737
3134 3738
3135 3739
3136 3740
3137 3741
3138 3742
3139 3743
3140 3744
3141 3745
3142 3746
3143 3747
3144 3748
3145 3749
3146 3750
3147 3751
3148 3752
3149 3753
3150 3754
3151 3755
3152 3756
3153 3757
3154 3758
3155 3759
3156 3760
3157 3761
3158 3762
3159 3763
3160 3764
3161 3765
3162 3766
3163 3767
3164 3768
3165 3769
3166 3770
3167 3771
3168 3772
3169 3773
3170 3774
3171 3775
3172 3776
3173 3777
3174 3778
3175 3779
3176 3780
3177 3781
3178 3782
3179 3783
3180 3784
3181 3785
3182 3786
3183 3787
3184 3788
3185 3789
3186 3790
3187 3791
3188 3792
3189 3793
3190 3794
3191 3795
3192 3796
3193 3797
3194 3798
3195 3799
3196 3800
3197 3801
3198 3802
3199 3803
3200 3804
3201 3805
3202 3806
3203 3807
3204 3808
3205 3809
3206 3810
3207 3811
3208 3812
3209 3813
3210 3814
3211 3815
3212 3816
3213 3817
3214 3818
3215 3819
3216 3820
3217 3821
3218 3822
3219 3823
3220 3824
3221 3825
3222 3826
3223 3827
3224 3828
3225 3829
3226 3830
3227 3831
3228 3832
3229 3833
3230 3834
3231 3835
3232 3836
3233 3837
3234 3838
3235 3839
3236 3840
3237 3841
3238 3842
3239 3843
3240 3844
3241 3845
3242 3846
3243 3847
3244 3848
3245 3849
3246 3850
3247 3851
3248 3852
3249 3853
3250 3854
3251 3855
3252 3856
3253 3857
3254 3858
3255 3859
3256 3860
3257 3861
3258 3862
3259 3863
3260 3864
3261 3865
3262 3866
3263 3867
3264 3868
3265 3869
3266 3870
3267 3871
3268 3872
3269 3873
3270 3874
3271 3875
3272 3876
3273 3877
3274 3878
3275 3879
3276 3880
3277 3881
3278 3882
3279 3883
3280 3884
3281 3885
3282 3886
3283 3887
3284 3888
3285 3889
3286 3890
3287 3891
3288 3892
3289 3893
3290 3894
3291 3895
3292 3896
3293 3897
3294 3898
3295 3899
3296 3900
3297 3901
3298 3902
3299 3903
3300 3904
3301 3905
3302 3906
3303 3907
3304 3908
3305 3909
3306 3910
3307 3911
3308 3912
3309 3913
3310 3914
3311 3915
3312 3916
3313 3917
3314 3918
3315 3919
3316 3920
3317 3921
3318 3922
3319 3923
3320 3924
3321 3925
3322 3926
3323 3927
3324 3928
3325 3929
3326 3930
3327 3931
3328 3932
3329 3933
3330 3934
3331 3935
3332 3936
3333 3937
3334 3938
3335 3939
3336 3940
3337 3941
3338 3942
3339 3943
3340 3944
3341 3945
3342 3946
3343 3947
3344 3948
3345 3949
3346 3950
3347 3951
3348 3952
3349 3953
3350 3954
3351 3955
3352 3956
3353 3957
3354 3958
3355 3959
3356 3960
3357 3961
3358 3962
3359 3963
3360 3964
3361 3965
3362 3966
3363 3967
3364 3968
3365 3969
3366 3970
3367 3971
3368 3972
3369 3973
3370 3974
3371 3975
3372 3976
3373 3977
3374 3978
3375 3979
3376 3980
3377 3981
3378 3982
3379 3983
3380 3984
3381 3985
3382 3986
3383 3987
3384 3988
3385 3989
3386 3990
3387 3991
3388 3992
3389 3993
3390 3994
3391 3995
3392 3996
3393 3997
3394 3998
3395 3999
3396 4000
3397 4001
3398 4002
3399 4003
3400 4004
3401 4005
3402 4006
3403 4007
3404 4008
3405 4009
3406 4010
3407 4011
3408 4012
3409 4013
3410 4014
3411 4015
3412 4016
3413 4017
3414 4018
3415 4019
3416 4020
3417 4021
3418 4022
3419 4023
3420 4024
3421 4025
3422 4026
3423 4027
3424 4028
3425 4029
3426 4030
3427 4031
3428 4032
3429 4033
3430 4034
3431 4035
3432 4036
3433 4037
3434 4038
3435 4039
3436 4040
3437 4041
3438 4042
3439 4043
3440 4044
3441 4045
3442 4046
3443 4047
3444 4048
3445 4049
3446 4050
3447 4051
3448 4052
3449 4053
3450 4054
3451 4055
3452 4056
3453 4057
3454 4058
3455 4059
3456 4060
3457 4061
3458 4062
3459 4063
3460 4064
3461 4065
3462 4066
3463 4067
3464 4068
3465 4069
3466 4070
3467 4071
3468 4072
3469 4073
3470 4074
3471 4075
3472 4076
3473 4077
3474 4078
3475 4079
3476 4080
3477 4081
3478 4082
3479 4083
3480 4084
3481 4085
3482 4086
3483 4087
3484 4088
3485 4089
3486 4090
3487 4091
3488 4092
3489 4093
3490 4094
3491 4095
3492 4096
3493 4097
3494 4098
3495 4099
3496 4100
3497 4101
3498 4102
3499 4103
3500 4104
3501 4105
3502 4106
3503 4107
3504 4108
3505 4109
3506 4110
3507 4111
3508 4112
3509 4113
3510 4114
3511 4115
3512 4116
3513 4117
3514 4118
3515 4119
3516 4120
3517 4121
3518 4122
3519 4123
3520 4124
3521 4125
3522 4126
3523 4127
3524 4128
3525 4129
3526 4130
3527 4131
3528 4132
3529 4133
3530 4134
3531 4135
3532 4136
3533 4137
3534 4138
3535 4139
3536 4140
3537 4141
3538 4142
3539 4143
3540 4144
3541 4145
3542 4146
3543 4147
3544 4148
3545 4149
3546 4150
3547 4151
3548 4152
3549 4153
3550 4154
3551 4155
3552 4156
3553 4157
3554 4158
3555 4159
3556 4160
3557 4161
3558 4162
3559 4163
3560 4164
3561 4165
3562 4166
3563 4167
3564 4168
3565 4169
3566 4170
3567 4171
3568 4172
3569 4173
3570 4174
3571 4175
3572 4176
3573 4177
3574 4178
3575 4179
3576 4180
3577 4181
3578 4182
3579 4183
3580 4184
3581 4185
3582 4186
3583 4187
3584 4188
3585 4189
3586 4190
3587 4191
3588 4192
3589 4193
3590 4194
3591 4195
3592 4196
3593 4197
3594 4198
3595 4199
3596 4200
3597 4201
3598 4202
3599 4203
3600 4204
3601 4205
3602 4206
3603 4207
3604 4208
3605 4209
3606 4210
3607 4211
3608 4212
3609 4213
3610 4214
3611 4215
3612 4216
3613 4217
3614 4218
3615 4219
3616 4220
3617 4221
3618 4222
3619 4223
3620 4224
3621 4225
3622 4226
3623 4227
3624 4228
3625 4229
3626 4230
3627 4231
3628 4232
3629 4233
3630 4234
3631 4235
3632 4236
3633 4237
3634 4238
3635 4239
3636 4240
3637 4241
3638 4242
3639 4243
3640 4244
3641 4245
3642 4246
3643 4247
3644 4248
3645 4249
3646 4250
3647 4251
3648 4252
3649 4253
3650 4254
3651 4255
3652 4256
3653 4257
3654 4258
3655 4259
3656 4260
3657 4261
3658 4262
3659 4263
3660 4264
3661 4265
3662 4266
3663 4267
3664 4268
3665 4269
3666 4270
3667 4271
3668 4272
3669 4273
3670 4274
3671 4275
3672 4276
3673 4277
3674 4278
3675 4279
3676 4280
3677 4281
3678 4282
3679 4283
3680 4284
3681 4285
3682 4286
3683 4287
3684 4288
3685 4289
3686 4290
3687 4291
3688 4292
3689 4293
3690 4294
3691 4295
3692 4296
3693 4297
3694 4298
3695 4299
3696 4300
3697 4301
3698 4302
3699 4303
3700 4304
3701 4305
3702 4306
3703 4307
3704 4308
3705 4309
3706 4310
3707 4311
3708 4312
3709 4313
3710 4314
3711 4315
3712 4316
3713 4317
3714 4318
3715 4319
3716 4320
3717 4321
3718 4322
3719 4323
3720 4324
3721 4325
3722 4326
3723 4327
3724 4328
3725 4329
3726 4330
3727 4331
3728 4332
3729 4333
3730 4334
3731 4335
3732 4336
3733 4337
3734 4338
3735 4339
3736 4340
3737 4341
3738 4342
3739 4343
3740 4344
3741 4345
3742 4346
3743 4347
3744 4348
3745 4349
3746 4350
3747 4351
3748 4352
3749 4353
3750 4354
3751 4355
3752 4356
3753 4357
3754 4358
3755 4359
3756 4360
3757 4361
3758 4362
3759 4363
3760 4364
3761 4365
3762 4366
3763 4367
3764 4368
3765 4369
3766 4370
3767 4371
3768 4372
3769 4373
3770 4374
3771 4375
3772 4376
3773 4377
3774 4378
3775 4379
3776 4380
3777 4381
3778 4382
3779 4383
3780 4384
3781 4385
3782 4386
3783 4387
3784 4388
3785 4389
3786 4390
3787 4391
3788 4392
3789 4393
3790 4394
3791 4395
3792 4396
3793 4397
3794 4398
3795 4399
3796 4400
3797 4401
3798 4402
3799 4403
3800 4404
3801 4405
3802 4406
3803 4407
3804 4408
3805 4409
3806 4410
3807 4411
3808 4412
3809 4413
3810 4414
3811 4415
3812 4416
3813 4417
3814 4418
3815 4419
3816 4420
3817 4421
3818 4422
3819 4423
3820 4424
3821 4425
3822 4426
3823 4427
3824 4428
3825 4429
3826 4430
3827 4431
3828 4432
3829 4433
3830 4434
3831 4435
3832 4436
3833 4437
3834 4438
3835 4439
3836 4440
3837 4441
3838 4442
3839 4443
3840 4444
3841 4445
3842 4446
3843 4447
3844 4448
3845 4449
3846 4450
3847 4451
3848 4452
3849 4453
3850 4454
3851 4455
3852 4456
3853 4457
3854 4458
3855 4459
3856 4460
3857 4461
3858 4462
3859 4463
3860 4464
3861 4465
3862 4466
3863 4467
3864 4468
3865 4469
3866 4470
3867 4471
3868 4472
3869 4473
3870 4474
3871 4475
3872 4476
3873 4477
3874 4478
3875 4479
3876 4480
3877 4481
3878 4482
3879 4483
3880 4484
3881 4485
3882 4486
3883 4487
3884 4488
3885 4489
3886 4490
3887 4491
3888 4492
3889 4493
3890 4494
3891 4495
3892 4496
3893 4497
3894 4498
3895 4499
3896 4500
3897 4501
3898 4502
3899 4503
3900 4504
3901 4505
3902 4506
3903 4507
3904 4508
3905 4509
3906 4510
3907 4511
3908 4512
3909 4513
3910 4514
3911 4515
3912 4516
3913 4517
3914 4518
3915 4519
3916 4520
3917 4521
3918 4522
3919 4523
3920 4524
3921 4525
3922 4526
3923 4527
3924 4528
3925 4529
3926 4530
3927 4531
3928 4532
3929 4533
3930 4534
3931 4535
3932 4536
3933 4537
3934 4538
3935 4539
3936 4540
3937 4541
3938 4542
3939 4543
3940 4544
3941 4545
3942 4546
3943 4547
3944 4548
3945 4549
3946 4550
3947 4551
3948 4552
3949 4553
3950 4554
3951 4555
3952 4556
3953 4557
3954 4558
3955 4559
3956 4560
3957 4561
3958 4562
3959 4563
3960 4564
3961 4565
3962 4566
3963 4567
3964 4568
3965 4569
3966 4570
3967 4571
3968 4572
3969 4573
3970 4574
3971 4575
3972 4576
3973 4577
3974 4578
3975 4579
3976 4580
3977 4581
3978 4582
3979 4583
3980 4584
3981 4585
3982 4586
3983 4587
3984 4588
3985 4589
3986 4590
3987 4591
3988 4592
3989 4593
3990 4594
3991 4595
3992 4596
3993 4597
3994 4598
3995 4599
3996 4600
3997 4601
3998 4602
3999 4603
4000 4604
4001 4605
4002 4606
4003 4607
4004 4608
4005 4609
4006 4610
4007 4611
4008 4612
4009 4613
4010 4614
4011 4615
4012 4616
4013 4617
4014 4618
4015 4619
4016 4620
4017 4621
4018 4622
4019 4623
4020 4624
4021 4625
4022 4626
4023 4627
4024 4628
4025 4629
4026 4630
4027 4631
4028 4632
4029 4633
4030 4634
4031 4635
4032 4636
4033 4637
4034 4638
4035 4639
4036 4640
4037 4641
4038 4642
4039 4643
4040 4644
4041 4645
4042 4646
4043 4647
4044 4648
4045 4649
4046 4650
4047 4651
4048 4652
4049 4653
4050 4654
4051 4655
4052 4656
4053 4657
4054 4658
4055 4659
4056 4660
4057 4661
4058 4662
4059 4663
4060 4664
4061 4665
4062 4666
4063 4667
4064 4668
4065 4669
4066 4670
4067 4671
4068 4672
4069 4673
4070 4674
4071 4675
4072 4676
4073 4677
4074 4678
4075 4679
4076 4680
4077 4681
4078 4682
4079 4683
4080 4684
4081 4685
4082 4686
4083 4687
4084 4688
4085 4689
4086 4690
4087 4691
4088 4692
4089 4693
4090 4694
4091 4695
4092 4696
4093 4697
4094 4698
4095 4699
4096 4700
4097 4701
4098 4702
4099 4703
4100 4704
4101 4705
4102 4706
4103 4707
4104 4708
4105 4709
4106 4710
4107 4711
4108 4712
4109 4713
4110 4714
4111 4715
4112 4716
4113 4717
4114 4718
4115 4719
4116 4720
4117 4721
4118 4722
4119 4723
4120 4724
4121 4725
4122 4726
4123 4727
4124 4728
4125 4729
4126 4730
4127 4731
4128 4732
4129 4733
4130 4734
4131 4735
4132 4736
4133 4737
4134 4738
4135 4739
4136 4740
4137 4741
4138 4742
4139 4743
4140 4744
4141 4745
4142 4746
4143 4747
4144 4748
4145 4749
4146 4750
4147 4751
4148 4752
4149 4753
4150 4754
4151 4755
4152 4756
4153 4757
4154 4758
4155 4759
4156 4760
4157 4761
4158 4762
4159 4763
4160 4764
4161 4765
4162 4766
4163 4767
4164 4768
4165 4769
4166 4770
4167 4771
4168 4772
4169 4773
4170 4774
4171 4775
4172 4776
4173 4777
4174 4778
4175 4779
4176 4780
4177 4781
4178 4782
4179 4783
4180 4784
4181 4785
4182 4786
4183 4787
4184 4788
4185 4789
4186 4790
4187 4791
4188 4792
4189 4793
4190 4794
4191 4795
4192 4796
4193 4797
4194 4798
4195 4799
4196 4800
4197 4801
4198 4802
4199 4803
4200 4804
4201 4805
4202 4806
4203 4807
4204 4808
4205 4809
4206 4810
4207 4811
4208 4812
4209 4813
4210 4814
4211 4815
4212 4816
4213 4817
4214 4818
4215 4819
4215 4820
4215 4821
4215 4822
4215 4823
4216 4824
4216 4825
4216 4826
4216 4827
4216 4828
4217 4829
4218 4830
4219 4831
4220 4832
4221 4833
4222 4834
4223 4835
4224 4836
4225 4837
4226 4838
4227 4839
4228 4840
4229 4841
4230 4842
4231 4843
4232 4844
4233 4845
4234 4846
4234 4847
4234 4848
4234 4849
4234 4850
4235 4851
4236 4852
4237 4853
4238 4854
4239 4855
4240 4856
4241 4857
4242 4857
4243 4858
4244 4859
4245 4859
4246 4860
4247 4861
4248 4862
4249 4863
4250 4864
4251 4865
4252 4866
4253 4867
4254 4867
4255 4867
4256 4867
4257 4867
4258 4867
4259 4868
4260 4869
4261 4870
4262 4871
4263 4872
4264 4873
4265 4873
4266 4873
4267 4873
4268 4873
4269 4873
4270 4873
4271 4873
4272 4873
4273 4873
4274 4873
4275 4873
4276 4873
4277 4873
4278 4874
4279 4875
4280 4875
4281 4876
4282 4877
4283 4878
4284 4879
4285 4879
4286 4880
4287 4881
4288 4881
4289 4881
4290 4881
4291 4881
4292 4881
4293 4881
4294 4881
4295 4881
4296 4881
4297 4881
4298 4881
4299 4881
4300 4881
4301 4881
4302 4881
4303 4881
4304 4881
4305 4881
4306 4881
4307 4881
4308 4881
4309 4881
4310 4881
4311 4881
4312 4881
4313 4881
4314 4881
4315 4881
4316 4881
4317 4881
4318 4881
4319 4881
4320 4881
4321 4881
4322 4881
4323 4881
4324 4881
4325 4881
4326 4881
4327 4881
4328 4881
4329 4881
4330 4881
4331 4881
4332 4881
4333 4881
4334 4881
4335 4881
4336 4881
4337 4881
4338 4881
4339 4881
4340 4881
4341 4881
4342 4881
4343 4881
4344 4881
4345 4881
4346 4881
4347 4881
4348 4881
4349 4881
4350 4881
4351 4881
4352 4881
4353 4881
4354 4881
4355 4881
4356 4881
4357 4881
4358 4881
4359 4881
4360 4881
4361 4881
4362 4881
4363 4881
4364 4881
4365 4881
4366 4881
4367 4881
4368 4881
4369 4881
4370 4881
4371 4881
4372 4881
4373 4881
4374 4881
4375 4881
4376 4881
4377 4881
4378 4881
4379 4881
4380 4881
4381 4881
4382 4881
4383 4881
4384 4881
4385 4881
4386 4881
4387 4881
4388 4881
4389 4881
4390 4881
4391 4881
4392 4881
4393 4881
4394 4881
4395 4881
4396 4881
4397 4881
4398 4881
4399 4881
4400 4881
4401 4881
4402 4881
4403 4881
4404 4881
4405 4881
4406 4881
4407 4881
4408 4881
4409 4881
4410 4881
4411 4881
4412 4881
4413 4881
4414 4881
4415 4881
4416 4881
4417 4881
4418 4881
4419 4881
4420 4881
4421 4881
4422 4881
4423 4881
4424 4881
4425 4881
4426 4881
4427 4881
4428 4881
4429 4881
4430 4881
4431 4881
4432 4881
4433 4881
4434 4881
4435 4881
4436 4881
4437 4881
4438 4881
4439 4881
4440 4881
4441 4881
4442 4881
4443 4881
4444 4881
4445 4881
4446 4881
4447 4881
4448 4881
4449 4881
4450 4881
4451 4881
4452 4881
4453 4881
4454 4881
4455 4881
4456 4881
4457 4881
4458 4881
4459 4881
4460 4881
4461 4881
4462 4881
4463 4881
4464 4881
4465 4881
4466 4881
4467 4881
4468 4881
4469 4881
4470 4881
4471 4881
4472 4881
4473 4881
4474 4881
4475 4881
4476 4881
4477 4881
4478 4881
4479 4881
4480 4881
4481 4881
4482 4881
4483 4881
4484 4881
4485 4881
4486 4881
4487 4881
4488 4881
4489 4881
4490 4881
4491 4881
4492 4881
4493 4881
4494 4881
4495 4881
4496 4881
4497 4881
4498 4881
4499 4881
4500 4881
4501 4881
4502 4881
4503 4881
4504 4881
4505 4881
4506 4881
4507 4881
4508 4881
4509 4881
4510 4881
4511 4881
4512 4881
4513 4881
4514 4881
4515 4881
4516 4881
4517 4881
4518 4881
4519 4881
4520 4881
4521 4881
4522 4881
4523 4881
4524 4881
4525 4881
4526 4881
4527 4881
4528 4881
4529 4881
4530 4881
4531 4881
4532 4881
4533 4881
4534 4881
4535 4881
4536 4881
4537 4881
4538 4881
4539 4881
4540 4881
4541 4881
4542 4881
4543 4881
4544 4881
4545 4881
4546 4881
4547 4881
4548 4881
4549 4881
4550 4881
4551 4881
4552 4881
4553 4881
4554 4881
4555 4881
4556 4881
4557 4881
4558 4881
4559 4881
4560 4881
4561 4881
4562 4881
4563 4881
4564 4881
4565 4881
4566 4881
4567 4881
4568 4881
4569 4881
4570 4881
4571 4881
4572 4881
4573 4881
4574 4881
4575 4881
4576 4881
4577 4881
4578 4881
4579 4881
4580 4881
4581 4881
4582 4881
4583 4881
4584 4881
4585 4882
4586 4883
4587 4883
4588 4884
4589 4884
4590 4884
4591 4885
4592 4886
4593 4887
4594 4888
4595 4889
4596 4890
4597 4891
4598 4892
4599 4893
4600 4894
4601 4895
4602 4896
4603 4897
4604 4898
4605 4899
4606 4900
4607 4901
4608 4902
4609 4903
4610 4904
4611 4905
4612 4906
4613 4907
4614 4908
4615 4909
4616 4910
4617 4911
4618 4912
4619 4913
4620 4914
4621 4915
4622 4916
4623 4917
4624 4918
4625 4919
4626 4920
4627 4921
4628 4922
4629 4923
4630 4924
4631 4925
4632 4926
4633 4927
4634 4928
4635 4929
4636 4930
4637 4931
4638 4932
4639 4933
4640 4934
4641 4935
4642 4936
4643 4937
4644 4938
4645 4939
4646 4940
4647 4941
4648 4942
4649 4943
4650 4944
4651 4945
4652 4946
4653 4947
4654 4948
4655 4949
4656 4950
4657 4951
4658 4952
4659 4953
4660 4954
4661 4955
4662 4956
4663 4957
4664 4958
4665 4959
4666 4960
4667 4961
4668 4962
4669 4963
4670 4964
4671 4965
4672 4966
4673 4967
4674 4968
4675 4969
4676 4970
4677 4971
4678 4972
4679 4973
4680 4974
4681 4974
4682 4974
4683 4974
4684 4974
4685 4974
4686 4974
4687 4974
4688 4975
4689 4975
4690 4975
4691 4975
4692 4975
4693 4975
4694 4975
4695 4975
4696 4975
4697 4975
4698 4975
4699 4975
4700 4975
4701 4975
4702 4975
4703 4975
4704 4975
4705 4975
4706 4975
4707 4975
4708 4975
4709 4975
4710 4975
4711 4975
4712 4975
4713 4975
4714 4975
4715 4975
4716 4975
4717 4975
4718 4975
4719 4975
4720 4975
4721 4975
4722 4975
4723 4975
4724 4975
4725 4975
4726 4975
4727 4975
4728 4975
4729 4975
4730 4975
4731 4975
4732 4975
4733 4975
4734 4975
4735 4975
4736 4975
4737 4975
4738 4975
4739 4975
4740 4975
4741 4975
4742 4975
4743 4975
4744 4975
4745 4975
4746 4975
4747 4975
4748 4975
4749 4975
4750 4975
4751 4975
4752 4975
4753 4975
4754 4975
4755 4975
4756 4975
4757 4975
4758 4975
4759 4975
4760 4975
4761 4975
4762 4975
4763 4975
4764 4975
4765 4975
4766 4975
4767 4975
4768 4975
4769 4975
4770 4975
4771 4975
4772 4975
4773 4975
4774 4975
4775 4975
4776 4975
4777 4975
4778 4975
4779 4975
4780 4975
4781 4975
4782 4975
4783 4975
4784 4975
4785 4975
4786 4975
4787 4975
4788 4975
4789 4975
4790 4975
4791 4975
4792 4975
4793 4975
4794 4975
4795 4975
4796 4975
4797 4975
4798 4975
4799 4975
4800 4975
4801 4975
4802 4975
4803 4975
4804 4975
4805 4975
4806 4975
4807 4975
4808 4975
4809 4975
4810 4975
4811 4975
4812 4975
4813 4975
4814 4975
4815 4975
4816 4975
4817 4975
4818 4975
4819 4975
4820 4975
4821 4975
4822 4975
4823 4975
4824 4975
4825 4975
4826 4975
4827 4975
4828 4975
4829 4975
4830 4975
4831 4975
4832 4975
4833 4975
4834 4975
4835 4975
4836 4975
4837 4975
4838 4975
4839 4975
4840 4975
4841 4975
4842 4975
4843 4975
4844 4975
4845 4975
4846 4975
4847 4975
4848 4975
4849 4975
4850 4975
4851 4975
4852 4975
4853 4975
4854 4975
4855 4975
4856 4975
4857 4975
4858 4975
4859 4975
4860 4975
4861 4975
4862 4975
4863 4975
4864 4975
4865 4975
4866 4975
4867 4975
4868 4975
4869 4975
4870 4975
4871 4975
4872 4975
4873 4975
4874 4975
4875 4975
4876 4975
4877 4975
4878 4975
4879 4975
4880 4975
4881 4975
4882 4975
4883 4975
4884 4975
4885 4975
4886 4975
4887 4975
4888 4975
4889 4975
4890 4975
4891 4975
4892 4975
4893 4975
4894 4975
4895 4975
4896 4975
4897 4975
4898 4975
4899 4975
4900 4975
4901 4975
4902 4975
4903 4975
4904 4975
4905 4975
4906 4975
4907 4975
4908 4975
4909 4975
4910 4975
4911 4975
4912 4975
4913 4975
4914 4975
4915 4975
4916 4975
4917 4975
4918 4975
4919 4975
4920 4975
4921 4975
4922 4975
4923 4975
4924 4975
4925 4975
4926 4975
4927 4975
4928 4975
4929 4975
4930 4975
4931 4975
4932 4975
4933 4975
4934 4975
4935 4975
4936 4975
4937 4975
4938 4975
4939 4975
4940 4975
4941 4975
4942 4975
4943 4975
4944 4975
4945 4975
4946 4975
4947 4975
4948 4975
4949 4975
4950 4975
4951 4975
4952 4975
4953 4975
4954 4975
4955 4975
4956 4975
4957 4975
4958 4975
4959 4975
4960 4975
4961 4975
4962 4975
4963 4975
4964 4975
4965 4975
4966 4975
4967 4975
4968 4975
4969 4975
4970 4975
4971 4975
4972 4975
4973 4975
4974 4975
4975 4975
4976 4976
4977 4977
4978 4978
4979 4979
4980 4980
4981 4981
4982 4982
4983 4983
4984 4984
4985 4985
4986 4986
4987 4987
4988 4988
4989 4989
4990 4990
4991 4991
4992 4992
4993 4993
4994 4994
4995 4995
4996 4996
4997 4997
4998 4998
4999 4999
