0 0
1 1
2 2
3 3
4 4
5 5
6 6
7 7
8 8
9 9
10 10
11 11
12 12
13 13
14 14
15 15
16 16
17 17
18 18
19 19
20 20
21 21
22 22
23 23
24 24
25 25
26 26
27 27
28 28
29 29
30 30
31 31
32 32
33 33
34 34
35 35
36 36
37 37
38 38
39 39
40 40
41 41
42 42
43 43
44 44
45 45
46 46
47 47
48 48
49 49
50 50
51 51
52 52
53 53
54 54
55 55
56 56
56 57
56 58
56 59
56 60
56 61
56 62
56 63
56 64
56 65
56 66
56 67
56 68
56 69
57 70
58 71
59 72
60 73
61 74
62 75
63 76
64 77
65 78
66 79
67 80
68 81
69 82
70 83
71 84
72 85
73 86
74 87
75 88
76 89
77 90
78 91
79 92
80 93
81 94
82 95
83 96
84 97
85 98
86 99
87 100
88 101
89 102
90 103
91 104
92 105
93 106
94 107
95 108
96 109
97 110
98 111
99 112
100 113
101 114
102 115
103 116
104 117
105 118
106 119
107 120
108 121
109 122
110 123
111 124
112 125
113 126
114 127
115 128
116 129
117 130
118 131
119 132
120 133
121 134
122 135
123 136
124 137
125 138
126 139
127 140
128 141
129 142
130 143
131 144
132 145
133 146
134 147
135 148
136 149
137 150
138 151
139 152
140 153
141 154
142 155
143 156
144 157
145 158
146 159
147 160
148 161
149 162
150 163
151 164
152 165
153 166
154 167
155 168
156 169
157 170
158 171
159 172
160 173
161 174
162 175
163 176
164 177
165 178
166 179
167 180
168 181
169 182
170 183
171 184
172 185
173 186
174 187
175 188
176 189
177 190
178 191
179 192
180 193
181 194
182 195
183 196
184 197
185 198
186 199
187 200
188 201
189 202
190 203
191 204
192 205
193 206
194 207
195 208
196 209
197 210
198 211
199 212
200 213
201 214
202 215
203 216
204 217
205 218
206 219
207 220
208 221
209 222
210 223
211 224
212 225
213 226
214 227
215 228
216 229
217 230
218 231
219 232
220 233
221 234
222 235
223 236
224 237
225 238
226 239
227 240
228 241
229 242
230 243
231 244
232 245
233 246
234 247
235 248
236 249
237 250
238 251
239 252
240 253
241 254
242 255
243 256
244 257
245 258
246 259
247 260
248 261
249 262
250 263
251 264
252 265
253 266
254 267
255 268
256 269
257 270
258 271
259 272
260 273
261 274
262 275
263 276
264 277
265 278
266 279
267 280
268 281
269 282
270 283
271 284
272 285
273 286
274 287
275 288
276 289
277 290
278 291
279 292
280 293
281 294
282 295
283 296
284 297
285 298
286 299
287 300
288 301
289 302
290 303
291 304
292 305
293 306
294 307
295 308
296 309
297 310
298 311
299 312
300 313
301 314
302 315
303 316
304 317
305 318
306 319
307 320
308 321
309 322
310 323
311 324
312 325
313 326
314 327
315 328
316 329
317 330
318 331
319 332
320 333
321 334
322 335
323 336
324 337
325 338
326 339
327 340
328 341
329 342
330 343
331 344
332 345
333 346
334 347
335 348
336 349
337 350
338 351
339 352
340 353
341 354
342 355
343 356
344 357
345 358
346 359
347 360
348 361
349 362
350 363
351 364
352 365
353 366
354 367
355 368
356 369
356 370
356 371
356 372
356 373
356 374
356 375
356 376
356 377
356 378
356 379
356 380
356 381
356 382
356 383
356 384
356 385
356 386
356 387
356 388
356 389
356 390
356 391
356 392
356 393
356 394
356 395
356 396
356 397
356 398
356 399
356 400
356 401
356 402
356 403
356 404
356 405
356 406
356 407
356 408
356 409
356 410
356 411
356 412
356 413
356 414
356 415
356 416
356 417
356 418
356 419
356 420
356 421
356 422
356 423
356 424
356 425
356 426
356 427
356 428
356 429
356 430
356 431
356 432
356 433
356 434
356 435
356 436
356 437
356 438
356 439
356 440
356 441
356 442
356 443
356 444
356 445
356 446
356 447
356 448
356 449
356 450
356 451
356 452
356 453
356 454
356 455
356 456
356 457
356 458
356 459
356 460
356 461
356 462
356 463
356 464
356 465
356 466
356 467
356 468
356 469
356 470
356 471
356 472
356 473
356 474
356 475
356 476
356 477
356 478
356 479
356 480
356 481
356 482
356 483
356 484
356 485
356 486
356 487
356 488
356 489
356 490
356 491
356 492
356 493
356 494
356 495
356 496
356 497
356 498
356 499
356 500
356 501
356 502
356 503
356 504
356 505
356 506
356 507
356 508
356 509
356 510
356 511
356 512
356 513
356 514
356 515
356 516
356 517
356 518
356 519
356 520
356 521
356 522
356 523
356 524
356 525
356 526
356 527
356 528
356 529
356 530
356 531
356 532
356 533
356 534
356 535
356 536
356 537
356 538
356 539
356 540
356 541
356 542
356 543
356 544
356 545
356 546
356 547
356 548
356 549
356 550
356 551
356 552
356 553
356 554
356 555
356 556
356 557
356 558
356 559
356 560
356 561
356 562
356 563
356 564
356 565
356 566
356 567
356 568
356 569
356 570
356 571
356 572
356 573
356 574
356 575
356 576
356 577
356 578
356 579
356 580
356 581
356 582
356 583
356 584
356 585
356 586
356 587
356 588
356 589
356 590
356 591
356 592
356 593
356 594
356 595
356 596
356 597
356 598
356 599
356 600
356 601
356 602
356 603
356 604
356 605
356 606
356 607
356 608
356 609
356 610
356 611
356 612
356 613
356 614
356 615
356 616
356 617
356 618
356 619
356 620
356 621
356 622
356 623
356 624
356 625
356 626
356 627
356 628
356 629
356 630
356 631
356 632
356 633
356 634
356 635
356 636
356 637
356 638
356 639
356 640
356 641
356 642
356 643
356 644
356 645
356 646
356 647
356 648
356 649
356 650
356 651
356 652
356 653
356 654
356 655
356 656
356 657
356 658
356 659
356 660
356 661
356 662
356 663
356 664
356 665
356 666
356 667
356 668
356 669
356 670
356 671
356 672
356 673
356 674
356 675
356 676
356 677
356 678
356 679
356 680
356 681
356 682
356 683
356 684
356 685
356 686
356 687
356 688
356 689
356 690
356 691
356 692
356 693
356 694
356 695
356 696
356 697
356 698
356 699
356 700
356 701
356 702
356 703
356 704
356 705
356 706
356 707
356 708
356 709
356 710
356 711
356 712
356 713
356 714
356 715
356 716
356 717
356 718
356 719
356 720
356 721
356 722
356 723
356 724
356 725
356 726
356 727
356 728
356 729
356 730
356 731
357 732
358 733
359 734
360 735
361 736
362 737
363 738
364 739
365 740
366 741
367 742
368 743
369 744
370 745
371 746
372 747
373 748
374 749
375 750
376 751
377 752
378 753
379 754
380 755
381 756
382 757
383 758
384 759
385 760
386 761
387 762
388 763
389 764
390 765
391 766
392 767
393 768
394 769
395 770
396 771
397 772
398 773
399 774
400 775
401 776
402 777
403 778
404 779
405 780
406 781
407 782
408 783
409 784
410 785
411 786
412 787
413 788
414 789
415 790
416 791
417 792
418 793
419 794
420 795
421 796
422 797
423 798
424 799
425 800
426 801
427 802
428 803
429 804
430 805
431 806
432 807
433 808
434 809
435 810
436 811
437 812
438 813
439 814
440 815
441 816
442 817
443 818
444 819
445 820
446 821
447 822
448 823
449 824
450 825
451 826
452 827
453 828
454 829
455 830
456 831
457 832
458 833
459 834
460 835
461 836
462 837
463 838
464 839
465 840
466 841
467 842
468 843
469 844
470 845
471 846
472 847
473 848
474 849
475 850
476 851
477 852
478 853
479 854
480 855
481 856
482 857
483 858
484 859
485 860
486 861
487 862
488 863
489 864
490 865
491 866
492 867
493 868
494 869
495 870
496 871
497 872
498 873
499 874
500 875
501 876
502 877
503 878
504 879
505 880
506 881
507 882
508 883
509 884
510 885
511 886
512 887
513 888
514 889
515 890
516 891
517 892
518 893
519 894
520 895
521 896
522 897
523 898
524 899
525 900
526 901
527 902
528 903
529 904
530 905
531 906
532 907
533 908
534 909
535 910
536 911
537 912
538 913
539 914
540 915
541 916
542 917
543 918
544 919
545 920
546 921
547 922
548 923
549 924
550 925
551 926
552 927
553 928
554 929
555 930
556 931
557 932
558 933
559 934
560 935
561 936
562 937
563 938
564 939
565 940
566 941
567 942
568 943
569 944
570 945
571 946
572 947
573 948
574 949
575 950
576 951
577 952
578 953
579 954
580 955
581 956
582 957
583 958
584 959
585 960
586 961
587 962
588 963
589 964
590 965
591 966
592 967
593 968
594 969
595 970
596 971
597 972
598 973
599 974
600 975
601 976
602 977
603 978
604 979
605 980
606 981
607 982
608 983
609 984
610 985
611 986
612 987
613 988
614 989
615 990
616 991
617 992
618 993
619 994
620 995
621 996
622 997
623 998
624 999
625 1000
626 1001
627 1002
628 1003
629 1004
630 1005
631 1006
632 1007
633 1008
634 1009
635 1010
636 1011
637 1012
638 1013
639 1014
640 1015
641 1016
642 1017
643 1018
644 1019
645 1020
646 1021
647 1022
648 1023
649 1024
650 1025
651 1026
652 1027
653 1028
654 1029
655 1030
656 1031
657 1032
658 1033
659 1034
660 1035
661 1036
662 1037
663 1038
664 1039
665 1040
666 1041
667 1042
668 1043
669 1044
670 1045
671 1046
672 1047
673 1048
674 1049
675 1050
676 1051
677 1052
678 1053
679 1054
680 1055
681 1056
682 1057
683 1058
684 1059
685 1060
686 1061
687 1062
688 1063
689 1064
690 1065
691 1066
692 1067
693 1068
694 1069
695 1070
696 1071
697 1072
698 1073
699 1074
700 1075
701 1076
702 1077
703 1078
704 1079
705 1080
706 1081
707 1082
708 1083
709 1084
710 1085
711 1086
712 1087
713 1088
714 1089
714 1090
714 1091
714 1092
714 1093
714 1094
714 1095
714 1096
714 1097
714 1098
714 1099
714 1100
714 1101
714 1102
714 1103
714 1104
714 1105
714 1106
714 1107
714 1108
714 1109
714 1110
714 1111
714 1112
714 1113
714 1114
714 1115
714 1116
714 1117
714 1118
714 1119
714 1120
714 1121
714 1122
714 1123
714 1124
714 1125
714 1126
714 1127
714 1128
714 1129
714 1130
714 1131
714 1132
714 1133
714 1134
714 1135
714 1136
714 1137
714 1138
714 1139
714 1140
714 1141
714 1142
714 1143
714 1144
714 1145
714 1146
714 1147
714 1148
714 1149
714 1150
714 1151
714 1152
714 1153
714 1154
714 1155
714 1156
714 1157
714 1158
714 1159
714 1160
714 1161
714 1162
714 1163
714 1164
714 1165
714 1166
714 1167
714 1168
714 1169
714 1170
714 1171
714 1172
714 1173
714 1174
714 1175
714 1176
714 1177
714 1178
714 1179
714 1180
714 1181
714 1182
714 1183
714 1184
714 1185
714 1186
714 1187
714 1188
714 1189
714 1190
714 1191
714 1192
714 1193
714 1194
714 1195
714 1196
714 1197
714 1198
714 1199
714 1200
714 1201
714 1202
714 1203
714 1204
714 1205
714 1206
714 1207
714 1208
714 1209
714 1210
714 1211
714 1212
714 1213
714 1214
714 1215
714 1216
714 1217
714 1218
714 1219
714 1220
714 1221
714 1222
714 1223
714 1224
714 1225
714 1226
714 1227
714 1228
714 1229
714 1230
714 1231
714 1232
714 1233
714 1234
714 1235
714 1236
714 1237
714 1238
714 1239
714 1240
714 1241
714 1242
714 1243
714 1244
714 1245
714 1246
714 1247
714 1248
714 1249
714 1250
714 1251
714 1252
714 1253
714 1254
714 1255
714 1256
714 1257
714 1258
714 1259
714 1260
714 1261
714 1262
714 1263
714 1264
714 1265
714 1266
714 1267
714 1268
714 1269
714 1270
714 1271
714 1272
714 1273
714 1274
714 1275
714 1276
714 1277
714 1278
714 1279
714 1280
714 1281
714 1282
714 1283
714 1284
714 1285
714 1286
714 1287
714 1288
714 1289
714 1290
714 1291
714 1292
714 1293
714 1294
714 1295
714 1296
714 1297
714 1298
714 1299
714 1300
714 1301
714 1302
714 1303
714 1304
714 1305
714 1306
714 1307
714 1308
714 1309
714 1310
714 1311
714 1312
714 1313
714 1314
714 1315
714 1316
714 1317
714 1318
714 1319
714 1320
714 1321
714 1322
714 1323
714 1324
714 1325
714 1326
714 1327
714 1328
714 1329
714 1330
714 1331
714 1332
714 1333
714 1334
714 1335
714 1336
714 1337
714 1338
714 1339
714 1340
714 1341
714 1342
714 1343
714 1344
714 1345
714 1346
714 1347
714 1348
714 1349
714 1350
714 1351
714 1352
714 1353
714 1354
714 1355
714 1356
714 1357
714 1358
714 1359
714 1360
714 1361
714 1362
714 1363
714 1364
714 1365
714 1366
714 1367
714 1368
714 1369
714 1370
714 1371
714 1372
714 1373
714 1374
714 1375
714 1376
714 1377
714 1378
714 1379
714 1380
714 1381
714 1382
714 1383
714 1384
714 1385
714 1386
714 1387
714 1388
714 1389
714 1390
714 1391
714 1392
715 1393
716 1394
717 1395
718 1396
719 1397
720 1398
721 1399
722 1400
723 1401
724 1402
725 1403
726 1404
727 1405
728 1406
729 1407
730 1408
731 1409
732 1410
733 1411
734 1412
735 1413
736 1414
737 1415
738 1416
739 1417
740 1418
741 1419
742 1420
743 1421
744 1422
745 1423
746 1424
747 1425
748 1426
749 1427
750 1428
751 1429
752 1430
753 1431
754 1432
755 1433
756 1434
757 1435
758 1436
759 1437
760 1438
761 1439
762 1440
763 1441
764 1442
765 1443
766 1444
767 1445
768 1446
769 1447
770 1448
771 1449
772 1450
773 1451
774 1452
775 1453
776 1454
777 1455
778 1456
779 1457
780 1458
781 1459
782 1460
783 1461
784 1462
785 1463
786 1464
787 1465
788 1466
789 1467
790 1468
791 1469
792 1470
793 1471
794 1472
795 1473
796 1474
797 1475
798 1476
799 1477
800 1478
801 1479
802 1480
803 1481
804 1482
805 1483
806 1484
807 1485
808 1486
809 1487
810 1488
811 1489
812 1490
813 1491
814 1492
815 1493
816 1494
817 1495
818 1496
819 1497
820 1498
821 1499
822 1500
823 1501
824 1502
825 1503
826 1504
827 1505
828 1506
829 1507
830 1508
831 1509
832 1510
833 1511
834 1512
835 1513
836 1514
837 1515
838 1516
839 1517
840 1518
841 1519
842 1520
843 1521
844 1522
845 1523
846 1524
847 1525
848 1526
849 1527
850 1528
851 1529
852 1530
853 1531
854 1532
855 1533
856 1534
857 1535
858 1536
859 1537
860 1538
861 1539
862 1540
863 1541
864 1542
865 1543
866 1544
867 1545
868 1546
869 1547
870 1548
871 1549
872 1550
873 1551
874 1552
875 1553
876 1554
877 1555
878 1556
879 1557
880 1558
881 1559
882 1560
883 1561
884 1562
885 1563
886 1564
887 1565
888 1566
889 1567
890 1568
891 1569
892 1570
893 1571
894 1572
895 1573
896 1574
897 1575
898 1576
899 1577
900 1578
901 1579
902 1580
903 1581
904 1582
905 1583
906 1584
907 1585
908 1586
909 1587
910 1588
911 1589
912 1590
913 1591
914 1592
915 1593
916 1594
917 1595
918 1596
919 1597
920 1598
921 1599
922 1600
923 1601
924 1602
925 1603
926 1604
927 1605
928 1606
929 1607
930 1608
931 1609
932 1610
933 1611
934 1612
935 1613
936 1614
937 1615
938 1616
939 1617
940 1618
941 1619
942 1620
943 1621
944 1622
945 1623
946 1624
947 1625
948 1626
949 1627
950 1628
951 1629
952 1630
953 1631
954 1632
955 1633
956 1634
957 1635
958 1636
959 1637
960 1638
961 1639
962 1640
963 1641
964 1642
965 1643
966 1644
967 1645
968 1646
969 1647
970 1648
971 1649
972 1650
973 1651
974 1652
975 1653
976 1654
977 1655
978 1656
979 1657
980 1658
981 1659
982 1660
983 1661
984 1662
985 1663
986 1664
987 1665
988 1666
989 1667
990 1668
991 1669
992 1670
993 1671
994 1672
995 1673
996 1674
997 1675
998 1676
999 1677
1000 1678
1001 1679
1002 1680
1003 1681
1004 1682
1005 1683
1006 1684
1007 1685
1008 1686
1009 1687
1010 1688
1011 1689
1012 1690
1013 1691
1014 1692
1015 1693
1016 1694
1017 1695
1018 1696
1019 1697
1020 1698
1021 1699
1022 1700
1023 1701
1024 1702
1025 1703
1026 1704
1027 1705
1028 1706
1029 1707
1030 1708
1031 1709
1032 1710
1033 1711
1034 1712
1035 1713
1036 1714
1037 1715
1038 1716
1039 1717
1040 1718
1041 1719
1042 1720
1043 1721
1044 1722
1045 1723
1046 1724
1047 1725
1048 1726
1049 1727
1050 1728
1051 1729
1052 1730
1053 1731
1054 1732
1055 1733
1056 1734
1057 1735
1058 1736
1059 1737
1060 1738
1061 1739
1062 1740
1063 1741
1064 1742
1065 1743
1066 1744
1067 1745
1068 1746
1069 1747
1070 1748
1071 1749
1072 1750
1073 1751
1074 1752
1075 1753
1076 1754
1077 1755
1078 1756
1079 1757
1080 1758
1081 1759
1082 1760
1083 1761
1084 1762
1085 1763
1086 1764
1087 1765
1088 1766
1089 1767
1090 1768
1091 1769
1092 1770
1093 1771
1094 1772
1095 1773
1096 1774
1097 1775
1098 1776
1099 1777
1100 1778
1101 1779
1102 1780
1103 1781
1104 1782
1105 1783
1106 1784
1107 1785
1108 1786
1109 1787
1110 1788
1111 1789
1112 1790
1113 1791
1114 1792
1115 1793
1116 1794
1117 1795
1118 1796
1119 1797
1120 1798
1121 1799
1122 1800
1123 1801
1124 1802
1125 1803
1126 1804
1127 1805
1128 1806
1129 1807
1130 1808
1131 1809
1132 1810
1133 1811
1134 1812
1135 1813
1136 1814
1137 1815
1138 1816
1139 1817
1140 1818
1141 1819
1142 1820
1143 1821
1144 1822
1145 1823
1146 1824
1147 1825
1148 1826
1149 1827
1150 1828
1151 1829
1152 1830
1153 1831
1154 1832
1155 1833
1156 1834
1157 1835
1158 1836
1159 1837
1160 1838
1161 1839
1162 1840
1163 1841
1164 1842
1165 1843
1166 1844
1167 1845
1168 1846
1169 1847
1170 1848
1171 1849
1172 1850
1173 1851
1174 1852
1175 1853
1176 1854
1177 1855
1178 1856
1179 1857
1180 1858
1181 1859
1182 1860
1183 1861
1184 1862
1185 1863
1186 1864
1187 1865
1188 1866
1189 1867
1190 1868
1191 1869
1192 1870
1193 1871
1194 1872
1195 1873
1196 1874
1197 1875
1198 1876
1199 1877
1200 1878
1201 1879
1202 1880
1203 1881
1204 1882
1205 1883
1206 1884
1207 1885
1208 1886
1209 1887
1210 1888
1211 1889
1212 1890
1213 1891
1214 1892
1215 1893
1216 1894
1217 1895
1218 1896
1219 1897
1220 1898
1221 1899
1222 1900
1223 1901
1224 1902
1225 1903
1226 1904
1227 1905
1228 1906
1229 1907
1230 1908
1231 1909
1232 1910
1233 1911
1234 1912
1235 1913
1236 1914
1237 1915
1238 1916
1239 1917
1240 1918
1241 1919
1242 1920
1243 1921
1244 1922
1245 1923
1246 1924
1247 1925
1248 1926
1249 1927
1250 1928
1251 1929
1252 1930
1253 1931
1254 1932
1255 1933
1256 1934
1257 1935
1258 1936
1259 1937
1260 1938
1261 1939
1262 1940
1263 1941
1264 1942
1265 1943
1266 1944
1267 1945
1268 1946
1269 1947
1270 1948
1271 1949
1272 1950
1273 1951
1274 1952
1275 1953
1276 1954
1277 1955
1278 1956
1279 1957
1280 1958
1281 1959
1282 1960
1283 1961
1284 1962
1285 1963
1286 1964
1287 1965
1288 1966
1289 1967
1290 1968
1291 1969
1292 1970
1293 1971
1294 1972
1295 1973
1296 1974
1297 1975
1298 1976
1299 1977
1300 1978
1301 1979
1302 1980
1303 1981
1304 1982
1305 1983
1306 1984
1307 1985
1308 1986
1309 1987
1310 1988
1311 1989
1312 1990
1313 1991
1314 1992
1315 1993
1316 1994
1317 1995
1318 1996
1319 1997
1320 1998
1321 1999
1322 2000
1323 2001
1324 2002
1325 2003
1326 2004
1327 2005
1328 2006
1329 2007
1330 2008
1331 2009
1332 2010
1333 2011
1334 2012
1335 2013
1336 2014
1337 2015
1338 2016
1339 2017
1340 2018
1341 2019
1342 2020
1343 2021
1344 2022
1345 2023
1346 2024
1347 2025
1348 2026
1349 2027
1350 2028
1351 2029
1352 2030
1353 2031
1354 2032
1355 2033
1356 2034
1357 2035
1358 2036
1359 2037
1360 2038
1361 2039
1362 2040
1363 2041
1364 2042
1365 2043
1366 2044
1367 2045
1368 2046
1369 2047
1370 2048
1371 2049
1372 2050
1373 2051
1374 2052
1375 2053
1376 2054
1377 2055
1378 2056
1379 2057
1380 2058
1381 2059
1382 2060
1383 2061
1384 2062
1385 2063
1386 2064
1387 2065
1388 2066
1389 2067
1390 2068
1391 2069
1392 2070
1393 2071
1394 2072
1395 2073
1396 2074
1397 2075
1398 2076
1399 2077
1400 2078
1401 2079
1402 2080
1403 2081
1404 2082
1405 2083
1406 2084
1407 2085
1408 2086
1409 2087
1410 2088
1411 2089
1412 2090
1413 2091
1414 2092
1415 2093
1416 2094
1417 2095
1418 2096
1419 2097
1420 2098
1421 2099
1422 2100
1423 2101
1424 2102
1425 2103
1426 2104
1427 2105
1428 2106
1429 2107
1430 2108
1431 2109
1432 2110
1433 2111
1434 2112
1435 2113
1436 2114
1437 2115
1438 2116
1439 2117
1440 2118
1441 2119
1442 2120
1443 2121
1444 2122
1445 2123
1446 2124
1447 2125
1448 2126
1449 2127
1450 2128
1451 2129
1452 2130
1453 2131
1454 2132
1455 2133
1456 2134
1457 2135
1458 2136
1459 2137
1460 2138
1461 2139
1462 2140
1463 2141
1464 2142
1465 2143
1466 2144
1467 2145
1468 2146
1469 2147
1470 2148
1471 2149
1472 2150
1473 2151
1474 2152
1475 2153
1476 2154
1477 2155
1478 2156
1479 2157
1480 2158
1481 2159
1482 2160
1483 2161
1484 2162
1485 2163
1486 2164
1487 2165
1488 2166
1489 2167
1490 2168
1491 2169
1492 2170
1493 2171
1494 2172
1495 2173
1496 2174
1497 2175
1498 2176
1499 2177
1500 2178
1501 2179
1502 2180
1503 2181
1504 2182
1505 2183
1506 2184
1507 2185
1508 2186
1509 2187
1510 2188
1511 2189
1512 2190
1513 2191
1514 2192
1515 2193
1516 2194
1517 2195
1518 2196
1519 2197
1520 2198
1521 2199
1522 2200
1523 2201
1524 2202
1525 2203
1526 2204
1527 2205
1528 2206
1529 2207
1530 2208
1531 2209
1532 2210
1533 2211
1534 2212
1535 2213
1536 2214
1537 2215
1538 2216
1539 2217
1540 2218
1541 2219
1542 2220
1543 2221
1544 2222
1545 2223
1546 2224
1547 2225
1548 2226
1549 2227
1550 2228
1551 2229
1552 2230
1553 2231
1554 2232
1555 2233
1556 2234
1557 2235
1558 2236
1559 2237
1560 2238
1561 2239
1562 2240
1563 2241
1564 2242
1565 2243
1566 2244
1567 2245
1568 2246
1569 2247
1570 2248
1571 2249
1572 2250
1573 2251
1574 2252
1575 2253
1576 2254
1577 2255
1578 2256
1579 2257
1580 2258
1581 2259
1582 2260
1583 2261
1584 2262
1585 2263
1586 2264
1587 2265
1588 2266
1589 2267
1590 2268
1591 2269
1592 2270
1593 2271
1594 2272
1595 2273
1596 2274
1597 2275
1598 2276
1599 2277
1600 2278
1601 2279
1602 2280
1603 2281
1604 2282
1605 2283
1606 2284
1607 2285
1608 2286
1609 2287
1610 2288
1611 2289
1612 2290
1613 2291
1614 2292
1615 2293
1616 2294
1617 2295
1618 2296
1619 2297
1620 2298
1621 2299
1622 2300
1623 2301
1624 2302
1625 2303
1626 2304
1627 2305
1628 2306
1629 2307
1630 2308
1631 2309
1632 2310
1633 2311
1634 2312
1635 2313
1636 2314
1637 2315
1638 2316
1639 2317
1640 2318
1641 2319
1642 2320
1643 2321
1644 2322
1645 2323
1646 2324
1647 2325
1648 2326
1649 2327
1650 2328
1651 2329
1652 2330
1653 2331
1654 2332
1655 2333
1656 2334
1657 2335
1658 2336
1659 2337
1660 2338
1661 2339
1662 2340
1663 2341
1664 2342
1665 2343
1666 2344
1667 2345
1668 2346
1669 2347
1670 2348
1671 2349
1672 2350
1673 2351
1674 2352
1675 2353
1676 2354
1677 2355
1678 2356
1679 2357
1680 2358
1681 2359
1682 2360
1683 2361
1684 2362
1685 2363
1686 2364
1687 2365
1688 2366
1689 2367
1690 2368
1691 2369
1692 2370
1693 2371
1694 2372
1695 2373
1696 2374
1697 2375
1698 2376
1699 2377
1700 2378
1701 2379
1702 2380
1703 2381
1704 2382
1705 2383
1706 2384
1707 2385
1708 2386
1709 2387
1710 2388
1711 2389
1712 2390
1713 2391
1714 2392
1715 2393
1716 2394
1717 2395
1718 2396
1719 2397
1720 2398
1721 2399
1722 2400
1723 2401
1724 2402
1725 2403
1726 2404
1727 2405
1728 2406
1729 2407
1730 2408
1731 2409
1732 2410
1733 2411
1734 2412
1735 2413
1736 2414
1737 2415
1738 2416
1739 2417
1740 2418
1741 2419
1742 2420
1743 2421
1744 2422
1745 2423
1746 2424
1747 2425
1748 2426
1749 2427
1750 2428
1751 2429
1752 2430
1753 2431
1754 2432
1755 2433
1756 2434
1757 2435
1758 2436
1759 2437
1760 2438
1761 2439
1762 2440
1763 2441
1764 2442
1765 2443
1766 2444
1767 2445
1768 2446
1769 2447
1770 2448
1771 2449
1772 2450
1773 2451
1774 2452
1775 2453
1776 2454
1777 2455
1778 2456
1779 2457
1780 2458
1781 2459
1782 2460
1783 2461
1784 2462
1785 2463
1786 2464
1787 2465
1788 2466
1789 2467
1790 2468
1791 2469
1792 2470
1793 2471
1794 2472
1795 2473
1796 2474
1797 2475
1798 2476
1799 2477
1800 2478
1801 2479
1802 2480
1803 2481
1804 2482
1805 2483
1806 2484
1807 2485
1808 2486
1809 2487
1810 2488
1811 2489
1812 2490
1813 2491
1814 2492
1815 2493
1816 2494
1817 2495
1818 2496
1819 2497
1820 2498
1821 2499
1822 2500
1823 2501
1824 2502
1825 2503
1826 2504
1827 2505
1828 2506
1829 2507
1830 2508
1831 2509
1832 2510
1833 2511
1834 2512
1835 2513
1836 2514
1837 2515
1838 2516
1839 2517
1840 2518
1841 2519
1842 2520
1843 2521
1844 2522
1845 2523
1846 2524
1847 2525
1848 2526
1849 2527
1850 2528
1851 2529
1852 2530
1853 2531
1854 2532
1855 2533
1856 2534
1857 2535
1858 2536
1859 2537
1860 2538
1861 2539
1862 2540
1863 2541
1864 2542
1865 2543
1866 2544
1867 2545
1868 2546
1869 2547
1870 2548
1871 2549
1872 2550
1873 2551
1874 2552
1875 2553
1876 2554
1877 2555
1878 2556
1879 2557
1880 2558
1881 2559
1882 2560
1883 2561
1884 2562
1885 2563
1886 2564
1887 2565
1888 2566
1889 2567
1890 2568
1891 2569
1892 2570
1893 2571
1894 2572
1895 2573
1896 2574
1897 2575
1898 2576
1899 2577
1900 2578
1901 2579
1902 2580
1903 2581
1904 2582
1905 2583
1906 2584
1907 2585
1908 2586
1909 2587
1910 2588
1911 2589
1912 2590
1913 2591
1914 2592
1915 2593
1916 2594
1917 2595
1918 2596
1919 2597
1920 2598
1921 2599
1922 2600
1923 2601
1924 2602
1925 2603
1926 2604
1927 2605
1928 2606
1929 2607
1930 2608
1931 2609
1932 2610
1933 2611
1934 2612
1935 2613
1936 2614
1937 2615
1938 2616
1939 2617
1940 2618
1941 2619
1942 2620
1943 2621
1944 2622
1945 2623
1946 2624
1947 2625
1948 2626
1949 2627
1950 2628
1951 2629
1952 2630
1953 2631
1954 2632
1955 2633
1956 2634
1957 2635
1958 2636
1959 2637
1960 2638
1961 2639
1962 2640
1963 2641
1964 2642
1965 2643
1966 2644
1967 2645
1968 2646
1969 2647
1970 2648
1971 2649
1972 2650
1973 2651
1974 2652
1975 2653
1976 2654
1977 2655
1978 2656
1979 2657
1980 2658
1981 2659
1982 2660
1983 2661
1984 2662
1985 2663
1986 2664
1987 2665
1988 2666
1989 2667
1990 2668
1991 2669
1992 2670
1993 2671
1994 2672
1995 2673
1996 2674
1997 2675
1998 2676
1999 2677
2000 2678
2001 2679
2002 2680
2003 2681
2004 2682
2005 2683
2006 2684
2007 2685
2008 2686
2009 2687
2010 2688
2011 2689
2012 2690
2013 2691
2014 2692
2015 2693
2016 2694
2017 2695
2018 2696
2019 2697
2020 2698
2021 2699
2022 2700
2023 2701
2024 2702
2025 2703
2026 2704
2027 2705
2028 2706
2029 2707
2030 2708
2031 2709
2032 2710
2033 2711
2034 2712
2035 2713
2036 2714
2037 2715
2038 2716
2039 2717
2040 2718
2041 2719
2042 2720
2043 2721
2044 2722
2045 2723
2046 2724
2047 2725
2048 2726
2049 2727
2050 2728
2051 2729
2052 2730
2053 2731
2054 2732
2055 2733
2056 2734
2057 2735
2058 2736
2059 2737
2060 2738
2061 2739
2062 2740
2063 2741
2064 2742
2065 2743
2066 2744
2067 2745
2068 2746
2069 2747
2070 2748
2071 2749
2072 2750
2073 2751
2074 2752
2075 2753
2076 2754
2077 2755
2078 2756
2079 2757
2080 2758
2081 2759
2082 2760
2083 2761
2084 2762
2085 2763
2086 2764
2087 2765
2088 2766
2089 2767
2090 2768
2091 2769
2092 2770
2093 2771
2094 2772
2095 2773
2096 2774
2097 2775
2098 2776
2099 2777
2100 2778
2101 2779
2102 2780
2103 2781
2104 2782
2105 2783
2106 2784
2107 2785
2108 2786
2109 2787
2110 2788
2111 2789
2112 2790
2113 2791
2114 2792
2115 2793
2116 2794
2117 2795
2118 2796
2119 2797
2120 2798
2121 2799
2122 2800
2123 2801
2124 2802
2125 2803
2126 2804
2127 2805
2128 2806
2129 2807
2130 2808
2131 2809
2132 2810
2133 2811
2134 2812
2135 2813
2136 2814
2137 2815
2138 2816
2139 2817
2140 2818
2141 2819
2142 2820
2143 2821
2144 2822
2145 2823
2146 2824
2147 2825
2148 2826
2149 2827
2150 2828
2151 2829
2152 2830
2153 2831
2154 2832
2155 2833
2156 2834
2157 2835
2158 2836
2159 2837
2160 2838
2161 2839
2162 2840
2163 2841
2164 2842
2165 2843
2166 2844
2167 2845
2168 2846
2169 2847
2170 2848
2171 2849
2172 2850
2173 2851
2174 2852
2175 2853
2176 2854
2177 2855
2178 2856
2179 2857
2180 2858
2181 2859
2182 2860
2183 2861
2184 2862
2185 2863
2186 2864
2187 2865
2188 2866
2189 2867
2190 2868
2191 2869
2192 2870
2193 2871
2194 2872
2195 2873
2196 2874
2197 2875
2198 2876
2199 2877
2200 2878
2201 2879
2202 2880
2203 2881
2204 2882
2205 2883
2206 2884
2207 2885
2208 2886
2209 2887
2210 2888
2211 2889
2212 2890
2213 2891
2214 2892
2215 2893
2216 2894
2217 2895
2218 2896
2219 2897
2220 2898
2221 2899
2222 2900
2223 2901
2224 2902
2225 2903
2226 2904
2227 2905
2228 2906
2229 2907
2230 2908
2231 2909
2232 2910
2233 2911
2234 2912
2235 2913
2236 2914
2237 2915
2238 2916
2239 2917
2240 2918
2241 2919
2242 2920
2243 2921
2244 2922
2245 2923
2246 2924
2247 2925
2248 2926
2249 2927
2250 2928
2251 2929
2252 2930
2253 2931
2254 2932
2255 2933
2256 2934
2257 2935
2258 2936
2259 2937
2260 2938
2261 2939
2262 2940
2263 2941
2264 2942
2265 2943
2266 2944
2267 2945
2268 2946
2269 2947
2270 2948
2271 2949
2272 2950
2273 2951
2274 2952
2275 2953
2276 2954
2277 2955
2278 2956
2279 2957
2280 2958
2281 2959
2282 2960
2283 2961
2284 2962
2285 2963
2286 2964
2287 2965
2288 2966
2289 2967
2290 2968
2291 2969
2292 2970
2293 2971
2294 2972
2295 2973
2296 2974
2297 2975
2298 2976
2299 2977
2300 2978
2301 2979
2302 2980
2303 2981
2304 2982
2305 2983
2306 2984
2307 2985
2308 2986
2309 2987
2310 2988
2311 2989
2312 2990
2313 2991
2314 2992
2315 2993
2316 2994
2317 2995
2318 2996
2319 2997
2320 2998
2321 2999
2322 3000
2323 3001
2324 3002
2325 3003
2326 3004
2327 3005
2328 3006
2329 3007
2330 3008
2331 3009
2332 3010
2333 3011
2334 3012
2335 3013
2336 3014
2337 3015
2338 3016
2339 3017
2340 3018
2341 3019
2342 3020
2343 3021
2344 3022
2345 3023
2346 3024
2347 3025
2348 3026
2349 3027
2350 3028
2351 3029
2352 3030
2353 3031
2354 3032
2355 3033
2356 3034
2357 3035
2358 3036
2359 3037
2360 3038
2361 3039
2362 3040
2363 3041
2364 3042
2365 3043
2366 3044
2367 3045
2368 3046
2369 3047
2370 3048
2371 3049
2372 3050
2373 3051
2374 3052
2375 3053
2376 3054
2377 3055
2378 3056
2379 3057
2380 3058
2381 3059
2382 3060
2383 3061
2384 3062
2385 3063
2386 3064
2387 3065
2388 3066
2389 3067
2390 3068
2391 3069
2392 3070
2393 3071
2394 3072
2395 3073
2396 3074
2397 3075
2398 3076
2399 3077
2400 3078
2401 3079
2402 3080
2403 3081
2404 3082
2405 3083
2406 3084
2407 3085
2408 3086
2409 3087
2410 3088
2411 3089
2412 3090
2413 3091
2414 3092
2415 3093
2416 3094
2417 3095
2418 3096
2419 3097
2420 3098
2421 3099
2422 3100
2423 3101
2424 3102
2425 3103
2426 3104
2427 3105
2428 3106
2429 3107
2430 3108
2431 3109
2432 3110
2433 3111
2434 3112
2435 3113
2436 3114
2437 3115
2438 3116
2439 3117
2440 3118
2441 3119
2442 3120
2443 3121
2444 3122
2445 3123
2446 3124
2447 3125
2448 3126
2449 3127
2450 3128
2451 3129
2452 3130
2453 3131
2454 3132
2455 3133
2456 3134
2457 3135
2458 3136
2459 3137
2460 3138
2461 3139
2462 3140
2463 3141
2464 3142
2465 3143
2466 3144
2467 3145
2468 3146
2469 3147
2470 3148
2471 3149
2472 3150
2473 3151
2474 3152
2475 3153
2476 3154
2477 3155
2478 3156
2479 3157
2480 3158
2481 3159
2482 3160
2483 3161
2484 3162
2485 3163
2486 3164
2487 3165
2488 3166
2489 3167
2490 3168
2491 3169
2492 3170
2493 3171
2494 3172
2495 3173
2496 3174
2497 3175
2498 3176
2499 3177
2500 3178
2501 3179
2502 3180
2503 3181
2504 3182
2505 3183
2506 3184
2507 3185
2508 3186
2509 3187
2510 3188
2511 3189
2512 3190
2513 3191
2514 3192
2515 3193
2516 3194
2517 3195
2518 3196
2519 3197
2520 3198
2521 3199
2522 3200
2523 3201
2524 3202
2525 3203
2526 3204
2527 3205
2528 3206
2529 3207
2530 3208
2531 3209
2532 3210
2533 3211
2534 3212
2535 3213
2536 3214
2537 3215
2538 3216
2539 3217
2540 3218
2541 3219
2542 3220
2543 3221
2544 3222
2545 3223
2546 3224
2547 3225
2548 3226
2549 3227
2550 3228
2551 3229
2552 3230
2553 3231
2554 3232
2555 3233
2556 3234
2557 3235
2558 3236
2559 3237
2560 3238
2561 3239
2562 3240
2563 3241
2564 3242
2565 3243
2566 3244
2567 3245
2568 3246
2569 3247
2570 3248
2571 3249
2572 3250
2573 3251
2574 3252
2575 3253
2576 3254
2577 3255
2578 3256
2579 3257
2580 3258
2581 3259
2582 3260
2583 3261
2584 3262
2585 3263
2586 3264
2587 3265
2588 3266
2589 3267
2590 3268
2591 3269
2592 3270
2593 3271
2594 3272
2595 3273
2596 3274
2597 3275
2598 3276
2599 3277
2600 3278
2601 3279
2602 3280
2603 3281
2604 3282
2605 3283
2606 3284
2607 3285
2608 3286
2609 3287
2610 3288
2611 3289
2612 3290
2613 3291
2614 3292
2615 3293
2616 3294
2617 3295
2618 3296
2619 3297
2620 3298
2621 3299
2622 3300
2623 3301
2624 3302
2625 3303
2626 3304
2627 3305
2628 3306
2629 3307
2630 3308
2631 3309
2632 3310
2633 3311
2634 3312
2635 3313
2636 3314
2637 3315
2638 3316
2639 3317
2640 3318
2641 3319
2642 3320
2643 3321
2644 3322
2645 3323
2646 3324
2647 3325
2648 3326
2649 3327
2650 3328
2651 3329
2652 3330
2653 3331
2654 3332
2655 3333
2656 3334
2657 3335
2658 3336
2659 3337
2660 3338
2661 3339
2662 3340
2663 3341
2664 3342
2665 3343
2666 3344
2667 3345
2668 3346
2669 3347
2670 3348
2671 3349
2672 3350
2673 3351
2674 3352
2675 3353
2676 3354
2677 3355
2678 3356
2679 3357
2680 3358
2681 3359
2682 3360
2683 3361
2684 3362
2685 3363
2686 3364
2687 3365
2688 3366
2689 3367
2690 3368
2691 3369
2692 3370
2693 3371
2694 3372
2695 3373
2696 3374
2697 3375
2698 3376
2699 3377
2700 3378
2701 3379
2702 3380
2703 3381
2704 3382
2705 3383
2706 3384
2707 3385
2708 3386
2709 3387
2710 3388
2711 3389
2712 3390
2713 3391
2714 3392
2715 3393
2716 3394
2717 3395
2718 3396
2719 3397
2720 3398
2721 3399
2722 3400
2723 3401
2724 3402
2725 3403
2726 3404
2727 3405
2728 3406
2729 3407
2730 3408
2731 3409
2732 3410
2733 3411
2734 3412
2735 3413
2736 3414
2737 3415
2738 3416
2739 3417
2740 3418
2741 3419
2742 3420
2743 3421
2744 3422
2745 3423
2746 3424
2747 3425
2748 3426
2749 3427
2750 3428
2751 3429
2752 3430
2753 3431
2754 3432
2755 3433
2756 3434
2757 3435
2758 3436
2759 3437
2760 3438
2761 3439
2762 3440
2763 3441
2764 3442
2765 3443
2766 3444
2767 3445
2768 3446
2769 3447
2770 3448
2771 3449
2772 3450
2773 3451
2774 3452
2775 3453
2776 3454
2777 3455
2778 3456
2779 3457
2780 3458
2781 3459
2782 3460
2783 3461
2784 3462
2785 3463
2786 3464
2787 3465
2788 3466
2789 3467
2790 3468
2791 3469
2792 3470
2793 3471
2794 3472
2795 3473
2796 3474
2797 3475
2798 3476
2799 3477
2800 3478
2801 3479
2802 3480
2803 3481
2804 3482
2805 3483
2806 3484
2807 3485
2808 3486
2809 3487
2810 3488
2811 3489
2812 3490
2813 3491
2814 3492
2815 3493
2816 3494
2817 3495
2818 3496
2819 3497
2820 3498
2821 3499
2822 3500
2823 3501
2824 3502
2825 3503
2826 3504
2827 3505
2828 3506
2829 3507
2830 3508
2831 3509
2832 3510
2833 3511
2834 3512
2835 3513
2836 3514
2837 3515
2838 3516
2839 3517
2840 3518
2841 3519
2842 3520
2843 3521
2844 3522
2845 3523
2846 3524
2847 3525
2848 3526
2849 3527
2850 3528
2851 3529
2852 3530
2853 3531
2854 3532
2855 3533
2856 3534
2857 3535
2858 3536
2859 3537
2860 3538
2861 3539
2862 3540
2863 3541
2864 3542
2865 3543
2866 3544
2867 3545
2868 3546
2869 3547
2870 3548
2871 3549
2872 3550
2873 3551
2874 3552
2875 3553
2876 3554
2877 3555
2878 3556
2879 3557
2880 3558
2881 3559
2882 3560
2883 3561
2884 3562
2885 3563
2886 3564
2887 3565
2888 3566
2889 3567
2890 3568
2891 3569
2892 3570
2893 3571
2894 3572
2895 3573
2896 3574
2897 3575
2898 3576
2899 3577
2900 3578
2901 3579
2902 3580
2903 3581
2904 3582
2905 3583
2906 3584
2907 3585
2908 3586
2909 3587
2910 3588
2911 3589
2912 3590
2913 3591
2914 3592
2915 3593
2916 3594
2917 3595
2918 3596
2919 3597
2920 3598
2921 3599
2922 3600
2923 3601
2924 3602
2925 3603
2926 3604
2927 3605
2928 3606
2929 3607
2930 3608
2931 3609
2932 3610
2933 3611
2934 3612
2935 3613
2936 3614
2937 3615
2938 3616
2939 3617
2940 3618
2941 3619
2942 3620
2943 3621
2944 3622
2945 3623
2946 3624
2947 3625
2948 3626
2949 3627
2950 3628
2951 3629
2952 3630
2953 3631
2954 3632
2955 3633
2956 3634
2957 3635
2958 3636
2959 3637
2960 3638
2961 3639
2962 3640
2963 3641
2964 3642
2965 3643
2966 3644
2967 3645
2968 3646
2969 3647
2970 3648
2971 3649
2972 3650
2973 3651
2974 3652
2975 3653
2976 3654
2977 3655
2978 3656
2979 3657
2980 3658
2981 3659
2982 3660
2983 3661
2984 3662
2985 3663
2986 3664
2987 3665
2988 3666
2989 3667
2990 3668
2991 3669
2992 3670
2993 3671
2994 3672
2995 3673
2996 3674
2997 3675
2998 3676
2999 3677
3000 3678
3001 3679
3002 3680
3003 3681
3004 3682
3005 3683
3006 3684
3007 3685
3008 3686
3009 3687
3010 3688
3011 3689
3012 3690
3013 3691
3014 3692
3015 3693
3016 3694
3017 3695
3018 3696
3019 3697
3020 3698
3021 3699
3022 3700
3023 3701
3024 3701
3025 3701
3026 3701
3027 3701
3028 3701
3029 3701
3030 3701
3031 3701
3032 3701
3033 3701
3034 3701
3035 3701
3036 3701
3037 3701
3038 3701
3039 3701
3040 3701
3041 3701
3042 3701
3043 3701
3044 3701
3045 3701
3046 3701
3047 3701
3048 3701
3049 3701
3050 3701
3051 3701
3052 3701
3053 3701
3054 3701
3055 3701
3056 3702
3057 3703
3058 3704
3059 3705
3060 3706
3061 3707
3062 3708
3063 3709
3064 3710
3065 3711
3066 3712
3067 3713
3068 3714
3069 3715
3070 3716
3071 3717
3072 3718
3073 3719
3074 3720
3075 3721
3076 3722
3077 3723
3078 3724
3079 3725
3080 3726
3081 3727
3082 3728
3083 3729
3084 3730
3085 3731
3086 3732
3087 3733
3088 3734
3089 3735
3090 3736
3091 3737
3092 3738
3093 3739
3094 3740
3095 3741
3096 3742
3097 3743
3098 3744
3099 3745
3100 3746
3101 3747
3102 3748
3103 3749
3104 3750
3105 3751
3106 3752
3107 3753
3108 3754
3109 3755
3110 3756
3111 3757
3112 3758
3113 3759
3114 3760
3115 3761
3116 3762
3117 3763
3118 3764
3119 3765
3120 3766
3121 3767
3122 3768
3123 3769
3124 3770
3125 3771
3126 3772
3127 3773
3128 3774
3129 3775
3130 3776
3131 3777
3132 3778
3133 3779
3134 3780
3135 3781
3136 3782
3137 3783
3138 3784
3139 3785
3140 3786
3141 3787
3142 3788
3143 3789
3144 3790
3145 3791
3146 3792
3147 3793
3148 3794
3149 3795
3150 3796
3151 3797
3152 3798
3153 3799
3154 3800
3155 3801
3156 3802
3157 3803
3158 3804
3159 3805
3160 3806
3161 3807
3162 3808
3163 3809
3164 3810
3165 3811
3166 3812
3167 3813
3168 3814
3169 3815
3170 3816
3171 3817
3172 3818
3173 3819
3174 3820
3175 3821
3176 3822
3177 3823
3178 3824
3179 3825
3180 3826
3181 3827
3182 3828
3183 3829
3184 3830
3185 3831
3186 3832
3187 3833
3188 3834
3189 3835
3190 3836
3191 3837
3192 3838
3193 3839
3194 3840
3195 3841
3196 3842
3197 3843
3198 3844
3199 3845
3200 3846
3201 3847
3202 3848
3203 3849
3204 3850
3205 3851
3206 3852
3207 3853
3208 3854
3209 3855
3210 3856
3211 3857
3212 3858
3213 3859
3214 3860
3215 3861
3216 3862
3217 3863
3218 3864
3219 3865
3220 3866
3221 3867
3222 3868
3223 3869
3224 3870
3225 3871
3226 3872
3227 3873
3228 3874
3229 3875
3230 3876
3231 3877
3232 3878
3233 3879
3234 3880
3235 3881
3236 3882
3237 3883
3238 3884
3239 3885
3240 3886
3241 3887
3242 3888
3243 3889
3244 3890
3245 3891
3246 3892
3247 3893
3248 3894
3249 3895
3250 3896
3251 3897
3252 3898
3253 3899
3254 3900
3255 3901
3256 3902
3257 3903
3258 3904
3259 3905
3260 3906
3261 3907
3262 3908
3263 3909
3264 3910
3265 3911
3266 3912
3267 3913
3268 3914
3269 3915
3270 3916
3271 3917
3272 3918
3273 3919
3274 3920
3275 3921
3276 3922
3277 3923
3278 3924
3279 3925
3280 3926
3281 3927
3282 3928
3283 3929
3284 3930
3285 3931
3286 3932
3287 3933
3288 3934
3289 3935
3290 3936
3291 3937
3292 3938
3293 3939
3294 3940
3295 3941
3296 3942
3297 3943
3298 3944
3299 3945
3300 3946
3301 3947
3302 3947
3303 3947
3304 3947
3305 3947
3306 3947
3307 3947
3308 3947
3309 3947
3310 3947
3311 3947
3312 3947
3313 3947
3314 3947
3315 3947
3316 3947
3317 3947
3318 3947
3319 3947
3320 3947
3321 3947
3322 3947
3323 3947
3324 3947
3325 3947
3326 3947
3327 3947
3328 3947
3329 3947
3330 3947
3331 3947
3332 3947
3333 3947
3334 3947
3335 3947
3336 3947
3337 3947
3338 3947
3339 3947
3340 3947
3341 3947
3342 3947
3343 3947
3344 3947
3345 3947
3346 3947
3347 3947
3348 3947
3349 3947
3350 3947
3351 3947
3352 3947
3353 3947
3354 3947
3355 3947
3356 3947
3357 3947
3358 3947
3359 3947
3360 3947
3361 3947
3362 3947
3363 3947
3364 3947
3365 3947
3366 3947
3367 3947
3368 3947
3369 3947
3370 3947
3371 3947
3372 3947
3373 3947
3374 3947
3375 3947
3376 3947
3377 3947
3378 3947
3379 3947
3380 3947
3381 3947
3382 3947
3383 3947
3384 3947
3385 3947
3386 3947
3387 3947
3388 3947
3389 3947
3390 3947
3391 3947
3392 3947
3393 3947
3394 3947
3395 3947
3396 3947
3397 3947
3398 3947
3399 3947
3400 3947
3401 3947
3402 3947
3403 3947
3404 3947
3405 3947
3406 3947
3407 3947
3408 3947
3409 3947
3410 3947
3411 3947
3412 3947
3413 3947
3414 3947
3415 3947
3416 3947
3417 3947
3418 3947
3419 3947
3420 3947
3421 3947
3422 3947
3423 3947
3424 3947
3425 3947
3426 3947
3427 3947
3428 3947
3429 3947
3430 3947
3431 3947
3432 3947
3433 3947
3434 3947
3435 3947
3436 3947
3437 3947
3438 3947
3439 3947
3440 3947
3441 3947
3442 3947
3443 3947
3444 3947
3445 3947
3446 3947
3447 3947
3448 3947
3449 3947
3450 3947
3451 3947
3452 3947
3453 3947
3454 3947
3455 3947
3456 3947
3457 3947
3458 3947
3459 3947
3460 3947
3461 3947
3462 3947
3463 3947
3464 3947
3465 3947
3466 3947
3467 3947
3468 3947
3469 3947
3470 3947
3471 3947
3472 3947
3473 3947
3474 3947
3475 3947
3476 3947
3477 3947
3478 3947
3479 3947
3480 3947
3481 3947
3482 3947
3483 3947
3484 3947
3485 3948
3486 3949
3487 3950
3488 3951
3489 3952
3490 3953
3491 3954
3492 3955
3493 3956
3494 3957
3495 3958
3496 3959
3497 3960
3498 3961
3499 3962
3500 3963
3501 3964
3502 3965
3503 3966
3504 3967
3505 3968
3506 3969
3507 3970
3508 3971
3509 3972
3510 3973
3511 3974
3512 3975
3513 3976
3514 3977
3515 3978
3516 3979
3517 3980
3518 3981
3519 3982
3520 3983
3521 3984
3522 3985
3523 3986
3524 3987
3525 3988
3526 3989
3527 3990
3528 3991
3529 3992
3530 3993
3531 3994
3532 3995
3533 3996
3534 3997
3535 3998
3536 3999
3537 4000
3538 4001
3539 4002
3540 4003
3541 4004
3542 4005
3543 4006
3544 4007
3545 4008
3546 4009
3547 4010
3548 4011
3549 4012
3550 4013
3551 4014
3552 4015
3553 4016
3554 4017
3555 4018
3556 4019
3557 4020
3558 4021
3559 4022
3560 4023
3561 4024
3562 4025
3563 4026
3564 4027
3565 4028
3566 4029
3567 4030
3568 4031
3569 4032
3570 4033
3571 4034
3572 4035
3573 4036
3574 4037
3575 4038
3576 4039
3577 4040
3578 4041
3579 4042
3580 4043
3581 4044
3582 4045
3583 4046
3584 4047
3585 4048
3586 4049
3587 4050
3588 4051
3589 4052
3590 4053
3591 4054
3592 4055
3593 4056
3594 4057
3595 4058
3596 4059
3597 4060
3598 4061
3599 4062
3600 4063
3601 4064
3602 4065
3603 4066
3604 4067
3605 4068
3606 4069
3607 4070
3608 4071
3609 4072
3610 4073
3611 4074
3612 4075
3613 4076
3614 4077
3615 4078
3616 4079
3617 4080
3618 4081
3619 4082
3620 4083
3621 4084
3622 4085
3623 4086
3624 4087
3625 4088
3626 4089
3627 4090
3628 4091
3629 4092
3630 4093
3631 4094
3632 4095
3633 4096
3634 4097
3635 4098
3636 4099
3637 4100
3638 4101
3639 4102
3640 4103
3641 4104
3642 4105
3643 4106
3644 4107
3645 4108
3646 4109
3647 4110
3648 4111
3649 4112
3650 4113
3651 4114
3652 4115
3653 4116
3654 4117
3655 4118
3656 4119
3657 4120
3658 4121
3659 4122
3660 4123
3661 4124
3662 4125
3663 4126
3664 4127
3665 4128
3666 4129
3667 4130
3668 4131
3669 4132
3670 4133
3671 4134
3672 4135
3673 4136
3674 4137
3675 4138
3676 4139
3677 4140
3678 4141
3679 4142
3680 4143
3681 4144
3682 4145
3683 4146
3684 4147
3685 4148
3686 4149
3687 4150
3688 4151
3689 4152
3690 4153
3691 4154
3692 4155
3693 4156
3694 4157
3695 4158
3696 4159
3697 4160
3698 4161
3699 4162
3700 4163
3701 4164
3702 4165
3703 4166
3704 4167
3705 4168
3706 4169
3707 4170
3708 4171
3709 4172
3710 4173
3711 4174
3712 4175
3713 4176
3714 4177
3715 4178
3716 4179
3717 4180
3718 4181
3719 4182
3720 4183
3721 4184
3722 4185
3723 4186
3724 4187
3725 4188
3726 4189
3727 4190
3728 4191
3729 4192
3730 4193
3731 4194
3732 4195
3733 4196
3734 4197
3735 4198
3736 4199
3737 4200
3738 4201
3739 4202
3740 4203
3741 4204
3742 4205
3743 4206
3744 4207
3745 4208
3746 4209
3747 4210
3748 4211
3749 4212
3750 4213
3751 4214
3752 4215
3753 4216
3754 4217
3755 4218
3756 4219
3757 4220
3758 4221
3759 4222
3760 4223
3761 4224
3762 4225
3763 4226
3764 4227
3765 4228
3766 4229
3767 4230
3768 4231
3769 4232
3770 4233
3771 4234
3772 4235
3773 4236
3774 4237
3775 4238
3776 4239
3777 4240
3778 4241
3779 4242
3780 4243
3781 4244
3782 4245
3783 4246
3784 4247
3785 4248
3786 4249
3787 4250
3788 4251
3789 4252
3790 4253
3791 4254
3792 4255
3793 4256
3794 4257
3795 4258
3796 4259
3797 4260
3798 4261
3799 4262
3800 4263
3801 4264
3802 4265
3803 4266
3804 4267
3805 4268
3806 4269
3807 4270
3808 4271
3809 4272
3810 4273
3811 4274
3812 4275
3813 4276
3814 4277
3815 4278
3816 4279
3817 4280
3818 4281
3819 4282
3820 4283
3821 4284
3822 4285
3823 4286
3824 4287
3825 4288
3826 4289
3827 4290
3828 4291
3829 4292
3830 4293
3831 4294
3832 4295
3833 4296
3834 4297
3835 4298
3836 4299
3837 4300
3838 4301
3839 4302
3840 4303
3841 4304
3842 4305
3843 4306
3844 4307
3845 4308
3846 4309
3847 4310
3848 4311
3849 4312
3850 4313
3851 4314
3852 4315
3853 4316
3854 4317
3855 4318
3856 4319
3857 4320
3858 4321
3859 4322
3860 4323
3861 4324
3862 4325
3863 4326
3864 4327
3865 4328
3866 4329
3867 4330
3868 4331
3869 4332
3870 4333
3871 4334
3872 4335
3873 4336
3874 4337
3875 4338
3876 4339
3877 4340
3878 4341
3879 4342
3880 4343
3881 4344
3882 4345
3883 4346
3884 4347
3885 4348
3886 4349
3887 4349
3888 4349
3889 4349
3890 4349
3891 4349
3892 4349
3893 4349
3894 4349
3895 4349
3896 4349
3897 4349
3898 4349
3899 4349
3900 4349
3901 4349
3902 4349
3903 4349
3904 4349
3905 4349
3906 4350
3907 4351
3908 4352
3909 4353
3910 4354
3911 4355
3912 4356
3913 4357
3914 4358
3915 4359
3916 4360
3917 4361
3918 4362
3919 4363
3920 4364
3921 4365
3922 4366
3923 4367
3924 4368
3925 4369
3926 4370
3927 4371
3928 4372
3929 4373
3930 4374
3931 4375
3932 4376
3933 4377
3934 4378
3935 4379
3936 4380
3937 4381
3938 4382
3939 4383
3940 4384
3941 4385
3942 4386
3943 4387
3944 4388
3945 4389
3946 4390
3947 4391
3948 4392
3949 4393
3950 4394
3951 4395
3952 4396
3953 4397
3954 4398
3955 4399
3956 4400
3957 4401
3958 4402
3959 4403
3960 4404
3961 4405
3962 4406
3963 4407
3964 4408
3965 4409
3966 4410
3967 4411
3968 4412
3969 4413
3970 4414
3971 4415
3972 4416
3973 4417
3974 4418
3975 4419
3976 4420
3977 4421
3978 4422
3979 4423
3980 4424
3981 4425
3982 4426
3983 4427
3984 4428
3985 4429
3986 4430
3987 4431
3988 4432
3989 4433
3990 4434
3991 4435
3992 4436
3993 4437
3994 4438
3995 4439
3996 4440
3997 4441
3998 4442
3999 4443
4000 4444
4001 4445
4002 4446
4003 4447
4004 4448
4005 4449
4006 4450
4007 4451
4008 4452
4009 4453
4010 4454
4011 4455
4012 4456
4013 4457
4014 4458
4015 4459
4016 4460
4017 4461
4018 4462
4019 4463
4020 4464
4021 4465
4022 4466
4023 4467
4024 4468
4025 4469
4026 4470
4027 4471
4028 4472
4029 4473
4030 4474
4031 4475
4032 4476
4033 4477
4034 4478
4035 4479
4036 4480
4037 4481
4038 4482
4039 4483
4040 4484
4041 4485
4042 4486
4043 4487
4044 4488
4045 4489
4046 4490
4047 4491
4048 4492
4049 4493
4050 4494
4051 4495
4052 4496
4053 4497
4054 4498
4055 4499
4056 4500
4057 4501
4058 4502
4059 4503
4060 4504
4061 4505
4062 4506
4063 4507
4064 4508
4065 4509
4066 4510
4067 4511
4068 4512
4069 4513
4070 4514
4071 4515
4072 4516
4073 4517
4074 4518
4075 4519
4076 4520
4077 4521
4078 4522
4079 4523
4080 4524
4081 4525
4082 4526
4083 4527
4084 4528
4085 4529
4086 4530
4087 4531
4088 4532
4089 4533
4090 4534
4091 4535
4092 4536
4093 4537
4094 4538
4095 4539
4096 4540
4097 4541
4098 4542
4099 4543
4100 4544
4101 4545
4102 4546
4103 4547
4104 4548
4105 4549
4106 4550
4107 4551
4108 4552
4109 4553
4110 4554
4111 4555
4112 4556
4113 4557
4114 4558
4115 4559
4116 4560
4117 4561
4118 4562
4119 4563
4120 4564
4121 4565
4122 4566
4123 4567
4124 4568
4125 4569
4126 4570
4127 4571
4128 4572
4129 4573
4130 4574
4131 4575
4132 4576
4133 4577
4134 4578
4135 4579
4136 4580
4137 4581
4138 4582
4139 4583
4140 4584
4141 4585
4142 4586
4143 4587
4144 4588
4145 4589
4146 4590
4147 4591
4148 4592
4149 4593
4150 4594
4151 4595
4152 4596
4153 4597
4154 4598
4155 4599
4156 4600
4157 4601
4158 4602
4159 4603
4160 4604
4161 4605
4162 4606
4163 4607
4164 4608
4165 4609
4166 4610
4167 4611
4168 4612
4169 4613
4170 4614
4171 4615
4172 4616
4173 4617
4174 4618
4175 4619
4176 4620
4177 4621
4178 4622
4179 4623
4180 4624
4181 4625
4182 4626
4183 4627
4184 4628
4185 4629
4186 4630
4187 4631
4188 4632
4189 4633
4190 4634
4191 4635
4192 4636
4193 4637
4194 4638
4195 4639
4196 4640
4197 4641
4198 4642
4199 4643
4200 4644
4201 4645
4202 4646
4203 4647
4204 4648
4205 4649
4206 4650
4207 4651
4208 4652
4209 4653
4210 4654
4211 4655
4212 4656
4213 4657
4214 4658
4215 4659
4216 4660
4217 4661
4218 4662
4219 4663
4220 4664
4221 4665
4222 4666
4223 4667
4224 4668
4225 4669
4226 4670
4227 4671
4228 4672
4229 4673
4230 4674
4231 4675
4232 4676
4233 4677
4234 4678
4235 4679
4236 4680
4237 4681
4238 4682
4239 4683
4240 4684
4241 4684
4242 4684
4243 4684
4244 4684
4245 4684
4246 4684
4247 4684
4248 4684
4249 4684
4250 4684
4251 4684
4252 4684
4253 4684
4254 4684
4255 4684
4256 4684
4257 4684
4258 4684
4259 4684
4260 4684
4261 4684
4262 4684
4263 4684
4264 4684
4265 4684
4266 4684
4267 4684
4268 4684
4269 4684
4270 4684
4271 4684
4272 4684
4273 4684
4274 4684
4275 4684
4276 4684
4277 4684
4278 4684
4279 4684
4280 4684
4281 4684
4282 4684
4283 4684
4284 4684
4285 4684
4286 4684
4287 4684
4288 4684
4289 4684
4290 4684
4291 4684
4292 4684
4293 4684
4294 4684
4295 4684
4296 4684
4297 4684
4298 4684
4299 4684
4300 4684
4301 4684
4302 4684
4303 4684
4304 4684
4305 4684
4306 4684
4307 4684
4308 4684
4309 4684
4310 4684
4311 4684
4312 4684
4313 4684
4314 4684
4315 4684
4316 4684
4317 4684
4318 4684
4319 4684
4320 4684
4321 4684
4322 4684
4323 4684
4324 4684
4325 4684
4326 4684
4327 4684
4328 4684
4329 4684
4330 4684
4331 4684
4332 4684
4333 4684
4334 4684
4335 4684
4336 4684
4337 4684
4338 4684
4339 4684
4340 4684
4341 4684
4342 4684
4343 4684
4344 4684
4345 4684
4346 4684
4347 4684
4348 4684
4349 4684
4350 4684
4351 4684
4352 4684
4353 4684
4354 4684
4355 4684
4356 4684
4357 4684
4358 4684
4359 4684
4360 4684
4361 4684
4362 4684
4363 4684
4364 4684
4365 4684
4366 4684
4367 4684
4368 4684
4369 4684
4370 4684
4371 4684
4372 4684
4373 4684
4374 4684
4375 4684
4376 4684
4377 4684
4378 4684
4379 4684
4380 4684
4381 4684
4382 4684
4383 4684
4384 4684
4385 4684
4386 4684
4387 4684
4388 4684
4389 4684
4390 4684
4391 4684
4392 4684
4393 4684
4394 4684
4395 4684
4396 4684
4397 4684
4398 4684
4399 4684
4400 4684
4401 4684
4402 4684
4403 4684
4404 4684
4405 4684
4406 4684
4407 4684
4408 4684
4409 4684
4410 4684
4411 4684
4412 4684
4413 4684
4414 4684
4415 4684
4416 4684
4417 4684
4418 4684
4419 4684
4420 4684
4421 4684
4422 4684
4423 4684
4424 4684
4425 4684
4426 4684
4427 4684
4428 4684
4429 4684
4430 4684
4431 4684
4432 4684
4433 4684
4434 4684
4435 4684
4436 4684
4437 4684
4438 4684
4439 4684
4440 4684
4441 4684
4442 4684
4443 4684
4444 4684
4445 4684
4446 4684
4447 4684
4448 4684
4449 4684
4450 4684
4451 4684
4452 4684
4453 4684
4454 4684
4455 4684
4456 4684
4457 4684
4458 4684
4459 4684
4460 4684
4461 4684
4462 4684
4463 4684
4464 4684
4465 4684
4466 4684
4467 4684
4468 4684
4469 4684
4470 4684
4471 4684
4472 4684
4473 4684
4474 4684
4475 4684
4476 4684
4477 4684
4478 4684
4479 4684
4480 4684
4481 4684
4482 4684
4483 4684
4484 4684
4485 4684
4486 4684
4487 4684
4488 4684
4489 4684
4490 4684
4491 4684
4492 4684
4493 4684
4494 4684
4495 4684
4496 4684
4497 4684
4498 4684
4499 4684
4500 4684
4501 4684
4502 4684
4503 4684
4504 4684
4505 4684
4506 4684
4507 4684
4508 4684
4509 4684
4510 4684
4511 4684
4512 4684
4513 4684
4514 4684
4515 4684
4516 4684
4517 4684
4518 4684
4519 4684
4520 4684
4521 4684
4522 4684
4523 4684
4524 4684
4525 4684
4526 4684
4527 4684
4528 4684
4529 4684
4530 4684
4531 4684
4532 4684
4533 4684
4534 4684
4535 4684
4536 4684
4537 4684
4538 4684
4539 4684
4540 4684
4541 4684
4542 4684
4543 4684
4544 4684
4545 4684
4546 4684
4547 4684
4548 4684
4549 4684
4550 4684
4551 4684
4552 4684
4553 4684
4554 4684
4555 4684
4556 4684
4557 4684
4558 4684
4559 4684
4560 4684
4561 4684
4562 4684
4563 4684
4564 4684
4565 4684
4566 4684
4567 4684
4568 4684
4569 4684
4570 4684
4571 4684
4572 4684
4573 4684
4574 4684
4575 4684
4576 4684
4577 4684
4578 4684
4579 4684
4580 4684
4581 4684
4582 4684
4583 4684
4584 4684
4585 4684
4586 4684
4587 4684
4588 4684
4589 4684
4590 4684
4591 4684
4592 4684
4593 4684
4594 4684
4595 4684
4596 4684
4597 4684
4598 4684
4599 4684
4600 4684
4601 4684
4602 4684
4603 4684
4604 4684
4605 4684
4606 4684
4607 4684
4608 4684
4609 4684
4610 4684
4611 4684
4612 4684
4613 4684
4614 4684
4615 4684
4616 4684
4617 4684
4618 4684
4619 4684
4620 4684
4621 4684
4622 4684
4623 4684
4624 4684
4625 4684
4626 4684
4627 4684
4628 4684
4629 4684
4630 4684
4631 4684
4632 4684
4633 4684
4634 4684
4635 4684
4636 4684
4637 4684
4638 4684
4639 4684
4640 4684
4641 4684
4642 4684
4643 4684
4644 4684
4645 4684
4646 4684
4647 4684
4648 4684
4649 4684
4650 4684
4651 4684
4652 4684
4653 4684
4654 4684
4655 4684
4656 4684
4657 4684
4658 4684
4659 4684
4660 4684
4661 4684
4662 4684
4663 4684
4664 4684
4665 4684
4666 4684
4667 4684
4668 4684
4669 4684
4670 4684
4671 4684
4672 4684
4673 4684
4674 4684
4675 4684
4676 4684
4677 4684
4678 4684
4679 4684
4680 4684
4681 4684
4682 4684
4683 4684
4684 4684
4685 4685
4686 4686
4687 4687
4688 4688
4689 4689
4690 4690
4691 4691
4692 4692
4693 4693
4694 4694
4695 4695
4696 4696
4697 4697
4698 4698
4699 4699
4700 4700
4701 4701
4702 4702
4703 4703
4704 4704
4705 4705
4706 4706
4707 4707
4708 4708
4709 4709
4710 4710
4711 4711
4712 4712
4713 4713
4714 4714
4715 4715
4716 4716
4717 4717
4718 4718
4719 4719
4720 4720
4721 4721
4722 4722
4723 4723
4724 4724
4725 4725
4726 4726
4727 4727
4728 4728
4729 4729
4730 4730
4731 4731
4732 4732
4733 4733
4734 4734
4735 4735
4736 4736
4737 4737
4738 4738
4739 4739
4740 4740
4741 4741
4742 4742
4743 4743
4744 4744
4745 4745
4746 4746
4747 4747
4748 4748
4749 4749
4750 4750
4751 4751
4752 4752
4753 4753
4754 4754
4755 4755
4756 4756
4757 4757
4758 4758
4759 4759
4760 4760
4761 4761
4762 4762
4763 4763
4764 4764
4765 4765
4766 4766
4767 4767
4768 4768
4769 4769
4770 4770
4771 4771
4772 4772
4773 4773
4774 4774
4775 4775
4776 4776
4777 4777
4778 4778
4779 4779
4780 4780
4781 4781
4782 4782
4783 4783
4784 4784
4785 4785
4786 4786
4787 4787
4788 4788
4789 4789
4790 4790
4791 4791
4792 4792
4793 4793
4794 4794
4795 4795
4796 4796
4797 4797
4798 4798
4799 4799
4800 4800
4801 4801
4802 4802
4803 4803
4804 4804
4805 4805
4806 4806
4807 4807
4808 4808
4809 4809
4810 4810
4811 4811
4812 4812
4813 4813
4814 4814
4815 4815
4816 4816
4817 4817
4818 4818
4819 4819
4820 4820
4821 4821
4822 4822
4823 4823
4824 4824
4825 4825
4826 4826
4827 4827
4828 4828
4829 4829
4830 4830
4831 4831
4832 4832
4833 4833
4834 4834
4835 4835
4836 4836
4837 4837
4838 4838
4839 4839
4840 4840
4841 4841
4842 4842
4843 4843
4844 4844
4845 4845
4846 4846
4847 4847
4848 4848
4849 4849
4850 4850
4851 4851
4852 4852
4853 4853
4854 4854
4855 4855
4856 4856
4857 4857
4858 4858
4859 4859
4860 4860
4861 4861
4862 4862
4863 4863
4864 4864
4865 4865
4866 4866
4867 4867
4868 4868
4869 4869
4870 4870
4871 4871
4872 4872
4873 4873
4874 4874
4875 4875
4876 4876
4877 4877
4878 4878
4879 4879
4880 4880
4881 4881
4882 4882
4883 4883
4884 4884
4885 4885
4886 4886
4887 4887
4888 4888
4889 4889
4890 4890
4891 4891
4892 4892
4893 4893
4894 4894
4895 4895
4896 4896
4897 4897
4898 4898
4899 4899
4900 4900
4901 4901
4902 4902
4903 4903
4904 4904
4905 4905
4906 4906
4907 4907
4908 4908
4909 4909
4910 4910
4911 4911
4912 4912
4913 4913
4914 4914
4915 4915
4916 4916
4917 4917
4918 4918
4919 4919
4920 4920
4921 4921
4922 4922
4923 4923
4924 4924
4925 4925
4926 4926
4927 4927
4928 4928
4929 4929
4930 4930
4931 4931
4932 4932
4933 4933
4934 4934
4935 4935
4936 4936
4937 4937
4938 4938
4939 4939
4940 4940
4941 4941
4942 4942
4943 4943
4944 4944
4945 4945
4946 4946
4947 4947
4948 4948
4949 4949
4950 4950
4951 4951
4952 4952
4953 4953
4954 4954
4955 4955
4956 4956
4957 4957
4958 4958
4959 4959
4960 4960
4961 4961
4962 4962
4963 4963
4964 4964
4965 4965
4966 4966
4967 4967
4968 4968
4969 4969
4970 4970
4971 4971
4972 4972
4973 4973
4974 4974
4975 4975
4976 4976
4977 4977
4978 4978
4979 4979
4980 4980
4981 4981
4982 4982
4983 4983
4984 4984
4985 4985
4986 4986
4987 4987
4988 4988
4989 4989
4990 4990
4991 4991
4992 4992
4993 4993
4994 4994
4995 4995
4996 4996
4997 4997
4998 4998
4999 4999
