0 0
1 0
2 0
3 0
4 0
5 0
6 0
7 0
8 0
9 0
10 0
11 0
12 0
13 0
14 0
15 0
16 0
17 0
18 0
19 0
20 0
21 0
22 0
23 0
24 0
25 0
26 0
27 0
28 0
29 0
30 0
31 0
32 0
33 0
34 0
35 0
36 0
37 0
38 0
39 1
76 38
77 39
78 40
115 77
116 78
117 79
117 80
117 81
117 82
117 83
117 84
117 85
117 86
117 87
117 88
145 116
145 117
155 127
155 128
155 129
155 130
155 131
155 132
155 133
155 134
155 135
155 136
155 137
155 138
155 139
155 140
155 141
155 142
155 143
155 144
155 145
155 146
155 147
155 148
155 149
155 150
155 151
155 152
155 153
155 154
156 155
156 156
156 157
156 158
156 159
156 160
156 161
156 162
156 163
156 164
156 165
156 166
156 167
156 168
156 169
156 170
156 171
156 172
156 173
156 174
156 175
175 194
175 195
175 196
175 197
175 198
175 199
175 200
175 201
175 202
175 203
175 204
175 205
175 206
175 207
175 208
175 209
175 210
175 211
175 212
175 213
176 214
192 233
193 234
270 311
271 312
311 352
311 353
311 354
311 355
311 356
311 357
311 358
311 359
311 360
312 361
340 389
341 390
389 438
389 439
389 440
389 441
389 442
389 443
389 444
389 445
389 446
389 447
389 448
389 449
389 450
389 451
389 452
389 453
389 454
389 455
389 456
389 457
389 458
390 459
398 467
399 468
408 477
409 478
417 486
418 487
419 488
422 491
423 492
424 493
425 494
426 495
427 496
428 497
429 498
429 499
429 500
429 501
429 502
429 503
429 504
429 505
429 506
429 507
432 545
432 546
467 581
467 582
467 583
468 584
469 585
488 604
488 605
506 623
507 624
508 625
525 642
526 643
527 644
545 662
546 663
546 664
546 665
546 666
546 667
546 668
546 669
546 670
546 671
546 672
546 673
546 674
546 675
546 676
546 677
546 678
546 679
546 680
546 681
546 682
546 683
546 684
546 685
546 686
546 687
546 688
546 689
546 690
546 691
546 692
546 693
546 694
546 695
546 696
546 697
546 698
546 699
546 700
546 701
546 702
546 703
546 704
546 705
546 706
546 707
546 708
546 709
546 710
546 711
546 712
546 713
546 714
546 715
546 716
546 717
546 718
546 719
546 720
546 721
546 722
546 723
546 724
546 725
546 726
546 727
546 728
546 729
546 730
546 731
546 732
546 733
546 734
546 735
546 736
546 737
546 738
546 739
546 740
546 741
546 742
546 743
546 744
546 745
546 746
546 747
546 748
546 749
546 750
546 751
546 752
546 753
546 754
546 755
546 756
546 757
546 758
546 759
546 760
546 761
546 762
546 763
546 764
546 765
546 766
546 767
559 780
559 781
624 846
624 847
624 848
624 849
624 850
624 851
624 852
624 853
624 854
624 855
624 856
624 857
624 858
624 859
624 860
624 861
624 862
624 863
624 864
624 865
624 866
624 867
624 868
624 869
624 870
624 871
624 872
624 873
624 874
624 875
624 876
624 877
624 878
624 879
624 880
624 881
624 882
624 883
624 884
624 885
624 886
624 887
624 888
624 889
624 890
624 891
624 892
624 893
624 894
624 895
624 896
624 897
624 898
624 899
624 900
624 901
624 902
624 903
624 904
624 905
624 906
624 907
624 908
624 909
624 910
624 911
624 912
624 913
624 914
624 915
624 916
624 917
624 918
624 919
624 920
624 921
624 922
624 923
624 924
624 925
624 926
624 927
624 928
624 929
624 930
624 931
624 932
624 933
624 934
624 935
625 936
625 937
625 938
936 1249
937 1250
1249 1562
1250 1563
2186 2499
2187 2500
2499 2812
2500 2812
2501 2812
2502 2812
2503 2812
2504 2812
2505 2812
2506 2812
2507 2812
2508 2812
2509 2812
2510 2812
2511 2812
2512 2812
2513 2812
2514 2812
2515 2812
2516 2812
2517 2812
2518 2812
2519 2812
2577 2870
2578 2870
2579 2870
2580 2870
2581 2870
2582 2870
2583 2870
2584 2870
2585 2870
2586 2870
2587 2870
2588 2870
2589 2870
2590 2870
2591 2870
2592 2870
2593 2870
2594 2870
2595 2870
2596 2870
2597 2870
2598 2870
2599 2870
2600 2870
2601 2870
2602 2870
2603 2870
2604 2870
2605 2870
2606 2870
2607 2870
2608 2870
2609 2870
2610 2870
2611 2870
2612 2870
2613 2870
2614 2870
2615 2870
2616 2870
2617 2870
2618 2870
2619 2870
2620 2870
2621 2870
2622 2870
2623 2870
2624 2870
2625 2870
2626 2870
2627 2870
2628 2870
2629 2870
2630 2870
2631 2870
2632 2870
2633 2870
2634 2870
2635 2870
2636 2870
2637 2870
2638 2870
2639 2870
2640 2870
2641 2870
2642 2870
2643 2870
2644 2870
2645 2870
2646 2870
2647 2870
2648 2870
2649 2870
2650 2870
2651 2870
2652 2870
2653 2870
2654 2870
2655 2870
2656 2871
2674 2889
2675 2889
2676 2889
2677 2889
2678 2889
2679 2889
2680 2889
2681 2889
2682 2889
2683 2889
2684 2889
2685 2889
2686 2889
2687 2889
2688 2889
2689 2889
2690 2889
2691 2889
2692 2889
2693 2889
2694 2889
2695 2889
2696 2889
2697 2889
2698 2889
2699 2889
2700 2889
2701 2889
2702 2889
2703 2889
2704 2889
2705 2889
2706 2889
2707 2889
2708 2889
2709 2889
2710 2889
2711 2889
2712 2889
2713 2889
2714 2889
2715 2889
2716 2889
2717 2889
2718 2889
2719 2889
2720 2889
2721 2889
2722 2889
2723 2889
2724 2889
2725 2889
2726 2889
2727 2889
2728 2889
2729 2889
2730 2889
2731 2889
2732 2889
2733 2889
2734 2890
2735 2890
2736 2890
2737 2890
2738 2890
2739 2890
2740 2890
2741 2890
2742 2890
2743 2890
2744 2890
2745 2890
2746 2890
2747 2890
2748 2890
2749 2890
2750 2890
2751 2890
2752 2890
2753 2890
2754 2890
2755 2890
2756 2890
2757 2890
2758 2890
2759 2890
2760 2890
2761 2890
2762 2890
2763 2890
2764 2890
2765 2890
2766 2890
2767 2890
2768 2890
2769 2890
2770 2890
2771 2890
2772 2890
2773 2890
2774 2890
2775 2890
2776 2890
2777 2890
2778 2890
2779 2890
2780 2890
2781 2890
2811 2920
2812 2920
3016 3124
3017 3124
3018 3124
3019 3124
3020 3124
3021 3124
3022 3124
3023 3124
3024 3124
3025 3124
3026 3124
3027 3124
3028 3124
3029 3124
3030 3124
3031 3124
3032 3124
3033 3124
3034 3124
3035 3124
3036 3124
3037 3124
3038 3124
3039 3124
3040 3124
3041 3124
3042 3124
3043 3124
3044 3124
3045 3124
3046 3124
3047 3124
3048 3124
3049 3124
3050 3124
3051 3124
3052 3124
3053 3124
3054 3124
3055 3124
3056 3124
3057 3124
3058 3124
3059 3124
3060 3124
3061 3124
3062 3124
3063 3124
3064 3124
3065 3124
3066 3124
3067 3124
3068 3124
3069 3124
3070 3124
3071 3124
3072 3124
3073 3124
3074 3124
3075 3124
3076 3124
3077 3124
3078 3124
3079 3124
3080 3124
3081 3124
3082 3124
3083 3124
3084 3124
3085 3124
3086 3124
3087 3124
3088 3124
3089 3124
3090 3124
3091 3124
3092 3124
3093 3124
3094 3124
3095 3124
3096 3124
3097 3124
3098 3124
3099 3124
3100 3124
3101 3124
3102 3124
3103 3124
3104 3124
3105 3124
3106 3124
3107 3124
3108 3124
3109 3124
3110 3124
3111 3124
3112 3124
3113 3124
3114 3124
3115 3124
3116 3124
3117 3124
3118 3124
3119 3124
3120 3124
3121 3124
3122 3124
3123 3124
3124 3124
3125 3125
3749 3749
3750 3750
4999 4999
