0 0
1 0
2 0
3 0
4 0
5 0
6 0
7 0
8 1
9 1
10 1
11 1
12 1
13 1
14 1
15 1
16 1
17 2
18 3
19 4
20 5
21 6
21 7
21 8
22 9
23 10
23 11
23 12
24 13
25 14
26 15
27 16
27 17
27 18
27 19
27 20
27 21
27 22
27 23
27 24
27 25
27 26
28 27
29 28
29 29
29 30
29 31
29 32
30 33
31 34
31 35
31 36
31 37
31 38
31 39
31 40
31 41
31 42
31 43
31 44
31 45
31 46
31 47
31 48
31 49
31 50
31 51
31 52
31 53
31 54
31 55
31 56
31 57
31 58
31 59
31 60
31 61
31 62
31 63
31 64
31 65
31 66
31 67
31 68
31 69
31 70
31 71
31 72
31 73
31 74
31 75
31 76
31 77
31 78
32 79
33 80
34 81
35 82
36 83
37 84
38 85
39 86
40 87
41 88
42 88
43 88
44 88
45 88
46 88
47 88
48 88
49 88
50 88
51 89
52 90
53 90
54 90
55 90
56 90
57 90
58 90
59 90
60 90
61 90
62 91
63 91
64 91
65 91
66 91
67 91
68 91
69 92
70 93
71 93
72 94
73 95
74 96
74 97
75 98
75 99
75 100
75 101
75 102
76 103
77 104
78 105
79 106
79 107
79 108
79 109
79 110
79 111
80 112
81 113
82 114
83 115
84 116
85 117
86 118
87 119
88 120
89 121
90 122
91 123
92 124
93 125
94 126
95 127
96 128
97 129
98 130
99 131
100 132
101 133
102 134
103 135
104 136
105 137
106 138
107 139
108 140
109 141
110 142
111 143
111 144
111 145
111 146
111 147
111 148
111 149
111 150
111 151
112 152
113 153
114 154
115 155
116 156
117 157
118 158
118 159
118 160
118 161
118 162
118 163
118 164
118 165
118 166
118 167
118 168
118 169
118 170
118 171
118 172
118 173
118 174
118 175
118 176
118 177
118 178
118 179
118 180
118 181
118 182
118 183
118 184
118 185
118 186
118 187
118 188
118 189
118 190
118 191
118 192
118 193
118 194
118 195
118 196
118 197
118 198
118 199
118 200
118 201
118 202
118 203
118 204
118 205
118 206
118 207
118 208
118 209
118 210
118 211
118 212
118 213
118 214
118 215
118 216
118 217
118 218
119 219
120 220
121 221
122 222
123 223
124 224
125 225
126 226
127 227
128 228
129 229
130 230
131 231
132 232
133 233
134 234
135 235
136 236
137 237
138 238
139 239
140 240
141 241
142 242
143 243
144 244
145 245
146 246
147 247
148 248
149 249
150 250
151 251
152 252
153 253
154 254
155 255
156 256
157 257
158 258
159 259
160 260
161 261
162 262
163 263
164 264
165 265
166 266
167 267
168 268
169 269
170 270
171 271
172 272
173 273
174 274
175 275
176 276
177 277
178 278
179 279
180 280
181 281
182 282
183 283
184 284
185 285
186 286
187 287
188 288
189 289
190 290
191 291
192 292
193 293
194 294
195 295
196 296
197 297
198 298
199 299
200 300
201 301
202 302
203 303
204 304
205 305
206 306
207 307
208 308
209 309
210 310
211 311
212 312
213 313
214 313
215 314
216 314
217 314
218 314
219 314
220 314
221 314
222 314
223 314
224 314
225 314
226 314
227 314
228 314
229 314
230 314
231 314
232 314
233 315
234 316
235 317
236 318
237 319
238 319
239 319
240 319
241 319
242 319
243 319
244 319
245 319
246 319
247 319
248 319
249 319
250 320
251 321
252 322
253 322
254 323
255 324
256 325
257 326
258 326
259 326
260 326
261 326
262 326
263 326
264 326
265 326
266 326
267 326
268 326
269 326
270 326
271 326
272 326
273 326
274 326
275 326
276 326
277 326
278 326
279 326
280 326
281 326
282 326
283 326
284 326
285 326
286 326
287 326
288 326
289 326
290 326
291 326
292 326
293 326
294 326
295 326
296 326
297 326
298 326
299 326
300 326
301 326
302 326
303 326
304 326
305 326
306 326
307 326
308 326
309 326
310 326
311 326
312 326
313 326
314 326
315 326
316 326
317 326
318 326
319 326
320 326
321 326
322 326
323 327
324 328
325 329
326 330
327 331
328 332
329 333
330 334
331 335
332 336
333 337
334 338
335 339
336 340
337 341
338 342
339 343
340 344
341 345
342 346
343 347
344 348
345 349
346 350
347 351
348 352
349 353
350 354
351 355
352 356
353 357
354 358
355 358
356 358
357 358
358 358
359 358
360 358
361 358
362 358
363 358
364 358
365 358
366 358
367 358
368 358
369 358
370 358
371 358
372 358
373 358
374 358
375 358
376 358
377 358
378 358
379 358
380 358
381 358
382 359
383 360
384 361
385 362
386 363
387 364
388 365
389 366
390 367
391 368
392 369
393 370
394 371
395 372
396 373
397 374
398 375
399 376
400 377
401 378
401 379
401 380
402 381
403 382
404 383
405 384
406 385
407 386
408 387
409 388
410 389
411 390
412 391
413 392
414 393
415 394
416 395
417 396
418 397
419 398
420 399
421 400
422 401
423 402
424 403
425 404
426 405
427 406
428 407
429 408
430 409
431 410
432 411
433 412
434 413
435 414
436 415
437 416
438 417
439 418
440 419
441 420
442 421
443 422
444 423
445 424
446 425
447 426
448 427
449 428
449 429
450 430
451 431
452 432
453 433
454 433
455 434
456 435
457 436
458 437
459 438
460 439
461 439
462 439
463 439
464 439
465 440
466 441
467 442
468 443
469 444
470 445
471 446
472 447
473 448
474 449
475 450
476 451
477 452
478 453
479 454
480 455
480 456
480 457
480 458
480 459
480 460
481 461
481 462
481 463
481 464
481 465
481 466
481 467
482 468
483 469
484 470
485 471
486 472
487 473
488 474
489 475
490 476
491 477
492 478
493 479
494 480
495 481
496 482
497 483
498 484
499 485
500 486
501 487
502 488
503 489
504 490
505 491
506 492
507 493
508 494
509 495
510 496
511 497
512 498
513 499
514 500
515 501
516 502
517 503
518 504
519 505
520 506
521 507
522 508
523 509
524 510
525 511
526 512
527 513
528 514
529 515
530 516
531 517
532 518
533 519
534 520
535 521
536 522
537 523
538 524
539 525
540 526
541 527
542 528
543 529
544 530
545 531
546 532
547 533
548 534
549 535
550 536
551 537
552 538
553 539
554 540
555 541
556 542
557 543
558 544
559 545
560 546
561 547
562 548
563 549
564 550
565 551
566 552
567 553
568 554
569 555
570 556
571 557
572 558
573 559
574 560
575 561
576 562
577 563
578 564
579 565
580 566
581 567
582 568
583 569
584 570
585 571
586 572
587 573
588 574
589 575
590 576
591 577
592 578
593 579
594 580
595 581
596 582
597 583
598 584
599 585
600 586
601 587
602 588
603 589
604 590
605 591
606 592
607 593
608 594
609 595
610 595
611 596
612 597
613 598
614 599
615 600
616 600
617 600
618 600
619 601
620 601
621 601
622 601
623 601
624 601
625 601
626 601
627 601
628 601
629 601
630 601
631 601
632 601
633 601
634 601
635 601
636 602
637 603
638 603
639 603
640 603
641 603
642 603
643 603
644 603
645 603
646 604
647 604
648 605
649 605
650 605
651 605
652 605
653 605
654 605
655 605
656 605
657 605
658 605
659 605
660 605
661 605
662 605
663 605
664 605
665 605
666 605
667 605
668 605
669 605
670 605
671 605
672 605
673 605
674 605
675 605
676 605
677 605
678 605
679 605
680 605
681 605
682 605
683 605
684 605
685 605
686 605
687 605
688 605
689 605
690 605
691 605
692 605
693 605
694 605
695 605
696 605
697 605
698 605
699 605
700 605
701 605
702 605
703 605
704 605
705 605
706 605
707 605
708 605
709 605
710 606
711 606
712 606
713 606
714 606
715 606
716 606
717 606
718 606
719 606
720 606
721 606
722 606
723 606
724 606
725 606
726 607
727 607
728 607
729 607
730 607
731 607
732 607
733 607
734 607
735 607
736 607
737 607
738 607
739 607
740 607
741 607
742 607
743 607
744 607
745 607
746 607
747 607
748 607
749 607
750 607
751 607
752 607
753 607
754 607
755 607
756 607
757 607
758 607
759 607
760 607
761 607
762 607
763 607
764 607
765 607
766 607
767 607
768 607
769 607
770 607
771 607
772 607
773 607
774 607
775 607
776 607
777 607
778 607
779 607
780 607
781 607
782 607
783 607
784 607
785 607
786 607
787 607
788 607
789 607
790 607
791 607
792 607
793 607
794 607
795 607
796 607
797 607
798 607
799 607
800 607
801 607
802 607
803 607
804 607
805 607
806 607
807 607
808 607
809 607
810 607
811 607
812 607
813 607
814 607
815 607
816 607
817 607
818 607
819 607
820 607
821 607
822 607
823 607
824 607
825 607
826 607
827 607
828 607
829 607
830 607
831 607
832 607
833 607
834 607
835 607
836 607
837 607
838 607
839 607
840 607
841 607
842 607
843 607
844 607
845 607
846 607
847 607
848 607
849 607
850 607
851 607
852 607
853 607
854 607
855 607
856 607
857 607
858 607
859 607
860 607
861 607
862 607
863 607
864 607
865 607
866 607
867 607
868 607
869 607
870 607
871 607
872 607
873 607
874 607
875 607
876 607
877 607
878 607
879 607
880 607
881 607
882 607
883 607
884 607
885 607
886 607
887 607
888 607
889 607
890 607
891 607
892 607
893 607
894 607
895 607
896 607
897 607
898 607
899 607
900 607
901 607
902 607
903 607
904 607
905 607
906 607
907 607
908 607
909 607
910 607
911 607
912 607
913 607
914 607
915 607
916 607
917 607
918 607
919 607
920 607
921 607
922 607
923 607
924 607
925 607
926 607
927 607
928 607
929 607
930 607
931 607
932 607
933 607
934 607
935 607
936 607
937 607
938 607
939 607
940 607
941 607
942 607
943 607
944 607
945 607
946 607
947 607
948 607
949 607
950 607
951 607
952 607
953 607
954 607
955 607
956 607
957 607
958 607
959 607
960 607
961 607
962 607
963 607
964 607
965 607
966 607
967 607
968 607
969 607
970 607
971 607
972 607
973 607
974 607
975 607
976 607
977 607
978 607
979 607
980 607
981 607
982 607
983 607
984 607
985 607
986 607
987 607
988 607
989 607
990 607
991 607
992 607
993 607
994 607
995 607
996 607
997 607
998 607
999 607
1000 607
1001 607
1002 607
1003 607
1004 607
1005 607
1006 607
1007 607
1008 607
1009 607
1010 607
1011 607
1012 607
1013 607
1014 607
1015 607
1016 607
1017 607
1018 607
1019 607
1020 607
1021 607
1022 607
1023 607
1024 607
1025 607
1026 607
1027 607
1028 607
1029 607
1030 607
1031 607
1032 607
1033 608
1034 608
1035 608
1036 608
1037 609
1038 609
1039 609
1040 609
1041 609
1042 609
1043 609
1044 609
1045 609
1046 609
1047 609
1048 609
1049 609
1050 609
1051 609
1052 609
1053 609
1054 609
1055 609
1056 609
1057 609
1058 609
1059 609
1060 609
1061 609
1062 609
1063 609
1064 609
1065 609
1066 609
1067 609
1068 609
1069 609
1070 609
1071 609
1072 609
1073 609
1074 609
1075 609
1076 609
1077 609
1078 609
1079 609
1080 609
1081 609
1082 609
1083 609
1084 609
1085 609
1086 609
1087 609
1088 609
1089 609
1090 609
1091 609
1092 609
1093 609
1094 609
1095 609
1096 609
1097 609
1098 610
1099 611
1100 612
1101 613
1102 614
1103 615
1104 616
1105 617
1106 618
1107 619
1108 620
1109 621
1110 622
1111 623
1112 624
1113 625
1114 626
1115 627
1116 628
1117 629
1118 630
1119 631
1120 632
1121 633
1122 634
1123 635
1124 636
1125 637
1126 638
1127 639
1128 640
1129 641
1130 642
1131 643
1132 644
1133 645
1134 646
1135 647
1136 648
1137 649
1138 650
1139 651
1140 652
1141 653
1142 654
1143 655
1144 656
1145 657
1146 658
1147 659
1148 660
1149 661
1150 662
1151 663
1152 664
1153 665
1154 666
1155 667
1156 668
1157 669
1158 670
1159 671
1160 672
1160 673
1160 674
1160 675
1160 676
1160 677
1160 678
1160 679
1160 680
1160 681
1160 682
1160 683
1160 684
1160 685
1160 686
1160 687
1160 688
1160 689
1160 690
1160 691
1160 692
1160 693
1160 694
1160 695
1160 696
1160 697
1160 698
1160 699
1160 700
1160 701
1160 702
1160 703
1160 704
1160 705
1160 706
1160 707
1160 708
1160 709
1160 710
1160 711
1160 712
1160 713
1160 714
1160 715
1160 716
1160 717
1160 718
1160 719
1160 720
1160 721
1160 722
1160 723
1160 724
1160 725
1160 726
1160 727
1160 728
1160 729
1160 730
1160 731
1160 732
1160 733
1160 734
1160 735
1160 736
1160 737
1160 738
1160 739
1160 740
1160 741
1160 742
1160 743
1160 744
1160 745
1160 746
1160 747
1160 748
1160 749
1160 750
1160 751
1160 752
1160 753
1160 754
1160 755
1160 756
1160 757
1160 758
1160 759
1160 760
1160 761
1160 762
1160 763
1160 764
1160 765
1160 766
1160 767
1160 768
1160 769
1160 770
1160 771
1160 772
1160 773
1160 774
1160 775
1160 776
1160 777
1160 778
1160 779
1160 780
1160 781
1160 782
1160 783
1160 784
1160 785
1160 786
1160 787
1160 788
1160 789
1160 790
1160 791
1160 792
1160 793
1160 794
1160 795
1160 796
1160 797
1160 798
1160 799
1160 800
1160 801
1160 802
1160 803
1160 804
1160 805
1160 806
1160 807
1160 808
1160 809
1160 810
1160 811
1160 812
1160 813
1160 814
1160 815
1160 816
1160 817
1160 818
1160 819
1160 820
1160 821
1160 822
1160 823
1161 824
1161 825
1162 826
1163 827
1164 828
1165 829
1166 830
1166 831
1166 832
1166 833
1166 834
1166 835
1166 836
1166 837
1166 838
1166 839
1166 840
1166 841
1166 842
1166 843
1166 844
1166 845
1166 846
1166 847
1166 848
1166 849
1166 850
1166 851
1166 852
1166 853
1166 854
1166 855
1166 856
1166 857
1166 858
1166 859
1166 860
1166 861
1166 862
1166 863
1166 864
1166 865
1166 866
1166 867
1166 868
1166 869
1166 870
1166 871
1166 872
1166 873
1166 874
1166 875
1166 876
1166 877
1166 878
1166 879
1166 880
1166 881
1166 882
1166 883
1166 884
1166 885
1166 886
1166 887
1166 888
1166 889
1166 890
1166 891
1166 892
1166 893
1166 894
1166 895
1166 896
1166 897
1166 898
1166 899
1166 900
1166 901
1166 902
1166 903
1166 904
1166 905
1166 906
1166 907
1166 908
1166 909
1166 910
1166 911
1166 912
1166 913
1166 914
1166 915
1166 916
1166 917
1166 918
1166 919
1166 920
1166 921
1166 922
1166 923
1166 924
1166 925
1166 926
1166 927
1166 928
1166 929
1166 930
1166 931
1166 932
1166 933
1166 934
1166 935
1166 936
1166 937
1166 938
1166 939
1166 940
1166 941
1166 942
1166 943
1166 944
1166 945
1166 946
1166 947
1166 948
1166 949
1166 950
1166 951
1166 952
1166 953
1166 954
1166 955
1166 956
1166 957
1166 958
1166 959
1166 960
1166 961
1166 962
1166 963
1166 964
1166 965
1166 966
1166 967
1166 968
1166 969
1166 970
1166 971
1166 972
1166 973
1166 974
1166 975
1166 976
1166 977
1166 978
1166 979
1166 980
1166 981
1166 982
1166 983
1166 984
1166 985
1166 986
1166 987
1166 988
1166 989
1166 990
1166 991
1166 992
1166 993
1166 994
1166 995
1166 996
1166 997
1166 998
1166 999
1166 1000
1166 1001
1166 1002
1166 1003
1166 1004
1166 1005
1166 1006
1166 1007
1166 1008
1166 1009
1166 1010
1166 1011
1166 1012
1166 1013
1166 1014
1166 1015
1166 1016
1166 1017
1166 1018
1166 1019
1166 1020
1166 1021
1166 1022
1166 1023
1166 1024
1166 1025
1166 1026
1166 1027
1166 1028
1166 1029
1166 1030
1166 1031
1166 1032
1166 1033
1166 1034
1166 1035
1166 1036
1166 1037
1166 1038
1166 1039
1166 1040
1166 1041
1166 1042
1166 1043
1166 1044
1166 1045
1166 1046
1166 1047
1166 1048
1166 1049
1166 1050
1166 1051
1166 1052
1166 1053
1166 1054
1166 1055
1166 1056
1166 1057
1166 1058
1166 1059
1166 1060
1166 1061
1166 1062
1166 1063
1166 1064
1166 1065
1166 1066
1166 1067
1166 1068
1166 1069
1166 1070
1166 1071
1166 1072
1166 1073
1166 1074
1166 1075
1166 1076
1166 1077
1166 1078
1166 1079
1166 1080
1166 1081
1166 1082
1166 1083
1166 1084
1166 1085
1166 1086
1166 1087
1166 1088
1166 1089
1166 1090
1166 1091
1166 1092
1166 1093
1166 1094
1166 1095
1166 1096
1166 1097
1166 1098
1166 1099
1166 1100
1166 1101
1166 1102
1166 1103
1166 1104
1166 1105
1166 1106
1166 1107
1166 1108
1166 1109
1166 1110
1167 1111
1167 1112
1167 1113
1167 1114
1167 1115
1168 1116
1169 1117
1169 1118
1169 1119
1169 1120
1169 1121
1169 1122
1170 1123
1170 1124
1171 1125
1172 1126
1173 1127
1173 1128
1174 1129
1174 1130
1174 1131
1175 1132
1175 1133
1175 1134
1175 1135
1175 1136
1176 1137
1176 1138
1176 1139
1176 1140
1176 1141
1176 1142
1176 1143
1176 1144
1176 1145
1176 1146
1176 1147
1176 1148
1176 1149
1176 1150
1176 1151
1176 1152
1176 1153
1176 1154
1176 1155
1176 1156
1176 1157
1176 1158
1176 1159
1176 1160
1176 1161
1176 1162
1176 1163
1176 1164
1176 1165
1176 1166
1176 1167
1176 1168
1176 1169
1176 1170
1176 1171
1176 1172
1176 1173
1176 1174
1176 1175
1176 1176
1176 1177
1176 1178
1176 1179
1176 1180
1176 1181
1176 1182
1176 1183
1176 1184
1176 1185
1176 1186
1176 1187
1176 1188
1176 1189
1176 1190
1176 1191
1176 1192
1176 1193
1176 1194
1176 1195
1176 1196
1176 1197
1176 1198
1176 1199
1176 1200
1176 1201
1176 1202
1176 1203
1176 1204
1176 1205
1176 1206
1176 1207
1176 1208
1176 1209
1176 1210
1176 1211
1176 1212
1176 1213
1176 1214
1176 1215
1176 1216
1176 1217
1176 1218
1176 1219
1176 1220
1176 1221
1176 1222
1176 1223
1176 1224
1176 1225
1176 1226
1176 1227
1176 1228
1176 1229
1176 1230
1176 1231
1176 1232
1176 1233
1176 1234
1176 1235
1176 1236
1176 1237
1176 1238
1176 1239
1176 1240
1176 1241
1176 1242
1176 1243
1176 1244
1176 1245
1176 1246
1176 1247
1176 1248
1176 1249
1176 1250
1176 1251
1176 1252
1176 1253
1176 1254
1176 1255
1176 1256
1176 1257
1176 1258
1176 1259
1176 1260
1176 1261
1176 1262
1176 1263
1176 1264
1176 1265
1176 1266
1176 1267
1176 1268
1176 1269
1176 1270
1176 1271
1176 1272
1176 1273
1176 1274
1177 1275
1178 1276
1179 1277
1180 1278
1181 1279
1182 1280
1183 1281
1183 1282
1183 1283
1183 1284
1183 1285
1183 1286
1183 1287
1183 1288
1183 1289
1183 1290
1183 1291
1183 1292
1183 1293
1183 1294
1183 1295
1183 1296
1183 1297
1183 1298
1184 1299
1185 1300
1185 1301
1185 1302
1185 1303
1185 1304
1185 1305
1185 1306
1185 1307
1185 1308
1185 1309
1185 1310
1185 1311
1185 1312
1185 1313
1185 1314
1185 1315
1185 1316
1185 1317
1185 1318
1185 1319
1185 1320
1185 1321
1185 1322
1185 1323
1185 1324
1185 1325
1185 1326
1185 1327
1185 1328
1185 1329
1185 1330
1185 1331
1185 1332
1185 1333
1185 1334
1185 1335
1185 1336
1185 1337
1185 1338
1185 1339
1185 1340
1185 1341
1185 1342
1185 1343
1185 1344
1185 1345
1185 1346
1185 1347
1185 1348
1185 1349
1185 1350
1185 1351
1185 1352
1185 1353
1185 1354
1185 1355
1185 1356
1185 1357
1185 1358
1185 1359
1185 1360
1185 1361
1185 1362
1185 1363
1185 1364
1185 1365
1185 1366
1185 1367
1185 1368
1185 1369
1185 1370
1185 1371
1185 1372
1185 1373
1185 1374
1185 1375
1185 1376
1185 1377
1185 1378
1185 1379
1185 1380
1185 1381
1185 1382
1185 1383
1185 1384
1185 1385
1185 1386
1185 1387
1185 1388
1185 1389
1185 1390
1185 1391
1185 1392
1185 1393
1185 1394
1185 1395
1185 1396
1185 1397
1185 1398
1185 1399
1185 1400
1185 1401
1185 1402
1185 1403
1185 1404
1185 1405
1185 1406
1185 1407
1185 1408
1185 1409
1185 1410
1185 1411
1185 1412
1185 1413
1185 1414
1185 1415
1185 1416
1185 1417
1185 1418
1185 1419
1185 1420
1185 1421
1185 1422
1185 1423
1185 1424
1185 1425
1185 1426
1185 1427
1185 1428
1185 1429
1185 1430
1185 1431
1185 1432
1185 1433
1185 1434
1185 1435
1185 1436
1185 1437
1185 1438
1185 1439
1185 1440
1185 1441
1185 1442
1185 1443
1185 1444
1185 1445
1185 1446
1185 1447
1185 1448
1185 1449
1185 1450
1185 1451
1185 1452
1185 1453
1185 1454
1185 1455
1185 1456
1185 1457
1185 1458
1185 1459
1185 1460
1185 1461
1185 1462
1185 1463
1185 1464
1185 1465
1185 1466
1185 1467
1185 1468
1185 1469
1185 1470
1185 1471
1185 1472
1185 1473
1185 1474
1185 1475
1185 1476
1185 1477
1185 1478
1185 1479
1185 1480
1185 1481
1185 1482
1185 1483
1185 1484
1185 1485
1185 1486
1185 1487
1185 1488
1185 1489
1185 1490
1185 1491
1185 1492
1185 1493
1185 1494
1185 1495
1185 1496
1185 1497
1185 1498
1185 1499
1185 1500
1185 1501
1185 1502
1185 1503
1185 1504
1185 1505
1185 1506
1185 1507
1185 1508
1185 1509
1185 1510
1185 1511
1185 1512
1185 1513
1185 1514
1185 1515
1185 1516
1185 1517
1185 1518
1185 1519
1185 1520
1185 1521
1185 1522
1185 1523
1185 1524
1185 1525
1185 1526
1185 1527
1185 1528
1185 1529
1185 1530
1185 1531
1185 1532
1185 1533
1185 1534
1185 1535
1185 1536
1185 1537
1185 1538
1185 1539
1185 1540
1185 1541
1185 1542
1185 1543
1185 1544
1185 1545
1185 1546
1185 1547
1185 1548
1185 1549
1185 1550
1185 1551
1185 1552
1185 1553
1185 1554
1185 1555
1185 1556
1185 1557
1185 1558
1185 1559
1185 1560
1185 1561
1185 1562
1185 1563
1185 1564
1185 1565
1185 1566
1185 1567
1185 1568
1185 1569
1185 1570
1185 1571
1185 1572
1185 1573
1185 1574
1185 1575
1185 1576
1185 1577
1185 1578
1185 1579
1185 1580
1185 1581
1185 1582
1185 1583
1185 1584
1185 1585
1185 1586
1185 1587
1185 1588
1185 1589
1185 1590
1185 1591
1185 1592
1185 1593
1185 1594
1185 1595
1185 1596
1185 1597
1185 1598
1185 1599
1185 1600
1185 1601
1185 1602
1185 1603
1185 1604
1185 1605
1185 1606
1185 1607
1185 1608
1185 1609
1185 1610
1185 1611
1185 1612
1185 1613
1185 1614
1185 1615
1185 1616
1185 1617
1185 1618
1185 1619
1185 1620
1185 1621
1185 1622
1185 1623
1185 1624
1185 1625
1185 1626
1185 1627
1185 1628
1185 1629
1185 1630
1185 1631
1185 1632
1185 1633
1185 1634
1185 1635
1185 1636
1185 1637
1185 1638
1185 1639
1185 1640
1185 1641
1185 1642
1185 1643
1185 1644
1185 1645
1185 1646
1185 1647
1185 1648
1185 1649
1185 1650
1185 1651
1185 1652
1185 1653
1185 1654
1185 1655
1185 1656
1185 1657
1185 1658
1185 1659
1185 1660
1185 1661
1185 1662
1185 1663
1185 1664
1185 1665
1185 1666
1185 1667
1185 1668
1185 1669
1185 1670
1185 1671
1185 1672
1185 1673
1185 1674
1185 1675
1185 1676
1185 1677
1185 1678
1185 1679
1185 1680
1185 1681
1185 1682
1185 1683
1185 1684
1185 1685
1185 1686
1185 1687
1185 1688
1185 1689
1185 1690
1185 1691
1185 1692
1185 1693
1185 1694
1185 1695
1185 1696
1185 1697
1185 1698
1185 1699
1185 1700
1185 1701
1185 1702
1185 1703
1185 1704
1185 1705
1185 1706
1185 1707
1185 1708
1185 1709
1185 1710
1185 1711
1185 1712
1185 1713
1185 1714
1185 1715
1185 1716
1185 1717
1185 1718
1185 1719
1185 1720
1185 1721
1185 1722
1185 1723
1185 1724
1185 1725
1185 1726
1185 1727
1185 1728
1185 1729
1185 1730
1185 1731
1185 1732
1185 1733
1185 1734
1185 1735
1185 1736
1185 1737
1185 1738
1185 1739
1185 1740
1185 1741
1185 1742
1185 1743
1185 1744
1185 1745
1185 1746
1185 1747
1185 1748
1185 1749
1185 1750
1186 1751
1187 1752
1188 1753
1189 1754
1190 1755
1191 1756
1192 1757
1193 1758
1194 1759
1195 1760
1195 1761
1195 1762
1196 1763
1196 1764
1196 1765
1196 1766
1196 1767
1196 1768
1196 1769
1196 1770
1196 1771
1197 1772
1198 1773
1198 1774
1198 1775
1198 1776
1198 1777
1198 1778
1198 1779
1198 1780
1198 1781
1198 1782
1198 1783
1198 1784
1198 1785
1198 1786
1198 1787
1198 1788
1198 1789
1198 1790
1198 1791
1198 1792
1198 1793
1198 1794
1198 1795
1198 1796
1198 1797
1198 1798
1198 1799
1198 1800
1198 1801
1198 1802
1198 1803
1198 1804
1198 1805
1198 1806
1198 1807
1198 1808
1198 1809
1198 1810
1198 1811
1198 1812
1198 1813
1198 1814
1198 1815
1198 1816
1198 1817
1198 1818
1198 1819
1198 1820
1198 1821
1198 1822
1198 1823
1198 1824
1198 1825
1198 1826
1198 1827
1198 1828
1198 1829
1198 1830
1198 1831
1198 1832
1198 1833
1198 1834
1198 1835
1198 1836
1198 1837
1198 1838
1198 1839
1198 1840
1198 1841
1198 1842
1198 1843
1198 1844
1198 1845
1198 1846
1198 1847
1198 1848
1198 1849
1198 1850
1198 1851
1198 1852
1198 1853
1198 1854
1198 1855
1198 1856
1198 1857
1198 1858
1198 1859
1198 1860
1198 1861
1198 1862
1198 1863
1198 1864
1198 1865
1198 1866
1198 1867
1198 1868
1198 1869
1198 1870
1198 1871
1198 1872
1198 1873
1198 1874
1198 1875
1198 1876
1198 1877
1198 1878
1198 1879
1198 1880
1198 1881
1198 1882
1198 1883
1198 1884
1198 1885
1198 1886
1198 1887
1198 1888
1198 1889
1198 1890
1198 1891
1198 1892
1198 1893
1198 1894
1198 1895
1198 1896
1198 1897
1198 1898
1198 1899
1198 1900
1198 1901
1198 1902
1198 1903
1198 1904
1198 1905
1198 1906
1198 1907
1198 1908
1198 1909
1198 1910
1198 1911
1198 1912
1198 1913
1198 1914
1198 1915
1198 1916
1198 1917
1198 1918
1198 1919
1198 1920
1198 1921
1198 1922
1198 1923
1198 1924
1198 1925
1198 1926
1198 1927
1198 1928
1198 1929
1198 1930
1198 1931
1198 1932
1198 1933
1198 1934
1198 1935
1198 1936
1198 1937
1198 1938
1198 1939
1198 1940
1198 1941
1198 1942
1198 1943
1198 1944
1198 1945
1198 1946
1198 1947
1198 1948
1198 1949
1198 1950
1198 1951
1198 1952
1198 1953
1198 1954
1198 1955
1198 1956
1198 1957
1198 1958
1198 1959
1198 1960
1198 1961
1198 1962
1198 1963
1198 1964
1198 1965
1198 1966
1198 1967
1198 1968
1198 1969
1198 1970
1198 1971
1198 1972
1198 1973
1198 1974
1198 1975
1198 1976
1198 1977
1198 1978
1198 1979
1198 1980
1198 1981
1198 1982
1198 1983
1198 1984
1198 1985
1198 1986
1198 1987
1198 1988
1198 1989
1198 1990
1198 1991
1198 1992
1198 1993
1198 1994
1198 1995
1198 1996
1198 1997
1198 1998
1198 1999
1198 2000
1198 2001
1198 2002
1198 2003
1198 2004
1198 2005
1198 2006
1198 2007
1198 2008
1198 2009
1198 2010
1198 2011
1198 2012
1198 2013
1198 2014
1198 2015
1198 2016
1198 2017
1198 2018
1198 2019
1198 2020
1198 2021
1198 2022
1198 2023
1198 2024
1198 2025
1198 2026
1198 2027
1198 2028
1198 2029
1198 2030
1198 2031
1198 2032
1198 2033
1198 2034
1198 2035
1198 2036
1198 2037
1198 2038
1198 2039
1198 2040
1198 2041
1198 2042
1198 2043
1198 2044
1198 2045
1198 2046
1198 2047
1198 2048
1198 2049
1198 2050
1198 2051
1198 2052
1198 2053
1198 2054
1198 2055
1198 2056
1198 2057
1198 2058
1198 2059
1198 2060
1198 2061
1198 2062
1198 2063
1198 2064
1198 2065
1198 2066
1198 2067
1198 2068
1198 2069
1198 2070
1198 2071
1198 2072
1198 2073
1198 2074
1198 2075
1198 2076
1198 2077
1198 2078
1198 2079
1198 2080
1198 2081
1198 2082
1198 2083
1198 2084
1198 2085
1198 2086
1198 2087
1198 2088
1198 2089
1198 2090
1198 2091
1198 2092
1198 2093
1198 2094
1198 2095
1198 2096
1198 2097
1198 2098
1198 2099
1198 2100
1198 2101
1198 2102
1198 2103
1198 2104
1198 2105
1198 2106
1198 2107
1198 2108
1198 2109
1198 2110
1198 2111
1198 2112
1198 2113
1198 2114
1198 2115
1198 2116
1198 2117
1198 2118
1198 2119
1198 2120
1198 2121
1198 2122
1198 2123
1198 2124
1198 2125
1198 2126
1198 2127
1198 2128
1198 2129
1198 2130
1198 2131
1198 2132
1198 2133
1198 2134
1198 2135
1198 2136
1198 2137
1198 2138
1198 2139
1198 2140
1198 2141
1198 2142
1198 2143
1198 2144
1198 2145
1198 2146
1198 2147
1198 2148
1198 2149
1198 2150
1198 2151
1198 2152
1198 2153
1198 2154
1198 2155
1198 2156
1198 2157
1198 2158
1198 2159
1198 2160
1198 2161
1198 2162
1198 2163
1198 2164
1198 2165
1198 2166
1198 2167
1198 2168
1198 2169
1198 2170
1198 2171
1198 2172
1198 2173
1198 2174
1198 2175
1198 2176
1198 2177
1198 2178
1198 2179
1198 2180
1198 2181
1198 2182
1198 2183
1198 2184
1198 2185
1199 2186
1200 2187
1201 2188
1202 2189
1203 2190
1204 2191
1205 2192
1206 2193
1207 2194
1208 2195
1209 2196
1210 2197
1211 2198
1212 2199
1213 2200
1214 2201
1215 2202
1216 2203
1217 2204
1218 2205
1219 2206
1220 2207
1221 2208
1222 2209
1223 2210
1224 2211
1225 2212
1226 2213
1227 2214
1228 2215
1229 2216
1230 2217
1231 2218
1232 2219
1233 2220
1234 2221
1235 2222
1236 2223
1237 2224
1238 2225
1239 2226
1240 2227
1241 2228
1242 2229
1243 2230
1244 2231
1245 2232
1246 2233
1247 2234
1248 2235
1249 2236
1250 2237
1251 2238
1252 2239
1253 2240
1254 2241
1255 2242
1256 2243
1257 2244
1258 2245
1259 2246
1260 2247
1261 2248
1262 2249
1263 2250
1264 2251
1265 2252
1266 2253
1267 2254
1268 2255
1269 2256
1270 2257
1271 2258
1272 2259
1273 2260
1274 2261
1275 2262
1276 2263
1277 2264
1278 2265
1279 2266
1280 2267
1281 2268
1282 2269
1283 2270
1284 2271
1285 2272
1286 2273
1287 2274
1288 2275
1289 2276
1290 2277
1291 2278
1292 2279
1293 2280
1294 2281
1295 2282
1296 2283
1297 2284
1298 2285
1299 2286
1300 2287
1301 2288
1302 2289
1303 2290
1304 2291
1305 2292
1306 2293
1307 2294
1308 2295
1309 2296
1310 2297
1311 2298
1312 2299
1313 2300
1314 2301
1315 2302
1316 2303
1317 2304
1318 2305
1319 2306
1320 2307
1321 2308
1322 2309
1323 2310
1324 2311
1325 2312
1326 2313
1327 2314
1328 2315
1329 2316
1330 2317
1331 2318
1332 2319
1333 2320
1334 2321
1335 2322
1336 2323
1337 2324
1338 2325
1339 2326
1340 2327
1341 2328
1342 2329
1343 2330
1344 2331
1345 2332
1346 2333
1347 2334
1348 2335
1349 2336
1350 2337
1351 2338
1352 2339
1353 2340
1354 2341
1355 2342
1356 2343
1357 2344
1358 2345
1359 2346
1360 2347
1361 2348
1362 2349
1363 2350
1364 2351
1365 2352
1366 2353
1367 2354
1368 2355
1369 2356
1370 2357
1371 2358
1372 2359
1373 2360
1374 2361
1375 2362
1376 2363
1377 2364
1378 2365
1379 2366
1380 2367
1381 2368
1382 2369
1383 2370
1384 2371
1385 2372
1386 2373
1387 2374
1388 2375
1389 2376
1390 2377
1391 2378
1392 2379
1393 2380
1394 2381
1395 2382
1396 2383
1397 2384
1398 2385
1399 2386
1400 2387
1401 2388
1402 2389
1403 2390
1404 2391
1405 2392
1406 2393
1407 2394
1408 2395
1409 2396
1410 2397
1411 2398
1412 2399
1413 2400
1414 2401
1415 2402
1416 2403
1417 2404
1418 2405
1419 2406
1420 2407
1421 2408
1422 2409
1423 2410
1424 2411
1425 2412
1426 2413
1427 2414
1428 2415
1429 2416
1430 2417
1431 2418
1432 2419
1433 2420
1434 2421
1435 2422
1436 2423
1437 2424
1438 2425
1439 2426
1440 2427
1441 2428
1442 2429
1443 2430
1444 2431
1445 2432
1446 2433
1447 2434
1448 2435
1449 2436
1450 2437
1451 2438
1452 2439
1453 2440
1454 2441
1455 2442
1456 2443
1457 2444
1458 2445
1459 2446
1460 2447
1461 2448
1462 2449
1463 2450
1464 2451
1465 2452
1466 2453
1467 2454
1468 2455
1469 2456
1470 2457
1471 2458
1472 2459
1473 2460
1474 2461
1475 2462
1476 2463
1477 2464
1478 2465
1479 2466
1480 2467
1481 2468
1482 2469
1483 2470
1484 2471
1485 2472
1486 2473
1487 2474
1488 2475
1489 2476
1490 2477
1491 2478
1492 2479
1493 2480
1494 2481
1495 2482
1496 2483
1497 2484
1498 2485
1499 2486
1500 2487
1501 2488
1502 2489
1503 2490
1504 2491
1505 2492
1506 2493
1507 2494
1508 2495
1509 2496
1510 2497
1511 2498
1512 2499
1513 2500
1514 2501
1515 2502
1516 2503
1517 2504
1518 2505
1519 2506
1520 2507
1521 2508
1522 2509
1523 2510
1524 2511
1525 2512
1526 2513
1527 2514
1528 2515
1529 2516
1530 2517
1531 2518
1532 2519
1533 2520
1534 2521
1535 2522
1536 2523
1537 2524
1538 2525
1539 2526
1540 2527
1541 2528
1542 2529
1543 2530
1544 2531
1545 2532
1546 2533
1547 2534
1548 2535
1549 2536
1550 2537
1551 2538
1552 2539
1553 2540
1554 2541
1555 2542
1556 2543
1557 2544
1558 2545
1559 2546
1560 2547
1561 2548
1562 2549
1563 2550
1564 2551
1565 2552
1566 2553
1567 2554
1568 2555
1569 2556
1570 2557
1571 2558
1572 2559
1573 2560
1574 2561
1575 2562
1576 2563
1577 2564
1578 2565
1579 2566
1580 2567
1581 2568
1582 2569
1583 2570
1584 2571
1585 2572
1586 2573
1587 2574
1588 2575
1589 2576
1590 2577
1591 2578
1592 2579
1593 2580
1594 2581
1595 2582
1596 2583
1597 2584
1598 2585
1599 2586
1600 2587
1601 2588
1602 2589
1603 2590
1604 2591
1605 2592
1606 2593
1607 2594
1608 2595
1609 2596
1610 2597
1611 2598
1612 2599
1613 2600
1614 2601
1615 2602
1616 2603
1617 2604
1618 2605
1619 2606
1620 2607
1621 2608
1622 2609
1623 2610
1624 2611
1625 2612
1626 2613
1627 2614
1628 2615
1629 2616
1630 2617
1631 2618
1632 2619
1633 2620
1634 2621
1635 2622
1636 2623
1637 2624
1638 2625
1639 2626
1640 2627
1641 2628
1642 2629
1643 2630
1644 2631
1645 2632
1646 2633
1647 2634
1648 2635
1649 2636
1650 2637
1651 2638
1652 2639
1653 2640
1654 2641
1655 2642
1656 2643
1657 2644
1658 2645
1658 2646
1659 2647
1660 2648
1661 2649
1662 2650
1663 2651
1663 2652
1663 2653
1663 2654
1664 2655
1665 2656
1666 2657
1667 2658
1668 2659
1669 2659
1670 2660
1671 2660
1672 2660
1673 2661
1674 2662
1675 2663
1676 2664
1677 2665
1678 2666
1679 2667
1680 2668
1681 2669
1682 2670
1683 2671
1684 2672
1685 2673
1686 2674
1687 2674
1688 2674
1689 2675
1690 2676
1691 2676
1692 2677
1693 2677
1694 2677
1695 2677
1696 2677
1697 2677
1698 2677
1699 2678
1700 2678
1701 2678
1702 2678
1703 2678
1704 2679
1705 2680
1706 2681
1707 2682
1708 2683
1709 2684
1710 2685
1711 2686
1712 2687
1713 2688
1714 2689
1714 2690
1715 2691
1716 2692
1716 2693
1716 2694
1716 2695
1716 2696
1716 2697
1716 2698
1717 2699
1718 2700
1719 2701
1720 2702
1721 2703
1722 2704
1723 2705
1724 2706
1725 2707
1726 2708
1727 2709
1728 2709
1729 2709
1730 2709
1731 2709
1732 2709
1733 2709
1734 2709
1735 2709
1736 2709
1737 2709
1738 2709
1739 2710
1740 2711
1741 2711
1742 2711
1743 2712
1744 2713
1745 2714
1746 2714
1747 2714
1748 2714
1749 2714
1750 2714
1751 2714
1752 2714
1753 2714
1754 2714
1755 2714
1756 2714
1757 2714
1758 2714
1759 2714
1760 2714
1761 2714
1762 2714
1763 2714
1764 2714
1765 2714
1766 2714
1767 2714
1768 2714
1769 2714
1770 2714
1771 2714
1772 2714
1773 2714
1774 2714
1775 2714
1776 2714
1777 2715
1778 2716
1779 2716
1780 2716
1781 2716
1782 2716
1783 2716
1784 2716
1785 2716
1786 2716
1787 2716
1788 2716
1789 2716
1790 2716
1791 2716
1792 2716
1793 2716
1794 2716
1795 2716
1796 2716
1797 2716
1798 2716
1799 2716
1800 2716
1801 2716
1802 2716
1803 2716
1804 2716
1805 2716
1806 2716
1807 2716
1808 2716
1809 2716
1810 2716
1811 2716
1812 2716
1813 2716
1814 2716
1815 2716
1816 2716
1817 2716
1818 2716
1819 2716
1820 2716
1821 2716
1822 2716
1823 2716
1824 2716
1825 2716
1826 2716
1827 2716
1828 2716
1829 2716
1830 2716
1831 2716
1832 2716
1833 2716
1834 2716
1835 2716
1836 2716
1837 2716
1838 2716
1839 2716
1840 2716
1841 2716
1842 2716
1843 2716
1844 2716
1845 2716
1846 2716
1847 2716
1848 2716
1849 2716
1850 2716
1851 2716
1852 2716
1853 2716
1854 2716
1855 2716
1856 2716
1857 2716
1858 2716
1859 2716
1860 2716
1861 2716
1862 2716
1863 2716
1864 2716
1865 2716
1866 2716
1867 2716
1868 2716
1869 2716
1870 2716
1871 2716
1872 2716
1873 2716
1874 2716
1875 2716
1876 2716
1877 2716
1878 2716
1879 2716
1880 2716
1881 2716
1882 2716
1883 2716
1884 2716
1885 2716
1886 2716
1887 2716
1888 2716
1889 2716
1890 2716
1891 2716
1892 2716
1893 2716
1894 2716
1895 2716
1896 2716
1897 2716
1898 2716
1899 2716
1900 2716
1901 2716
1902 2716
1903 2716
1904 2716
1905 2716
1906 2716
1907 2716
1908 2716
1909 2716
1910 2716
1911 2716
1912 2716
1913 2716
1914 2717
1915 2718
1916 2719
1917 2720
1918 2721
1919 2722
1920 2723
1921 2724
1922 2725
1923 2726
1924 2726
1925 2726
1926 2726
1927 2726
1928 2726
1929 2726
1930 2726
1931 2726
1932 2726
1933 2726
1934 2726
1935 2726
1936 2726
1937 2726
1938 2726
1939 2726
1940 2726
1941 2726
1942 2726
1943 2726
1944 2726
1945 2726
1946 2726
1947 2726
1948 2726
1949 2726
1950 2726
1951 2726
1952 2726
1953 2726
1954 2726
1955 2726
1956 2726
1957 2726
1958 2726
1959 2726
1960 2726
1961 2726
1962 2726
1963 2726
1964 2726
1965 2726
1966 2726
1967 2726
1968 2726
1969 2726
1970 2726
1971 2726
1972 2726
1973 2726
1974 2726
1975 2726
1976 2726
1977 2726
1978 2726
1979 2726
1980 2726
1981 2726
1982 2726
1983 2726
1984 2726
1985 2726
1986 2726
1987 2726
1988 2726
1989 2726
1990 2726
1991 2726
1992 2726
1993 2726
1994 2726
1995 2726
1996 2726
1997 2726
1998 2726
1999 2726
2000 2726
2001 2726
2002 2726
2003 2726
2004 2726
2005 2726
2006 2726
2007 2726
2008 2726
2009 2726
2010 2726
2011 2726
2012 2726
2013 2726
2014 2726
2015 2726
2016 2726
2017 2726
2018 2726
2019 2726
2020 2726
2021 2726
2022 2726
2023 2726
2024 2726
2025 2726
2026 2726
2027 2726
2028 2726
2029 2726
2030 2726
2031 2726
2032 2726
2033 2726
2034 2726
2035 2726
2036 2726
2037 2726
2038 2726
2039 2726
2040 2726
2041 2726
2042 2726
2043 2726
2044 2726
2045 2726
2046 2726
2047 2726
2048 2726
2049 2726
2050 2726
2051 2726
2052 2726
2053 2726
2054 2726
2055 2726
2056 2726
2057 2726
2058 2726
2059 2726
2060 2726
2061 2726
2062 2726
2063 2726
2064 2726
2065 2726
2066 2726
2067 2726
2068 2726
2069 2726
2070 2726
2071 2726
2072 2726
2073 2726
2074 2726
2075 2726
2076 2726
2077 2726
2078 2726
2079 2726
2080 2726
2081 2726
2082 2726
2083 2726
2084 2726
2085 2726
2086 2726
2087 2726
2088 2726
2089 2726
2090 2726
2091 2726
2092 2726
2093 2726
2094 2726
2095 2726
2096 2726
2097 2726
2098 2726
2099 2726
2100 2726
2101 2726
2102 2726
2103 2726
2104 2726
2105 2726
2106 2726
2107 2726
2108 2726
2109 2726
2110 2726
2111 2726
2112 2726
2113 2726
2114 2726
2115 2726
2116 2726
2117 2726
2118 2726
2119 2726
2120 2726
2121 2726
2122 2726
2123 2726
2124 2726
2125 2726
2126 2726
2127 2726
2128 2726
2129 2726
2130 2726
2131 2726
2132 2726
2133 2726
2134 2726
2135 2726
2136 2726
2137 2726
2138 2726
2139 2726
2140 2726
2141 2726
2142 2726
2143 2726
2144 2726
2145 2726
2146 2726
2147 2726
2148 2726
2149 2726
2150 2726
2151 2726
2152 2726
2153 2726
2154 2726
2155 2726
2156 2726
2157 2726
2158 2726
2159 2726
2160 2726
2161 2726
2162 2726
2163 2726
2164 2726
2165 2726
2166 2726
2167 2726
2168 2726
2169 2726
2170 2726
2171 2726
2172 2726
2173 2726
2174 2726
2175 2726
2176 2726
2177 2726
2178 2726
2179 2726
2180 2726
2181 2726
2182 2726
2183 2726
2184 2726
2185 2726
2186 2726
2187 2726
2188 2726
2189 2726
2190 2726
2191 2726
2192 2726
2193 2726
2194 2726
2195 2726
2196 2726
2197 2726
2198 2726
2199 2726
2200 2726
2201 2726
2202 2726
2203 2726
2204 2726
2205 2726
2206 2726
2207 2726
2208 2726
2209 2726
2210 2726
2211 2726
2212 2726
2213 2726
2214 2726
2215 2726
2216 2726
2217 2726
2218 2726
2219 2726
2220 2726
2221 2726
2222 2726
2223 2726
2224 2726
2225 2726
2226 2726
2227 2726
2228 2726
2229 2726
2230 2726
2231 2726
2232 2726
2233 2726
2234 2726
2235 2726
2236 2726
2237 2726
2238 2726
2239 2726
2240 2726
2241 2726
2242 2726
2243 2726
2244 2726
2245 2726
2246 2726
2247 2726
2248 2726
2249 2726
2250 2726
2251 2726
2252 2726
2253 2726
2254 2726
2255 2726
2256 2726
2257 2726
2258 2726
2259 2726
2260 2726
2261 2726
2262 2726
2263 2726
2264 2726
2265 2726
2266 2726
2267 2726
2268 2726
2269 2726
2270 2726
2271 2726
2272 2726
2273 2726
2274 2726
2275 2726
2276 2726
2277 2726
2278 2726
2279 2726
2280 2726
2281 2726
2282 2726
2283 2726
2284 2726
2285 2726
2286 2726
2287 2726
2288 2726
2289 2726
2290 2726
2291 2726
2292 2726
2293 2726
2294 2726
2295 2726
2296 2726
2297 2726
2298 2726
2299 2726
2300 2726
2301 2726
2302 2726
2303 2726
2304 2726
2305 2726
2306 2726
2307 2726
2308 2726
2309 2726
2310 2726
2311 2726
2312 2726
2313 2726
2314 2726
2315 2726
2316 2726
2317 2726
2318 2726
2319 2726
2320 2726
2321 2726
2322 2726
2323 2726
2324 2726
2325 2726
2326 2726
2327 2726
2328 2726
2329 2726
2330 2726
2331 2726
2332 2726
2333 2726
2334 2726
2335 2726
2336 2726
2337 2726
2338 2726
2339 2726
2340 2726
2341 2726
2342 2726
2343 2726
2344 2726
2345 2726
2346 2726
2347 2726
2348 2726
2349 2726
2350 2726
2351 2726
2352 2726
2353 2726
2354 2726
2355 2726
2356 2726
2357 2726
2358 2726
2359 2726
2360 2726
2361 2726
2362 2726
2363 2726
2364 2726
2365 2726
2366 2726
2367 2726
2368 2726
2369 2726
2370 2726
2371 2726
2372 2726
2373 2726
2374 2726
2375 2726
2376 2726
2377 2726
2378 2726
2379 2726
2380 2726
2381 2726
2382 2726
2383 2726
2384 2726
2385 2726
2386 2726
2387 2726
2388 2726
2389 2726
2390 2726
2391 2726
2392 2726
2393 2726
2394 2726
2395 2726
2396 2726
2397 2726
2398 2726
2399 2726
2400 2726
2401 2726
2402 2726
2403 2726
2404 2726
2405 2726
2406 2726
2407 2726
2408 2726
2409 2726
2410 2726
2411 2726
2412 2726
2413 2726
2414 2726
2415 2726
2416 2726
2417 2726
2418 2726
2419 2726
2420 2726
2421 2726
2422 2726
2423 2726
2424 2726
2425 2726
2426 2726
2427 2726
2428 2726
2429 2726
2430 2726
2431 2726
2432 2726
2433 2726
2434 2726
2435 2726
2436 2726
2437 2726
2438 2726
2439 2726
2440 2726
2441 2726
2442 2726
2443 2726
2444 2726
2445 2726
2446 2726
2447 2726
2448 2726
2449 2726
2450 2726
2451 2726
2452 2726
2453 2726
2454 2726
2455 2726
2456 2726
2457 2726
2458 2726
2459 2726
2460 2726
2461 2726
2462 2726
2463 2726
2464 2726
2465 2726
2466 2726
2467 2726
2468 2726
2469 2726
2470 2726
2471 2726
2472 2726
2473 2726
2474 2726
2475 2726
2476 2726
2477 2726
2478 2726
2479 2726
2480 2726
2481 2726
2482 2726
2483 2726
2484 2726
2485 2726
2486 2726
2487 2726
2488 2726
2489 2726
2490 2726
2491 2726
2492 2726
2493 2726
2494 2726
2495 2726
2496 2726
2497 2726
2498 2726
2499 2726
2500 2726
2501 2726
2502 2726
2503 2726
2504 2726
2505 2726
2506 2726
2507 2726
2508 2726
2509 2726
2510 2726
2511 2726
2512 2726
2513 2726
2514 2726
2515 2726
2516 2726
2517 2726
2518 2726
2519 2726
2520 2726
2521 2726
2522 2726
2523 2726
2524 2726
2525 2726
2526 2726
2527 2726
2528 2726
2529 2726
2530 2726
2531 2726
2532 2726
2533 2726
2534 2726
2535 2726
2536 2726
2537 2726
2538 2726
2539 2726
2540 2726
2541 2726
2542 2726
2543 2726
2544 2726
2545 2726
2546 2726
2547 2726
2548 2726
2549 2726
2550 2726
2551 2726
2552 2726
2553 2726
2554 2726
2555 2726
2556 2726
2557 2726
2558 2726
2559 2726
2560 2726
2561 2726
2562 2726
2563 2726
2564 2726
2565 2726
2566 2726
2567 2726
2568 2726
2569 2726
2570 2726
2571 2726
2572 2726
2573 2726
2574 2726
2575 2726
2576 2726
2577 2726
2578 2726
2579 2726
2580 2726
2581 2726
2582 2726
2583 2726
2584 2726
2585 2726
2586 2726
2587 2726
2588 2726
2589 2726
2590 2726
2591 2726
2592 2726
2593 2726
2594 2726
2595 2726
2596 2726
2597 2726
2598 2726
2599 2726
2600 2726
2601 2726
2602 2726
2603 2726
2604 2726
2605 2726
2606 2726
2607 2726
2608 2726
2609 2726
2610 2726
2611 2726
2612 2726
2613 2726
2614 2726
2615 2726
2616 2726
2617 2726
2618 2726
2619 2726
2620 2726
2621 2726
2622 2726
2623 2726
2624 2726
2625 2726
2626 2726
2627 2726
2628 2726
2629 2726
2630 2726
2631 2726
2632 2726
2633 2726
2634 2726
2635 2726
2636 2726
2637 2726
2638 2726
2639 2726
2640 2726
2641 2726
2642 2726
2643 2726
2644 2726
2645 2726
2646 2726
2647 2726
2648 2726
2649 2726
2650 2726
2651 2726
2652 2726
2653 2726
2654 2726
2655 2726
2656 2726
2657 2726
2658 2726
2659 2726
2660 2726
2661 2726
2662 2726
2663 2726
2664 2726
2665 2726
2666 2726
2667 2726
2668 2726
2669 2726
2670 2726
2671 2726
2672 2726
2673 2726
2674 2726
2675 2726
2676 2726
2677 2726
2678 2726
2679 2726
2680 2726
2681 2726
2682 2726
2683 2726
2684 2726
2685 2726
2686 2726
2687 2726
2688 2726
2689 2726
2690 2726
2691 2726
2692 2726
2693 2726
2694 2726
2695 2726
2696 2726
2697 2726
2698 2726
2699 2726
2700 2726
2701 2726
2702 2726
2703 2726
2704 2726
2705 2726
2706 2726
2707 2726
2708 2726
2709 2726
2710 2726
2711 2726
2712 2726
2713 2726
2714 2726
2715 2726
2716 2727
2717 2728
2718 2729
2719 2730
2720 2731
2721 2732
2722 2733
2723 2734
2724 2735
2725 2736
2726 2737
2727 2738
2728 2739
2729 2740
2730 2741
2731 2742
2732 2743
2733 2744
2734 2745
2735 2746
2736 2747
2737 2748
2738 2749
2739 2750
2740 2751
2741 2752
2742 2753
2743 2754
2744 2755
2745 2756
2746 2757
2747 2758
2748 2759
2749 2760
2750 2761
2751 2762
2752 2763
2753 2764
2754 2765
2755 2766
2756 2767
2757 2768
2758 2769
2759 2770
2760 2771
2761 2772
2762 2773
2763 2774
2764 2775
2765 2776
2766 2777
2767 2778
2768 2779
2769 2780
2770 2781
2771 2782
2772 2783
2773 2784
2774 2785
2775 2786
2776 2787
2777 2788
2778 2789
2779 2790
2780 2791
2781 2792
2782 2793
2783 2794
2784 2795
2785 2796
2786 2797
2787 2798
2788 2799
2789 2800
2790 2801
2791 2802
2792 2803
2793 2804
2794 2805
2795 2806
2796 2807
2797 2808
2798 2809
2799 2810
2800 2811
2801 2812
2802 2813
2803 2814
2804 2815
2805 2816
2806 2817
2807 2818
2808 2819
2809 2820
2810 2821
2811 2822
2812 2823
2813 2824
2814 2824
2815 2824
2816 2825
2817 2825
2818 2826
2819 2827
2820 2827
2821 2828
2822 2829
2823 2829
2824 2829
2825 2830
2826 2831
2827 2831
2828 2831
2829 2831
2830 2831
2831 2831
2832 2831
2833 2831
2834 2831
2835 2831
2836 2831
2837 2831
2838 2831
2839 2831
2840 2831
2841 2831
2842 2831
2843 2831
2844 2831
2845 2831
2846 2831
2847 2831
2848 2831
2849 2831
2850 2832
2851 2833
2852 2834
2853 2835
2854 2836
2855 2837
2856 2838
2857 2839
2858 2840
2859 2841
2860 2842
2861 2843
2862 2844
2863 2845
2864 2846
2865 2847
2866 2848
2867 2849
2867 2850
2867 2851
2867 2852
2867 2853
2867 2854
2867 2855
2868 2856
2869 2857
2870 2858
2871 2859
2872 2860
2873 2861
2874 2862
2875 2863
2876 2864
2877 2865
2878 2866
2879 2867
2880 2868
2881 2869
2882 2870
2883 2871
2884 2872
2885 2873
2885 2874
2885 2875
2885 2876
2885 2877
2885 2878
2885 2879
2885 2880
2885 2881
2885 2882
2885 2883
2885 2884
2885 2885
2885 2886
2885 2887
2885 2888
2885 2889
2885 2890
2885 2891
2885 2892
2885 2893
2885 2894
2885 2895
2885 2896
2885 2897
2885 2898
2885 2899
2885 2900
2885 2901
2885 2902
2885 2903
2885 2904
2885 2905
2885 2906
2885 2907
2885 2908
2885 2909
2885 2910
2885 2911
2885 2912
2885 2913
2885 2914
2885 2915
2885 2916
2885 2917
2885 2918
2885 2919
2885 2920
2885 2921
2885 2922
2885 2923
2885 2924
2885 2925
2885 2926
2885 2927
2886 2928
2887 2929
2888 2930
2889 2931
2890 2932
2891 2933
2892 2934
2893 2935
2894 2936
2895 2937
2896 2938
2897 2939
2898 2940
2899 2941
2900 2942
2901 2943
2902 2944
2903 2945
2904 2946
2905 2947
2905 2948
2905 2949
2906 2950
2907 2951
2907 2952
2908 2953
2908 2954
2908 2955
2908 2956
2908 2957
2908 2958
2908 2959
2908 2960
2908 2961
2908 2962
2908 2963
2908 2964
2908 2965
2908 2966
2908 2967
2908 2968
2908 2969
2908 2970
2908 2971
2908 2972
2908 2973
2908 2974
2908 2975
2908 2976
2908 2977
2908 2978
2908 2979
2908 2980
2909 2981
2910 2982
2911 2983
2912 2984
2913 2985
2914 2986
2915 2987
2916 2988
2917 2989
2918 2990
2919 2991
2920 2992
2921 2993
2922 2994
2923 2995
2924 2996
2925 2997
2926 2998
2927 2999
2928 3000
2929 3001
2930 3002
2931 3003
2932 3004
2933 3005
2934 3006
2935 3007
2936 3008
2937 3009
2938 3010
2939 3011
2940 3012
2940 3013
2940 3014
2940 3015
2940 3016
2940 3017
2940 3018
2940 3019
2940 3020
2940 3021
2940 3022
2940 3023
2940 3024
2940 3025
2940 3026
2940 3027
2940 3028
2940 3029
2940 3030
2940 3031
2940 3032
2940 3033
2941 3034
2942 3035
2943 3036
2944 3037
2945 3038
2946 3039
2947 3040
2948 3041
2949 3042
2950 3043
2951 3044
2952 3045
2953 3046
2954 3047
2955 3048
2956 3049
2957 3050
2958 3051
2959 3052
2960 3053
2961 3054
2962 3055
2963 3056
2964 3057
2965 3058
2966 3059
2967 3060
2968 3061
2969 3062
2970 3063
2971 3064
2972 3065
2973 3066
2974 3067
2975 3068
2976 3069
2977 3070
2978 3071
2979 3072
2980 3073
2981 3074
2982 3075
2983 3076
2984 3077
2985 3078
2986 3079
2987 3080
2988 3081
2989 3082
2989 3083
2989 3084
2989 3085
2989 3086
2989 3087
2989 3088
2989 3089
2989 3090
2989 3091
2989 3092
2989 3093
2989 3094
2989 3095
2989 3096
2990 3097
2991 3098
2992 3099
2993 3100
2994 3101
2995 3102
2996 3103
2997 3104
2998 3105
2999 3106
3000 3107
3001 3108
3002 3109
3003 3110
3004 3111
3005 3112
3006 3113
3007 3114
3008 3115
3009 3116
3010 3117
3011 3118
3012 3119
3013 3120
3014 3121
3015 3122
3016 3123
3017 3124
3018 3125
3019 3126
3020 3127
3021 3128
3022 3129
3023 3130
3024 3131
3025 3132
3026 3133
3027 3134
3028 3135
3029 3136
3030 3137
3031 3138
3032 3139
3033 3140
3033 3141
3033 3142
3033 3143
3033 3144
3033 3145
3033 3146
3033 3147
3033 3148
3033 3149
3033 3150
3033 3151
3033 3152
3033 3153
3033 3154
3033 3155
3033 3156
3033 3157
3033 3158
3033 3159
3033 3160
3033 3161
3033 3162
3033 3163
3033 3164
3033 3165
3033 3166
3033 3167
3033 3168
3033 3169
3033 3170
3033 3171
3033 3172
3033 3173
3033 3174
3033 3175
3033 3176
3033 3177
3033 3178
3033 3179
3033 3180
3033 3181
3033 3182
3033 3183
3033 3184
3033 3185
3033 3186
3033 3187
3033 3188
3033 3189
3033 3190
3033 3191
3033 3192
3033 3193
3033 3194
3033 3195
3033 3196
3033 3197
3033 3198
3033 3199
3033 3200
3033 3201
3033 3202
3033 3203
3033 3204
3033 3205
3033 3206
3033 3207
3033 3208
3033 3209
3033 3210
3033 3211
3033 3212
3033 3213
3033 3214
3033 3215
3033 3216
3033 3217
3033 3218
3033 3219
3033 3220
3033 3221
3033 3222
3033 3223
3033 3224
3033 3225
3033 3226
3033 3227
3033 3228
3033 3229
3033 3230
3033 3231
3033 3232
3033 3233
3033 3234
3033 3235
3033 3236
3033 3237
3033 3238
3033 3239
3033 3240
3033 3241
3033 3242
3033 3243
3033 3244
3033 3245
3033 3246
3033 3247
3033 3248
3033 3249
3033 3250
3033 3251
3033 3252
3033 3253
3033 3254
3033 3255
3033 3256
3033 3257
3033 3258
3033 3259
3033 3260
3033 3261
3033 3262
3033 3263
3033 3264
3033 3265
3033 3266
3033 3267
3033 3268
3033 3269
3033 3270
3033 3271
3033 3272
3033 3273
3033 3274
3033 3275
3033 3276
3033 3277
3033 3278
3033 3279
3033 3280
3033 3281
3033 3282
3033 3283
3033 3284
3033 3285
3033 3286
3033 3287
3033 3288
3033 3289
3033 3290
3033 3291
3033 3292
3033 3293
3033 3294
3033 3295
3033 3296
3033 3297
3033 3298
3033 3299
3033 3300
3033 3301
3033 3302
3033 3303
3033 3304
3033 3305
3033 3306
3033 3307
3033 3308
3033 3309
3033 3310
3033 3311
3033 3312
3033 3313
3033 3314
3033 3315
3033 3316
3033 3317
3033 3318
3033 3319
3033 3320
3033 3321
3033 3322
3033 3323
3033 3324
3033 3325
3033 3326
3033 3327
3033 3328
3033 3329
3033 3330
3033 3331
3033 3332
3033 3333
3033 3334
3033 3335
3033 3336
3033 3337
3033 3338
3033 3339
3033 3340
3033 3341
3033 3342
3033 3343
3033 3344
3033 3345
3033 3346
3033 3347
3033 3348
3033 3349
3033 3350
3033 3351
3033 3352
3033 3353
3033 3354
3033 3355
3033 3356
3033 3357
3033 3358
3033 3359
3033 3360
3033 3361
3033 3362
3033 3363
3033 3364
3033 3365
3033 3366
3033 3367
3033 3368
3033 3369
3033 3370
3033 3371
3033 3372
3033 3373
3033 3374
3033 3375
3033 3376
3033 3377
3033 3378
3033 3379
3033 3380
3033 3381
3033 3382
3033 3383
3033 3384
3033 3385
3033 3386
3033 3387
3033 3388
3033 3389
3033 3390
3033 3391
3033 3392
3033 3393
3033 3394
3033 3395
3033 3396
3033 3397
3033 3398
3033 3399
3033 3400
3033 3401
3033 3402
3033 3403
3033 3404
3033 3405
3033 3406
3033 3407
3033 3408
3033 3409
3033 3410
3033 3411
3033 3412
3033 3413
3033 3414
3033 3415
3033 3416
3033 3417
3033 3418
3033 3419
3033 3420
3033 3421
3033 3422
3033 3423
3033 3424
3033 3425
3033 3426
3033 3427
3033 3428
3033 3429
3033 3430
3033 3431
3033 3432
3033 3433
3033 3434
3033 3435
3033 3436
3033 3437
3033 3438
3033 3439
3033 3440
3033 3441
3033 3442
3033 3443
3033 3444
3033 3445
3033 3446
3033 3447
3033 3448
3033 3449
3033 3450
3033 3451
3033 3452
3033 3453
3033 3454
3033 3455
3033 3456
3033 3457
3033 3458
3033 3459
3033 3460
3033 3461
3033 3462
3033 3463
3033 3464
3033 3465
3033 3466
3033 3467
3033 3468
3033 3469
3033 3470
3033 3471
3033 3472
3033 3473
3033 3474
3033 3475
3033 3476
3033 3477
3033 3478
3033 3479
3033 3480
3033 3481
3033 3482
3033 3483
3033 3484
3033 3485
3033 3486
3033 3487
3033 3488
3033 3489
3033 3490
3033 3491
3033 3492
3033 3493
3033 3494
3033 3495
3033 3496
3033 3497
3033 3498
3033 3499
3033 3500
3033 3501
3033 3502
3033 3503
3033 3504
3033 3505
3033 3506
3033 3507
3033 3508
3033 3509
3033 3510
3033 3511
3033 3512
3033 3513
3033 3514
3033 3515
3033 3516
3033 3517
3033 3518
3033 3519
3033 3520
3033 3521
3033 3522
3033 3523
3033 3524
3033 3525
3033 3526
3033 3527
3033 3528
3033 3529
3033 3530
3033 3531
3033 3532
3033 3533
3033 3534
3033 3535
3033 3536
3033 3537
3033 3538
3033 3539
3033 3540
3033 3541
3033 3542
3033 3543
3033 3544
3033 3545
3033 3546
3033 3547
3033 3548
3033 3549
3033 3550
3033 3551
3033 3552
3033 3553
3033 3554
3033 3555
3033 3556
3033 3557
3033 3558
3033 3559
3033 3560
3033 3561
3033 3562
3033 3563
3033 3564
3033 3565
3033 3566
3033 3567
3033 3568
3033 3569
3033 3570
3033 3571
3033 3572
3033 3573
3033 3574
3033 3575
3033 3576
3033 3577
3033 3578
3033 3579
3033 3580
3033 3581
3033 3582
3033 3583
3033 3584
3033 3585
3033 3586
3033 3587
3033 3588
3033 3589
3033 3590
3033 3591
3033 3592
3033 3593
3033 3594
3033 3595
3033 3596
3033 3597
3033 3598
3033 3599
3033 3600
3033 3601
3033 3602
3033 3603
3033 3604
3033 3605
3033 3606
3033 3607
3033 3608
3033 3609
3033 3610
3033 3611
3033 3612
3033 3613
3033 3614
3033 3615
3033 3616
3033 3617
3033 3618
3033 3619
3033 3620
3033 3621
3033 3622
3033 3623
3033 3624
3033 3625
3033 3626
3033 3627
3033 3628
3033 3629
3033 3630
3033 3631
3033 3632
3033 3633
3033 3634
3033 3635
3033 3636
3033 3637
3033 3638
3033 3639
3033 3640
3033 3641
3033 3642
3033 3643
3033 3644
3033 3645
3033 3646
3033 3647
3033 3648
3033 3649
3033 3650
3033 3651
3033 3652
3033 3653
3033 3654
3033 3655
3033 3656
3033 3657
3033 3658
3033 3659
3033 3660
3033 3661
3033 3662
3033 3663
3033 3664
3033 3665
3033 3666
3033 3667
3033 3668
3033 3669
3033 3670
3033 3671
3033 3672
3033 3673
3033 3674
3033 3675
3033 3676
3033 3677
3033 3678
3033 3679
3033 3680
3033 3681
3033 3682
3033 3683
3033 3684
3033 3685
3033 3686
3033 3687
3033 3688
3033 3689
3033 3690
3033 3691
3033 3692
3033 3693
3033 3694
3033 3695
3033 3696
3033 3697
3033 3698
3033 3699
3033 3700
3033 3701
3033 3702
3033 3703
3033 3704
3033 3705
3033 3706
3033 3707
3033 3708
3033 3709
3033 3710
3033 3711
3033 3712
3033 3713
3033 3714
3033 3715
3033 3716
3033 3717
3033 3718
3033 3719
3033 3720
3033 3721
3033 3722
3033 3723
3033 3724
3033 3725
3033 3726
3033 3727
3033 3728
3033 3729
3033 3730
3033 3731
3033 3732
3033 3733
3033 3734
3033 3735
3033 3736
3033 3737
3033 3738
3033 3739
3033 3740
3033 3741
3033 3742
3033 3743
3033 3744
3033 3745
3033 3746
3033 3747
3033 3748
3033 3749
3033 3750
3033 3751
3033 3752
3033 3753
3033 3754
3033 3755
3033 3756
3033 3757
3033 3758
3033 3759
3033 3760
3033 3761
3033 3762
3033 3763
3033 3764
3033 3765
3033 3766
3033 3767
3033 3768
3033 3769
3033 3770
3033 3771
3033 3772
3033 3773
3033 3774
3033 3775
3033 3776
3033 3777
3033 3778
3033 3779
3033 3780
3033 3781
3033 3782
3033 3783
3033 3784
3033 3785
3033 3786
3033 3787
3033 3788
3033 3789
3033 3790
3033 3791
3033 3792
3033 3793
3033 3794
3033 3795
3033 3796
3033 3797
3033 3798
3033 3799
3033 3800
3033 3801
3033 3802
3033 3803
3033 3804
3033 3805
3033 3806
3033 3807
3033 3808
3033 3809
3033 3810
3033 3811
3033 3812
3033 3813
3033 3814
3033 3815
3033 3816
3033 3817
3033 3818
3033 3819
3034 3820
3035 3821
3036 3822
3037 3823
3038 3824
3039 3825
3039 3826
3039 3827
3039 3828
3039 3829
3039 3830
3040 3831
3041 3832
3042 3833
3043 3834
3044 3835
3045 3836
3046 3837
3047 3838
3047 3839
3048 3840
3048 3841
3048 3842
3048 3843
3048 3844
3048 3845
3048 3846
3048 3847
3048 3848
3048 3849
3048 3850
3048 3851
3048 3852
3048 3853
3048 3854
3048 3855
3048 3856
3048 3857
3048 3858
3048 3859
3048 3860
3048 3861
3048 3862
3048 3863
3048 3864
3048 3865
3048 3866
3048 3867
3048 3868
3048 3869
3048 3870
3048 3871
3048 3872
3048 3873
3048 3874
3048 3875
3048 3876
3048 3877
3048 3878
3048 3879
3048 3880
3048 3881
3049 3882
3050 3883
3051 3884
3052 3885
3053 3886
3054 3887
3055 3888
3056 3889
3057 3890
3058 3891
3059 3892
3060 3893
3061 3894
3062 3895
3063 3896
3064 3897
3064 3898
3064 3899
3064 3900
3064 3901
3064 3902
3064 3903
3064 3904
3064 3905
3064 3906
3064 3907
3064 3908
3064 3909
3064 3910
3064 3911
3064 3912
3064 3913
3064 3914
3064 3915
3064 3916
3064 3917
3064 3918
3064 3919
3064 3920
3064 3921
3064 3922
3064 3923
3064 3924
3064 3925
3064 3926
3064 3927
3064 3928
3064 3929
3064 3930
3064 3931
3064 3932
3064 3933
3064 3934
3064 3935
3064 3936
3064 3937
3064 3938
3064 3939
3064 3940
3064 3941
3064 3942
3064 3943
3064 3944
3064 3945
3064 3946
3064 3947
3064 3948
3064 3949
3064 3950
3064 3951
3064 3952
3064 3953
3064 3954
3064 3955
3064 3956
3064 3957
3064 3958
3064 3959
3064 3960
3064 3961
3064 3962
3064 3963
3064 3964
3064 3965
3064 3966
3064 3967
3064 3968
3064 3969
3064 3970
3064 3971
3064 3972
3064 3973
3064 3974
3064 3975
3064 3976
3064 3977
3064 3978
3064 3979
3064 3980
3064 3981
3064 3982
3064 3983
3064 3984
3064 3985
3064 3986
3064 3987
3064 3988
3064 3989
3064 3990
3064 3991
3064 3992
3064 3993
3064 3994
3064 3995
3064 3996
3064 3997
3064 3998
3064 3999
3064 4000
3064 4001
3064 4002
3064 4003
3064 4004
3064 4005
3064 4006
3064 4007
3064 4008
3064 4009
3064 4010
3064 4011
3064 4012
3064 4013
3064 4014
3064 4015
3064 4016
3064 4017
3064 4018
3064 4019
3064 4020
3064 4021
3064 4022
3064 4023
3064 4024
3064 4025
3064 4026
3064 4027
3064 4028
3064 4029
3064 4030
3064 4031
3064 4032
3064 4033
3064 4034
3064 4035
3064 4036
3064 4037
3064 4038
3064 4039
3064 4040
3064 4041
3064 4042
3064 4043
3064 4044
3064 4045
3064 4046
3064 4047
3064 4048
3064 4049
3064 4050
3064 4051
3064 4052
3064 4053
3064 4054
3064 4055
3064 4056
3064 4057
3064 4058
3064 4059
3064 4060
3064 4061
3064 4062
3064 4063
3064 4064
3064 4065
3064 4066
3064 4067
3064 4068
3064 4069
3064 4070
3064 4071
3064 4072
3064 4073
3064 4074
3064 4075
3064 4076
3064 4077
3064 4078
3064 4079
3064 4080
3064 4081
3064 4082
3064 4083
3064 4084
3064 4085
3064 4086
3064 4087
3064 4088
3064 4089
3064 4090
3064 4091
3064 4092
3064 4093
3064 4094
3064 4095
3064 4096
3064 4097
3064 4098
3064 4099
3064 4100
3064 4101
3064 4102
3064 4103
3064 4104
3064 4105
3064 4106
3064 4107
3064 4108
3064 4109
3064 4110
3064 4111
3064 4112
3064 4113
3064 4114
3064 4115
3064 4116
3064 4117
3064 4118
3064 4119
3064 4120
3064 4121
3064 4122
3064 4123
3064 4124
3064 4125
3064 4126
3064 4127
3064 4128
3064 4129
3064 4130
3064 4131
3064 4132
3064 4133
3064 4134
3064 4135
3064 4136
3064 4137
3064 4138
3064 4139
3064 4140
3064 4141
3064 4142
3064 4143
3064 4144
3064 4145
3064 4146
3064 4147
3064 4148
3064 4149
3064 4150
3064 4151
3064 4152
3064 4153
3064 4154
3064 4155
3064 4156
3064 4157
3064 4158
3064 4159
3064 4160
3064 4161
3064 4162
3064 4163
3064 4164
3064 4165
3064 4166
3064 4167
3064 4168
3064 4169
3064 4170
3064 4171
3064 4172
3064 4173
3064 4174
3064 4175
3064 4176
3064 4177
3064 4178
3064 4179
3064 4180
3064 4181
3064 4182
3064 4183
3064 4184
3064 4185
3064 4186
3064 4187
3064 4188
3064 4189
3064 4190
3064 4191
3064 4192
3064 4193
3064 4194
3064 4195
3064 4196
3064 4197
3064 4198
3064 4199
3064 4200
3064 4201
3064 4202
3064 4203
3064 4204
3064 4205
3064 4206
3064 4207
3064 4208
3064 4209
3064 4210
3064 4211
3064 4212
3064 4213
3064 4214
3064 4215
3064 4216
3064 4217
3064 4218
3064 4219
3064 4220
3064 4221
3064 4222
3064 4223
3064 4224
3064 4225
3064 4226
3064 4227
3064 4228
3064 4229
3064 4230
3064 4231
3064 4232
3064 4233
3064 4234
3064 4235
3064 4236
3064 4237
3064 4238
3064 4239
3064 4240
3064 4241
3064 4242
3064 4243
3064 4244
3064 4245
3064 4246
3064 4247
3064 4248
3064 4249
3064 4250
3064 4251
3064 4252
3064 4253
3064 4254
3064 4255
3064 4256
3064 4257
3064 4258
3064 4259
3064 4260
3064 4261
3064 4262
3064 4263
3064 4264
3064 4265
3064 4266
3064 4267
3064 4268
3064 4269
3064 4270
3064 4271
3064 4272
3064 4273
3064 4274
3064 4275
3064 4276
3064 4277
3064 4278
3064 4279
3064 4280
3064 4281
3064 4282
3064 4283
3064 4284
3064 4285
3064 4286
3064 4287
3064 4288
3064 4289
3064 4290
3064 4291
3064 4292
3064 4293
3064 4294
3064 4295
3064 4296
3064 4297
3064 4298
3064 4299
3064 4300
3064 4301
3064 4302
3064 4303
3064 4304
3064 4305
3064 4306
3064 4307
3064 4308
3064 4309
3064 4310
3064 4311
3064 4312
3064 4313
3064 4314
3064 4315
3064 4316
3064 4317
3064 4318
3064 4319
3064 4320
3064 4321
3064 4322
3064 4323
3064 4324
3064 4325
3064 4326
3064 4327
3064 4328
3064 4329
3064 4330
3064 4331
3064 4332
3064 4333
3064 4334
3064 4335
3064 4336
3064 4337
3064 4338
3064 4339
3064 4340
3064 4341
3064 4342
3064 4343
3064 4344
3064 4345
3064 4346
3064 4347
3064 4348
3064 4349
3064 4350
3064 4351
3064 4352
3064 4353
3064 4354
3064 4355
3064 4356
3064 4357
3064 4358
3064 4359
3064 4360
3064 4361
3064 4362
3064 4363
3064 4364
3064 4365
3064 4366
3064 4367
3064 4368
3064 4369
3064 4370
3064 4371
3064 4372
3064 4373
3064 4374
3064 4375
3064 4376
3064 4377
3064 4378
3064 4379
3064 4380
3064 4381
3064 4382
3064 4383
3064 4384
3064 4385
3064 4386
3064 4387
3064 4388
3064 4389
3064 4390
3064 4391
3064 4392
3064 4393
3064 4394
3064 4395
3064 4396
3064 4397
3064 4398
3064 4399
3064 4400
3064 4401
3064 4402
3064 4403
3064 4404
3064 4405
3064 4406
3064 4407
3064 4408
3064 4409
3064 4410
3064 4411
3064 4412
3064 4413
3064 4414
3064 4415
3064 4416
3064 4417
3064 4418
3064 4419
3064 4420
3064 4421
3064 4422
3064 4423
3064 4424
3064 4425
3064 4426
3064 4427
3064 4428
3064 4429
3064 4430
3064 4431
3064 4432
3064 4433
3064 4434
3064 4435
3064 4436
3064 4437
3064 4438
3064 4439
3064 4440
3064 4441
3064 4442
3064 4443
3064 4444
3064 4445
3064 4446
3064 4447
3064 4448
3064 4449
3064 4450
3064 4451
3064 4452
3064 4453
3064 4454
3064 4455
3064 4456
3064 4457
3064 4458
3064 4459
3064 4460
3064 4461
3064 4462
3064 4463
3064 4464
3064 4465
3064 4466
3064 4467
3064 4468
3064 4469
3064 4470
3064 4471
3064 4472
3064 4473
3064 4474
3064 4475
3064 4476
3064 4477
3064 4478
3064 4479
3064 4480
3064 4481
3064 4482
3064 4483
3064 4484
3064 4485
3064 4486
3064 4487
3064 4488
3064 4489
3064 4490
3064 4491
3064 4492
3064 4493
3064 4494
3064 4495
3064 4496
3064 4497
3064 4498
3064 4499
3064 4500
3064 4501
3064 4502
3064 4503
3064 4504
3064 4505
3064 4506
3064 4507
3064 4508
3064 4509
3064 4510
3064 4511
3064 4512
3064 4513
3064 4514
3064 4515
3064 4516
3064 4517
3064 4518
3064 4519
3064 4520
3064 4521
3064 4522
3064 4523
3064 4524
3064 4525
3064 4526
3064 4527
3064 4528
3064 4529
3064 4530
3064 4531
3064 4532
3064 4533
3064 4534
3064 4535
3064 4536
3064 4537
3064 4538
3064 4539
3064 4540
3064 4541
3064 4542
3064 4543
3064 4544
3064 4545
3064 4546
3064 4547
3064 4548
3064 4549
3064 4550
3064 4551
3064 4552
3064 4553
3064 4554
3064 4555
3064 4556
3064 4557
3064 4558
3064 4559
3064 4560
3064 4561
3064 4562
3064 4563
3064 4564
3064 4565
3064 4566
3064 4567
3064 4568
3064 4569
3064 4570
3064 4571
3064 4572
3064 4573
3064 4574
3064 4575
3064 4576
3064 4577
3064 4578
3064 4579
3064 4580
3064 4581
3064 4582
3064 4583
3064 4584
3064 4585
3064 4586
3064 4587
3064 4588
3064 4589
3064 4590
3064 4591
3064 4592
3064 4593
3064 4594
3064 4595
3064 4596
3064 4597
3064 4598
3064 4599
3064 4600
3064 4601
3064 4602
3064 4603
3064 4604
3064 4605
3064 4606
3064 4607
3064 4608
3064 4609
3065 4610
3066 4611
3067 4612
3068 4613
3069 4614
3070 4615
3070 4616
3070 4617
3070 4618
3070 4619
3070 4620
3070 4621
3070 4622
3070 4623
3070 4624
3070 4625
3070 4626
3070 4627
3070 4628
3070 4629
3070 4630
3070 4631
3070 4632
3070 4633
3070 4634
3070 4635
3070 4636
3070 4637
3070 4638
3070 4639
3070 4640
3070 4641
3070 4642
3070 4643
3070 4644
3070 4645
3070 4646
3070 4647
3070 4648
3070 4649
3070 4650
3070 4651
3070 4652
3070 4653
3070 4654
3070 4655
3070 4656
3070 4657
3070 4658
3070 4659
3070 4660
3070 4661
3070 4662
3070 4663
3070 4664
3070 4665
3070 4666
3070 4667
3070 4668
3070 4669
3070 4670
3070 4671
3070 4672
3070 4673
3070 4674
3070 4675
3070 4676
3070 4677
3070 4678
3070 4679
3070 4680
3070 4681
3070 4682
3070 4683
3070 4684
3070 4685
3070 4686
3070 4687
3070 4688
3070 4689
3070 4690
3070 4691
3070 4692
3070 4693
3070 4694
3070 4695
3070 4696
3070 4697
3070 4698
3070 4699
3070 4700
3070 4701
3070 4702
3070 4703
3070 4704
3070 4705
3070 4706
3070 4707
3070 4708
3070 4709
3070 4710
3070 4711
3070 4712
3070 4713
3070 4714
3070 4715
3070 4716
3070 4717
3070 4718
3070 4719
3070 4720
3070 4721
3070 4722
3070 4723
3070 4724
3070 4725
3070 4726
3070 4727
3070 4728
3070 4729
3070 4730
3070 4731
3070 4732
3070 4733
3070 4734
3070 4735
3070 4736
3070 4737
3070 4738
3070 4739
3070 4740
3070 4741
3070 4742
3070 4743
3070 4744
3070 4745
3070 4746
3070 4747
3070 4748
3070 4749
3070 4750
3070 4751
3070 4752
3070 4753
3071 4754
3072 4755
3073 4756
3074 4757
3075 4758
3076 4759
3077 4759
3078 4760
3079 4761
3080 4762
3081 4762
3082 4762
3083 4763
3084 4764
3085 4765
3086 4766
3087 4766
3088 4767
3089 4767
3090 4767
3091 4767
3092 4768
3093 4769
3094 4770
3095 4771
3096 4771
3097 4772
3098 4773
3099 4773
3100 4773
3101 4773
3102 4773
3103 4773
3104 4773
3105 4773
3106 4773
3107 4773
3108 4773
3109 4773
3110 4773
3111 4773
3112 4773
3113 4774
3114 4775
3115 4776
3116 4777
3117 4778
3118 4779
3119 4780
3120 4781
3121 4782
3121 4783
3122 4784
3123 4785
3123 4786
3124 4787
3124 4788
3124 4789
3124 4790
3125 4791
3125 4792
3125 4793
3125 4794
3125 4795
3125 4796
3125 4797
3125 4798
3125 4799
3125 4800
3125 4801
3125 4802
3125 4803
3125 4804
3125 4805
3125 4806
3125 4807
3125 4808
3125 4809
3125 4810
3125 4811
3125 4812
3125 4813
3125 4814
3125 4815
3125 4816
3125 4817
3125 4818
3125 4819
3126 4820
3127 4821
3128 4822
3129 4823
3130 4823
3131 4824
3132 4825
3133 4826
3134 4827
3135 4828
3136 4829
3137 4830
3138 4831
3139 4832
3140 4833
3141 4834
3142 4835
3143 4835
3144 4835
3145 4836
3146 4836
3147 4836
3148 4836
3149 4836
3150 4836
3151 4836
3152 4836
3153 4836
3154 4836
3155 4836
3156 4837
3157 4838
3158 4839
3159 4840
3160 4841
3161 4842
3162 4843
3163 4844
3164 4845
3165 4846
3166 4847
3167 4848
3168 4849
3169 4850
3170 4851
3171 4852
3172 4853
3173 4854
3174 4855
3175 4856
3176 4856
3177 4856
3178 4856
3179 4856
3180 4856
3181 4856
3182 4857
3183 4858
3184 4858
3185 4859
3186 4860
3187 4861
3188 4862
3189 4863
3190 4864
3191 4865
3192 4866
3193 4867
3194 4868
3195 4869
3196 4870
3197 4871
3198 4872
3199 4873
3200 4874
3201 4875
3202 4876
3203 4876
3204 4876
3205 4876
3206 4876
3207 4877
3208 4878
3209 4878
3210 4878
3211 4878
3212 4878
3213 4878
3214 4878
3215 4878
3216 4878
3217 4878
3218 4878
3219 4878
3220 4878
3221 4878
3222 4878
3223 4878
3224 4878
3225 4878
3226 4878
3227 4878
3228 4878
3229 4878
3230 4878
3231 4878
3232 4878
3233 4878
3234 4878
3235 4878
3236 4878
3237 4878
3238 4878
3239 4878
3240 4878
3241 4878
3242 4878
3243 4878
3244 4878
3245 4879
3246 4880
3247 4881
3248 4882
3249 4882
3250 4882
3251 4882
3252 4882
3253 4882
3254 4882
3255 4882
3256 4882
3257 4882
3258 4882
3259 4882
3260 4882
3261 4882
3262 4882
3263 4882
3264 4882
3265 4883
3266 4884
3267 4885
3268 4886
3269 4887
3270 4888
3271 4889
3272 4890
3273 4891
3274 4892
3275 4893
3276 4894
3277 4895
3278 4896
3279 4897
3280 4898
3281 4899
3282 4900
3283 4901
3284 4901
3285 4901
3286 4901
3287 4901
3288 4901
3289 4901
3290 4901
3291 4901
3292 4901
3293 4901
3294 4901
3295 4901
3296 4901
3297 4901
3298 4901
3299 4901
3300 4901
3301 4901
3302 4901
3303 4901
3304 4901
3305 4901
3306 4901
3307 4901
3308 4901
3309 4901
3310 4901
3311 4901
3312 4901
3313 4901
3314 4901
3315 4901
3316 4901
3317 4901
3318 4901
3319 4901
3320 4901
3321 4901
3322 4901
3323 4901
3324 4901
3325 4901
3326 4901
3327 4901
3328 4901
3329 4901
3330 4901
3331 4901
3332 4901
3333 4901
3334 4901
3335 4901
3336 4901
3337 4901
3338 4901
3339 4901
3340 4901
3341 4901
3342 4901
3343 4901
3344 4901
3345 4901
3346 4901
3347 4901
3348 4901
3349 4901
3350 4901
3351 4901
3352 4901
3353 4901
3354 4901
3355 4901
3356 4901
3357 4901
3358 4901
3359 4901
3360 4901
3361 4901
3362 4901
3363 4901
3364 4901
3365 4901
3366 4901
3367 4901
3368 4901
3369 4901
3370 4901
3371 4901
3372 4901
3373 4901
3374 4901
3375 4901
3376 4901
3377 4901
3378 4901
3379 4901
3380 4901
3381 4901
3382 4901
3383 4901
3384 4901
3385 4901
3386 4901
3387 4901
3388 4901
3389 4901
3390 4901
3391 4901
3392 4901
3393 4901
3394 4901
3395 4901
3396 4902
3397 4902
3398 4902
3399 4902
3400 4902
3401 4902
3402 4902
3403 4902
3404 4902
3405 4902
3406 4902
3407 4903
3408 4904
3409 4904
3410 4905
3411 4905
3412 4905
3413 4905
3414 4905
3415 4905
3416 4905
3417 4905
3418 4905
3419 4905
3420 4905
3421 4905
3422 4905
3423 4906
3424 4907
3425 4907
3426 4907
3427 4908
3428 4909
3429 4909
3430 4909
3431 4909
3432 4909
3433 4909
3434 4909
3435 4909
3436 4909
3437 4909
3438 4909
3439 4909
3440 4909
3441 4909
3442 4909
3443 4909
3444 4909
3445 4909
3446 4909
3447 4909
3448 4909
3449 4909
3450 4909
3451 4909
3452 4909
3453 4909
3454 4909
3455 4910
3456 4911
3457 4912
3458 4913
3459 4913
3460 4913
3461 4913
3462 4913
3463 4913
3464 4913
3465 4913
3466 4914
3467 4914
3468 4914
3469 4914
3470 4914
3471 4914
3472 4914
3473 4914
3474 4915
3475 4916
3476 4917
3477 4918
3478 4919
3479 4920
3480 4921
3481 4922
3482 4923
3483 4924
3484 4925
3485 4926
3486 4927
3487 4928
3488 4929
3489 4930
3490 4931
3491 4932
3492 4933
3492 4934
3493 4935
3494 4936
3495 4937
3496 4938
3497 4939
3498 4940
3499 4941
3500 4942
3501 4943
3502 4943
3503 4943
3504 4943
3505 4943
3506 4943
3507 4943
3508 4943
3509 4943
3510 4943
3511 4943
3512 4943
3513 4943
3514 4943
3515 4943
3516 4943
3517 4943
3518 4943
3519 4943
3520 4944
3521 4945
3522 4946
3523 4946
3524 4946
3525 4946
3526 4946
3527 4946
3528 4946
3529 4946
3530 4946
3531 4946
3532 4946
3533 4946
3534 4946
3535 4946
3536 4946
3537 4946
3538 4946
3539 4946
3540 4946
3541 4947
3542 4947
3543 4947
3544 4947
3545 4947
3546 4947
3547 4947
3548 4947
3549 4947
3550 4947
3551 4947
3552 4947
3553 4947
3554 4947
3555 4947
3556 4947
3557 4947
3558 4947
3559 4947
3560 4947
3561 4947
3562 4947
3563 4947
3564 4947
3565 4947
3566 4947
3567 4947
3568 4947
3569 4947
3570 4947
3571 4947
3572 4947
3573 4947
3574 4947
3575 4947
3576 4947
3577 4947
3578 4947
3579 4947
3580 4947
3581 4947
3582 4947
3583 4947
3584 4947
3585 4947
3586 4947
3587 4947
3588 4947
3589 4947
3590 4947
3591 4947
3592 4947
3593 4947
3594 4947
3595 4947
3596 4947
3597 4947
3598 4947
3599 4947
3600 4947
3601 4947
3602 4947
3603 4947
3604 4947
3605 4947
3606 4947
3607 4947
3608 4947
3609 4947
3610 4947
3611 4947
3612 4947
3613 4947
3614 4947
3615 4947
3616 4947
3617 4947
3618 4947
3619 4947
3620 4947
3621 4947
3622 4947
3623 4947
3624 4947
3625 4947
3626 4947
3627 4947
3628 4947
3629 4947
3630 4947
3631 4947
3632 4947
3633 4947
3634 4947
3635 4947
3636 4947
3637 4947
3638 4947
3639 4947
3640 4947
3641 4947
3642 4947
3643 4947
3644 4947
3645 4947
3646 4947
3647 4947
3648 4947
3649 4947
3650 4947
3651 4948
3652 4949
3653 4950
3654 4950
3655 4950
3656 4950
3657 4950
3658 4950
3659 4950
3660 4950
3661 4950
3662 4950
3663 4950
3664 4950
3665 4950
3666 4950
3667 4950
3668 4950
3669 4950
3670 4950
3671 4950
3672 4950
3673 4950
3674 4950
3675 4950
3676 4950
3677 4950
3678 4950
3679 4950
3680 4950
3681 4950
3682 4950
3683 4950
3684 4950
3685 4950
3686 4950
3687 4950
3688 4950
3689 4950
3690 4950
3691 4950
3692 4950
3693 4950
3694 4950
3695 4950
3696 4950
3697 4950
3698 4950
3699 4950
3700 4950
3701 4950
3702 4950
3703 4950
3704 4950
3705 4950
3706 4950
3707 4950
3708 4950
3709 4950
3710 4950
3711 4950
3712 4950
3713 4950
3714 4950
3715 4950
3716 4950
3717 4950
3718 4950
3719 4950
3720 4950
3721 4950
3722 4950
3723 4950
3724 4950
3725 4950
3726 4950
3727 4950
3728 4950
3729 4950
3730 4950
3731 4950
3732 4950
3733 4950
3734 4950
3735 4950
3736 4950
3737 4950
3738 4950
3739 4950
3740 4950
3741 4950
3742 4950
3743 4950
3744 4950
3745 4950
3746 4950
3747 4950
3748 4950
3749 4950
3750 4950
3751 4950
3752 4950
3753 4950
3754 4950
3755 4950
3756 4950
3757 4950
3758 4950
3759 4950
3760 4950
3761 4950
3762 4950
3763 4950
3764 4950
3765 4950
3766 4950
3767 4950
3768 4950
3769 4950
3770 4950
3771 4950
3772 4950
3773 4950
3774 4950
3775 4950
3776 4950
3777 4950
3778 4950
3779 4950
3780 4950
3781 4950
3782 4950
3783 4950
3784 4950
3785 4950
3786 4950
3787 4950
3788 4950
3789 4950
3790 4950
3791 4950
3792 4950
3793 4950
3794 4950
3795 4950
3796 4950
3797 4950
3798 4950
3799 4950
3800 4950
3801 4950
3802 4950
3803 4950
3804 4950
3805 4950
3806 4950
3807 4950
3808 4950
3809 4950
3810 4950
3811 4950
3812 4950
3813 4950
3814 4950
3815 4950
3816 4950
3817 4950
3818 4950
3819 4950
3820 4950
3821 4950
3822 4950
3823 4950
3824 4950
3825 4950
3826 4950
3827 4950
3828 4950
3829 4950
3830 4950
3831 4950
3832 4950
3833 4950
3834 4950
3835 4950
3836 4950
3837 4950
3838 4950
3839 4950
3840 4950
3841 4950
3842 4950
3843 4950
3844 4950
3845 4950
3846 4950
3847 4950
3848 4950
3849 4950
3850 4950
3851 4950
3852 4950
3853 4950
3854 4950
3855 4950
3856 4950
3857 4950
3858 4950
3859 4950
3860 4950
3861 4950
3862 4950
3863 4950
3864 4950
3865 4950
3866 4950
3867 4950
3868 4950
3869 4950
3870 4950
3871 4950
3872 4950
3873 4950
3874 4950
3875 4950
3876 4950
3877 4950
3878 4950
3879 4950
3880 4950
3881 4950
3882 4950
3883 4950
3884 4950
3885 4950
3886 4950
3887 4950
3888 4950
3889 4950
3890 4950
3891 4950
3892 4950
3893 4950
3894 4950
3895 4950
3896 4950
3897 4950
3898 4950
3899 4950
3900 4950
3901 4950
3902 4950
3903 4950
3904 4950
3905 4950
3906 4950
3907 4950
3908 4950
3909 4950
3910 4950
3911 4950
3912 4950
3913 4950
3914 4950
3915 4950
3916 4950
3917 4950
3918 4950
3919 4950
3920 4950
3921 4950
3922 4950
3923 4950
3924 4950
3925 4950
3926 4950
3927 4950
3928 4950
3929 4950
3930 4950
3931 4950
3932 4950
3933 4950
3934 4950
3935 4950
3936 4950
3937 4950
3938 4950
3939 4950
3940 4950
3941 4950
3942 4950
3943 4950
3944 4950
3945 4950
3946 4950
3947 4950
3948 4950
3949 4950
3950 4950
3951 4950
3952 4950
3953 4950
3954 4950
3955 4950
3956 4950
3957 4950
3958 4950
3959 4950
3960 4950
3961 4950
3962 4950
3963 4950
3964 4950
3965 4950
3966 4950
3967 4950
3968 4950
3969 4950
3970 4950
3971 4950
3972 4950
3973 4950
3974 4950
3975 4950
3976 4950
3977 4950
3978 4950
3979 4950
3980 4950
3981 4950
3982 4950
3983 4950
3984 4950
3985 4950
3986 4950
3987 4950
3988 4950
3989 4950
3990 4950
3991 4950
3992 4950
3993 4950
3994 4950
3995 4950
3996 4950
3997 4950
3998 4950
3999 4950
4000 4950
4001 4950
4002 4950
4003 4950
4004 4950
4005 4950
4006 4950
4007 4950
4008 4950
4009 4950
4010 4950
4011 4950
4012 4950
4013 4950
4014 4950
4015 4950
4016 4950
4017 4950
4018 4950
4019 4950
4020 4950
4021 4950
4022 4950
4023 4950
4024 4950
4025 4950
4026 4950
4027 4950
4028 4950
4029 4950
4030 4950
4031 4950
4032 4950
4033 4950
4034 4950
4035 4950
4036 4950
4037 4950
4038 4950
4039 4950
4040 4950
4041 4950
4042 4950
4043 4950
4044 4950
4045 4950
4046 4950
4047 4950
4048 4950
4049 4950
4050 4950
4051 4950
4052 4950
4053 4950
4054 4950
4055 4950
4056 4950
4057 4950
4058 4950
4059 4950
4060 4950
4061 4950
4062 4950
4063 4950
4064 4950
4065 4950
4066 4950
4067 4950
4068 4950
4069 4950
4070 4950
4071 4950
4072 4950
4073 4950
4074 4950
4075 4950
4076 4950
4077 4950
4078 4950
4079 4950
4080 4950
4081 4950
4082 4950
4083 4950
4084 4950
4085 4950
4086 4950
4087 4950
4088 4950
4089 4950
4090 4950
4091 4950
4092 4950
4093 4950
4094 4950
4095 4950
4096 4950
4097 4950
4098 4950
4099 4950
4100 4950
4101 4950
4102 4950
4103 4950
4104 4950
4105 4950
4106 4950
4107 4950
4108 4950
4109 4950
4110 4950
4111 4950
4112 4950
4113 4950
4114 4950
4115 4950
4116 4950
4117 4950
4118 4950
4119 4950
4120 4950
4121 4950
4122 4950
4123 4950
4124 4950
4125 4950
4126 4950
4127 4950
4128 4950
4129 4950
4130 4950
4131 4950
4132 4950
4133 4950
4134 4950
4135 4950
4136 4950
4137 4950
4138 4950
4139 4950
4140 4950
4141 4950
4142 4950
4143 4950
4144 4950
4145 4950
4146 4950
4147 4950
4148 4950
4149 4950
4150 4950
4151 4950
4152 4950
4153 4950
4154 4950
4155 4950
4156 4950
4157 4950
4158 4950
4159 4950
4160 4950
4161 4950
4162 4950
4163 4950
4164 4950
4165 4950
4166 4950
4167 4950
4168 4950
4169 4950
4170 4950
4171 4950
4172 4950
4173 4950
4174 4950
4175 4950
4176 4950
4177 4950
4178 4950
4179 4950
4180 4950
4181 4950
4182 4950
4183 4950
4184 4950
4185 4950
4186 4950
4187 4950
4188 4950
4189 4950
4190 4950
4191 4950
4192 4950
4193 4950
4194 4950
4195 4950
4196 4950
4197 4950
4198 4950
4199 4950
4200 4950
4201 4950
4202 4950
4203 4950
4204 4950
4205 4950
4206 4950
4207 4950
4208 4950
4209 4950
4210 4950
4211 4950
4212 4950
4213 4950
4214 4950
4215 4950
4216 4950
4217 4950
4218 4950
4219 4950
4220 4950
4221 4950
4222 4950
4223 4950
4224 4950
4225 4950
4226 4950
4227 4951
4228 4952
4229 4952
4230 4952
4231 4952
4232 4952
4233 4952
4234 4952
4235 4952
4236 4952
4237 4952
4238 4952
4239 4953
4240 4954
4241 4955
4242 4956
4243 4957
4244 4958
4245 4959
4246 4960
4247 4961
4248 4962
4249 4963
4250 4964
4251 4965
4252 4966
4253 4966
4254 4966
4255 4966
4256 4966
4257 4966
4258 4966
4259 4966
4260 4966
4261 4966
4262 4966
4263 4966
4264 4966
4265 4966
4266 4966
4267 4966
4268 4966
4269 4966
4270 4966
4271 4966
4272 4966
4273 4966
4274 4966
4275 4966
4276 4966
4277 4966
4278 4966
4279 4966
4280 4966
4281 4966
4282 4966
4283 4967
4284 4968
4285 4968
4286 4969
4287 4969
4288 4969
4289 4969
4290 4969
4291 4969
4292 4969
4293 4969
4294 4969
4295 4969
4296 4969
4297 4969
4298 4969
4299 4969
4300 4969
4301 4969
4302 4969
4303 4969
4304 4969
4305 4969
4306 4969
4307 4969
4308 4969
4309 4969
4310 4969
4311 4969
4312 4969
4313 4969
4314 4969
4315 4969
4316 4969
4317 4969
4318 4969
4319 4969
4320 4969
4321 4969
4322 4969
4323 4969
4324 4969
4325 4969
4326 4969
4327 4969
4328 4969
4329 4969
4330 4969
4331 4969
4332 4969
4333 4969
4334 4969
4335 4969
4336 4969
4337 4969
4338 4969
4339 4969
4340 4969
4341 4969
4342 4969
4343 4969
4344 4969
4345 4969
4346 4969
4347 4969
4348 4969
4349 4969
4350 4969
4351 4969
4352 4969
4353 4969
4354 4969
4355 4969
4356 4969
4357 4969
4358 4969
4359 4969
4360 4969
4361 4969
4362 4969
4363 4969
4364 4969
4365 4969
4366 4969
4367 4969
4368 4969
4369 4969
4370 4969
4371 4969
4372 4969
4373 4969
4374 4969
4375 4969
4376 4969
4377 4969
4378 4969
4379 4969
4380 4969
4381 4969
4382 4969
4383 4969
4384 4969
4385 4969
4386 4969
4387 4969
4388 4969
4389 4969
4390 4969
4391 4969
4392 4969
4393 4969
4394 4969
4395 4969
4396 4969
4397 4969
4398 4969
4399 4969
4400 4969
4401 4969
4402 4969
4403 4969
4404 4969
4405 4969
4406 4969
4407 4969
4408 4969
4409 4969
4410 4969
4411 4969
4412 4969
4413 4969
4414 4969
4415 4969
4416 4969
4417 4969
4418 4969
4419 4969
4420 4969
4421 4969
4422 4969
4423 4969
4424 4969
4425 4969
4426 4969
4427 4969
4428 4969
4429 4969
4430 4969
4431 4969
4432 4969
4433 4969
4434 4969
4435 4969
4436 4969
4437 4969
4438 4969
4439 4969
4440 4969
4441 4969
4442 4969
4443 4969
4444 4969
4445 4969
4446 4969
4447 4969
4448 4969
4449 4969
4450 4969
4451 4969
4452 4969
4453 4969
4454 4969
4455 4969
4456 4969
4457 4969
4458 4969
4459 4969
4460 4969
4461 4969
4462 4969
4463 4969
4464 4969
4465 4969
4466 4969
4467 4969
4468 4969
4469 4969
4470 4969
4471 4969
4472 4969
4473 4969
4474 4969
4475 4969
4476 4969
4477 4969
4478 4969
4479 4969
4480 4969
4481 4969
4482 4969
4483 4969
4484 4969
4485 4969
4486 4969
4487 4969
4488 4969
4489 4969
4490 4969
4491 4969
4492 4969
4493 4969
4494 4969
4495 4969
4496 4969
4497 4969
4498 4969
4499 4969
4500 4969
4501 4969
4502 4969
4503 4969
4504 4969
4505 4969
4506 4969
4507 4969
4508 4969
4509 4969
4510 4969
4511 4969
4512 4969
4513 4969
4514 4969
4515 4969
4516 4969
4517 4969
4518 4969
4519 4969
4520 4969
4521 4969
4522 4969
4523 4969
4524 4969
4525 4969
4526 4969
4527 4969
4528 4969
4529 4969
4530 4969
4531 4969
4532 4969
4533 4969
4534 4969
4535 4969
4536 4969
4537 4969
4538 4969
4539 4969
4540 4969
4541 4969
4542 4969
4543 4969
4544 4969
4545 4969
4546 4969
4547 4969
4548 4969
4549 4969
4550 4969
4551 4969
4552 4969
4553 4969
4554 4969
4555 4969
4556 4969
4557 4969
4558 4969
4559 4969
4560 4969
4561 4969
4562 4969
4563 4969
4564 4969
4565 4969
4566 4969
4567 4969
4568 4969
4569 4969
4570 4969
4571 4969
4572 4969
4573 4969
4574 4969
4575 4969
4576 4969
4577 4969
4578 4969
4579 4969
4580 4969
4581 4969
4582 4969
4583 4969
4584 4969
4585 4969
4586 4970
4587 4970
4588 4970
4589 4970
4590 4970
4591 4970
4592 4970
4593 4970
4594 4970
4595 4970
4596 4970
4597 4970
4598 4970
4599 4970
4600 4970
4601 4970
4602 4970
4603 4970
4604 4970
4605 4970
4606 4970
4607 4970
4608 4970
4609 4970
4610 4970
4611 4970
4612 4970
4613 4970
4614 4970
4615 4970
4616 4970
4617 4970
4618 4970
4619 4970
4620 4970
4621 4970
4622 4970
4623 4970
4624 4970
4625 4970
4626 4970
4627 4970
4628 4970
4629 4970
4630 4970
4631 4970
4632 4970
4633 4970
4634 4970
4635 4970
4636 4970
4637 4970
4638 4970
4639 4970
4640 4970
4641 4970
4642 4970
4643 4970
4644 4970
4645 4970
4646 4970
4647 4970
4648 4970
4649 4970
4650 4970
4651 4971
4652 4972
4653 4973
4654 4974
4655 4974
4656 4974
4657 4975
4658 4975
4659 4975
4660 4975
4661 4975
4662 4975
4663 4975
4664 4975
4665 4975
4666 4975
4667 4975
4668 4975
4669 4975
4670 4976
4671 4976
4672 4976
4673 4976
4674 4976
4675 4976
4676 4976
4677 4976
4678 4976
4679 4976
4680 4976
4681 4977
4682 4978
4683 4978
4684 4978
4685 4978
4686 4978
4687 4979
4688 4980
4689 4980
4690 4980
4691 4980
4692 4980
4693 4980
4694 4980
4695 4980
4696 4980
4697 4980
4698 4980
4699 4980
4700 4980
4701 4980
4702 4980
4703 4980
4704 4980
4705 4980
4706 4980
4707 4980
4708 4980
4709 4980
4710 4980
4711 4980
4712 4980
4713 4980
4714 4980
4715 4980
4716 4980
4717 4980
4718 4980
4719 4980
4720 4980
4721 4980
4722 4980
4723 4980
4724 4980
4725 4980
4726 4980
4727 4980
4728 4980
4729 4980
4730 4980
4731 4980
4732 4980
4733 4980
4734 4980
4735 4980
4736 4980
4737 4980
4738 4980
4739 4980
4740 4980
4741 4980
4742 4980
4743 4980
4744 4980
4745 4980
4746 4980
4747 4980
4748 4980
4749 4980
4750 4980
4751 4980
4752 4980
4753 4980
4754 4980
4755 4980
4756 4980
4757 4980
4758 4980
4759 4980
4760 4980
4761 4980
4762 4980
4763 4980
4764 4980
4765 4980
4766 4980
4767 4980
4768 4980
4769 4980
4770 4980
4771 4980
4772 4980
4773 4980
4774 4980
4775 4980
4776 4980
4777 4980
4778 4980
4779 4980
4780 4980
4781 4980
4782 4980
4783 4980
4784 4980
4785 4980
4786 4980
4787 4980
4788 4980
4789 4980
4790 4980
4791 4980
4792 4980
4793 4980
4794 4980
4795 4980
4796 4980
4797 4980
4798 4980
4799 4980
4800 4980
4801 4980
4802 4980
4803 4980
4804 4980
4805 4980
4806 4980
4807 4980
4808 4980
4809 4980
4810 4980
4811 4980
4812 4980
4813 4980
4814 4980
4815 4980
4816 4980
4817 4980
4818 4980
4819 4980
4820 4980
4821 4980
4822 4980
4823 4980
4824 4980
4825 4980
4826 4980
4827 4980
4828 4980
4829 4980
4830 4980
4831 4980
4832 4980
4833 4980
4834 4980
4835 4980
4836 4980
4837 4980
4838 4980
4839 4980
4840 4980
4841 4980
4842 4980
4843 4980
4844 4980
4845 4980
4846 4980
4847 4980
4848 4980
4849 4980
4850 4980
4851 4980
4852 4980
4853 4980
4854 4980
4855 4980
4856 4980
4857 4980
4858 4980
4859 4980
4860 4980
4861 4980
4862 4980
4863 4980
4864 4980
4865 4980
4866 4980
4867 4980
4868 4980
4869 4980
4870 4980
4871 4980
4872 4980
4873 4980
4874 4980
4875 4980
4876 4980
4877 4980
4878 4980
4879 4980
4880 4980
4881 4980
4882 4980
4883 4980
4884 4980
4885 4980
4886 4980
4887 4980
4888 4980
4889 4980
4890 4980
4891 4980
4892 4980
4893 4980
4894 4980
4895 4980
4896 4980
4897 4980
4898 4980
4899 4980
4900 4980
4901 4980
4902 4980
4903 4980
4904 4980
4905 4980
4906 4980
4907 4980
4908 4980
4909 4980
4910 4980
4911 4980
4912 4980
4913 4980
4914 4980
4915 4980
4916 4980
4917 4980
4918 4980
4919 4980
4920 4980
4921 4980
4922 4980
4923 4980
4924 4980
4925 4980
4926 4980
4927 4980
4928 4980
4929 4980
4930 4980
4931 4980
4932 4980
4933 4980
4934 4980
4935 4980
4936 4980
4937 4980
4938 4980
4939 4980
4940 4980
4941 4980
4942 4980
4943 4980
4944 4980
4945 4980
4946 4980
4947 4980
4948 4980
4949 4980
4950 4980
4951 4980
4952 4980
4953 4980
4954 4980
4955 4980
4956 4980
4957 4980
4958 4980
4959 4980
4960 4980
4961 4980
4962 4980
4963 4980
4964 4980
4965 4980
4966 4980
4967 4980
4968 4980
4969 4980
4970 4980
4971 4980
4972 4980
4973 4980
4974 4980
4975 4980
4976 4980
4977 4980
4978 4980
4979 4980
4980 4980
4981 4981
4982 4982
4983 4983
4984 4984
4985 4985
4986 4986
4987 4987
4988 4988
4989 4989
4990 4990
4991 4991
4992 4992
4993 4993
4994 4994
4995 4995
4996 4996
4997 4997
4998 4998
4999 4999
